#lambda/nm	C1
208.295	468.2
208.67	429.6
209.045	389.2
209.419	399.8
209.794	552.4
210.169	548.2
210.544	658.6
210.919	553.4
211.295	548.2
211.67	567.6
212.045	563
212.421	562.6
212.796	590.4
213.172	550.6
213.547	555
213.923	555.6
214.299	555.2
214.675	564.6
215.051	569.2
215.427	567.4
215.803	573.8
216.179	566.6
216.555	558.8
216.932	571.2
217.308	568.4
217.684	563.6
218.061	568.8
218.438	563.4
218.814	558.4
219.191	566.4
219.568	559
219.945	553.2
220.322	574.8
220.699	568.6
221.076	572.2
221.453	567.6
221.83	562.6
222.208	557.4
222.585	553.2
222.962	551.6
223.34	568.8
223.717	560.2
224.095	568.6
224.473	560.2
224.851	556
225.229	551.8
225.607	571.4
225.985	561.6
226.363	561.6
226.741	567.2
227.119	550.4
227.497	572.2
227.876	546.8
228.254	578.8
228.633	575.2
229.011	567.8
229.39	565.4
229.769	559.4
230.148	571.8
230.527	581.8
230.905	565.4
231.284	561.4
231.664	565.4
232.043	574.8
232.422	569.6
232.801	562
233.181	569.8
233.56	554
233.94	567.6
234.319	555.6
234.699	565.8
235.079	599
235.458	601.4
235.838	577.6
236.218	556.8
236.598	549.8
236.978	546.8
237.358	552
237.738	556.6
238.119	570.8
238.499	557.2
238.88	567.8
239.26	573
239.641	549.6
240.021	560.4
240.402	559.6
240.783	557.2
241.163	559.2
241.544	566.2
241.925	572.2
242.306	572.6
242.687	562.6
243.069	565.6
243.45	563.2
243.831	554
244.212	558.4
244.594	590.8
244.975	556.4
245.357	555.4
245.739	554.8
246.12	558
246.502	564.8
246.884	560.6
247.266	560.8
247.648	563.4
248.03	580
248.412	555.6
248.794	573.4
249.176	553.6
249.559	578.2
249.941	550.8
250.323	552.4
250.706	552.6
251.089	564
251.471	567.4
251.854	565
252.237	564
252.62	576
253.002	567.6
253.385	571
253.769	577
254.152	563.8
254.535	567.6
254.918	553.4
255.301	557.2
255.685	564.4
256.068	556.8
256.452	586.6
256.835	573
257.219	568.8
257.603	569
257.986	558.2
258.37	565
258.754	559
259.138	562.6
259.522	574.2
259.906	551
260.29	562.8
260.675	565.4
261.059	567.8
261.443	554.4
261.828	565.8
262.212	561.6
262.597	549
262.981	561.4
263.366	567.8
263.751	562.2
264.136	556
264.521	558.4
264.906	556.4
265.291	572
265.676	563.4
266.061	569
266.446	576.4
266.831	571.6
267.217	592.6
267.602	562
267.987	574
268.373	565.2
268.759	568
269.144	570
269.53	559.4
269.916	560.2
270.302	560
270.688	571.6
271.074	556.8
271.46	571
271.846	588.6
272.232	566.6
272.618	565
273.004	560.6
273.391	571
273.777	574.6
274.164	565.8
274.55	574
274.937	563.2
275.324	561.6
275.71	568.4
276.097	568.4
276.484	561.4
276.871	564.2
277.258	567.4
277.645	558.8
278.032	568
278.419	568.6
278.807	567.6
279.194	560.6
279.581	553.8
279.969	566
280.356	561
280.744	563.6
281.131	584.4
281.519	573
281.907	565.2
282.295	561.6
282.682	576.6
283.07	567
283.458	575.8
283.846	572
284.235	571.4
284.623	580.8
285.011	555.2
285.399	566.4
285.788	566.8
286.176	558.2
286.565	573.4
286.953	567.2
287.342	560
287.731	555.2
288.119	555.8
288.508	556.4
288.897	558.8
289.286	549.2
289.675	558
290.064	569.4
290.453	559.8
290.821	568.6
291.21	577
291.599	563.6
291.989	569.6
292.378	566.4
292.768	589.4
293.157	568.4
293.547	579.4
293.936	550.6
294.326	559.2
294.716	562.8
295.106	562
295.496	575.8
295.886	571.4
296.276	556.4
296.666	555.6
297.056	559.8
297.446	554.4
297.836	578.4
298.227	569.2
298.617	561.6
299.008	578
299.398	561.8
299.789	560.6
300.179	570.6
300.57	582.6
300.961	563.6
301.352	557.4
301.742	566.8
302.133	569.4
302.524	571
302.915	562.6
303.307	553.8
303.698	569
304.089	578.4
304.48	565
304.872	580.6
305.263	565
305.655	554
306.046	567.4
306.438	570
306.829	566.4
307.221	577.2
307.613	565.2
308.005	577.4
308.397	578.4
308.789	581.2
309.181	589.6
309.573	580.6
309.965	573.4
310.357	555
310.749	556
311.142	558
311.534	570.8
311.926	572.4
312.319	563.4
312.711	556.4
313.104	574.8
313.497	565.2
313.889	597.6
314.282	583.2
314.675	594.4
315.068	562
315.461	571.4
315.854	595.8
316.247	572.2
316.64	575.6
317.033	561
317.405	567.4
317.798	556
318.192	560.8
318.585	561.6
318.979	557.2
319.372	548.8
319.766	559
320.16	572.4
320.553	574
320.947	582
321.341	558.6
321.735	562.4
322.129	549
322.523	583.6
322.917	559.8
323.311	575.2
323.705	562.2
324.099	563.6
324.494	577
324.888	576.2
325.282	559
325.677	570.8
326.071	582.4
326.466	571
326.861	572.2
327.255	571.8
327.65	577.2
328.045	571.8
328.44	568
328.835	568.4
329.23	557.2
329.625	597.2
330.02	564.6
330.415	590
330.81	577.8
331.206	567
331.601	561.6
331.996	574.8
332.37	575.2
332.766	555.4
333.161	590.6
333.557	568.8
333.953	563.2
334.348	842.8
334.744	567.2
335.14	560.2
335.536	559.2
335.932	570.4
336.328	561.2
336.724	581.4
337.12	565.4
337.516	567.4
337.913	562.4
338.309	574.2
338.705	565.4
339.102	571.8
339.498	551.8
339.895	577
340.291	563.2
340.688	578.4
341.085	567.2
341.481	557
341.878	560.2
342.275	571.4
342.672	554
343.069	551
343.466	540.4
343.842	565
344.239	558.6
344.636	558.6
345.033	547.2
345.431	554.4
345.828	557.6
346.225	556.2
346.623	589.8
347.02	563.2
347.418	576.6
347.816	570.4
348.213	555
348.611	571
349.009	558.6
349.407	578.2
349.805	550
350.203	553.6
350.601	573.4
350.999	564.6
351.397	621.6
351.795	561
352.193	559.2
352.57	566.4
352.969	571.6
353.367	552.8
353.766	553
354.164	557.8
354.563	575.8
354.961	564.8
355.36	561
355.759	566.8
356.158	555.4
356.557	561.8
356.956	549.6
357.355	553.6
357.754	559.4
358.153	564.4
358.552	582.4
358.951	557.2
359.35	562.6
359.75	552.2
360.149	548
360.527	548
360.926	551.8
361.326	561.8
361.726	554.2
362.125	551.8
362.525	573.6
362.925	554.4
363.325	564.2
363.724	558.6
364.124	548
364.524	551.8
364.924	565.4
365.324	567.2
365.725	552
366.125	563.2
366.525	555.8
366.904	558.4
367.304	548.2
367.705	574.8
368.105	575.6
368.506	557
368.906	559.2
369.307	558
369.708	558.2
370.108	539.2
370.509	573.8
370.91	551
371.311	563.4
371.712	557
372.113	550.6
372.514	546.2
372.894	553.6
373.295	552.4
373.696	570
374.097	565
374.499	591.2
374.9	558.2
375.301	549
375.703	560.6
376.105	555
376.506	560
376.908	559.2
377.309	559.4
377.711	551.6
378.113	548.8
378.493	567
378.895	554.6
379.297	566.8
379.699	543
380.102	557.6
380.504	546.4
380.906	545.6
381.308	579.8
381.71	555.8
382.113	556
382.515	550.6
382.918	559.2
383.299	555.6
383.701	556.8
384.104	556.4
384.507	542.2
384.909	549.6
385.312	536.4
385.715	546.2
386.118	557.4
386.521	541.8
386.924	560.4
387.327	550.4
387.709	547.4
388.112	538.8
388.515	550.4
388.918	544.8
389.322	559.2
389.725	552.2
390.129	574.8
390.532	552.8
390.936	553.8
391.339	549
391.743	554.6
392.125	550.4
392.529	567.2
392.933	567.6
393.337	555.8
393.74	555
394.144	557.8
394.548	548.2
394.953	560.4
395.357	566.2
395.761	551.8
396.144	562.2
396.548	548.8
396.952	551.8
397.357	549.6
397.761	551.6
398.166	552.6
398.57	550.4
398.975	549.6
399.379	563.2
399.763	602
400.168	550.6
400.572	558.6
400.977	549
401.382	577
401.787	566
402.192	572.2
402.597	565.4
403.002	550.8
403.386	564.4
403.791	575.6
404.197	552
404.602	555.8
405.007	550.4
405.413	554.4
405.818	553.8
406.224	548.8
406.608	551.4
407.014	546.8
407.42	568.4
407.825	554
408.231	562.2
408.637	562.4
409.043	571.6
409.449	546.6
409.834	547.8
410.24	554
410.646	560
411.052	558.2
411.458	556.4
411.865	567
412.271	568
412.677	558.6
413.062	558.4
413.469	540.4
413.875	579.6
414.282	571.4
414.689	557.4
415.095	557.6
415.502	552.8
415.888	549.4
416.294	538.4
416.701	586.6
417.108	555.6
417.515	564.4
417.923	557.4
418.33	574.6
418.715	563.6
419.123	553.8
419.53	550.4
419.937	557.8
420.345	569.4
420.752	560
421.16	565.8
421.546	551.2
421.953	565
422.361	549
422.769	552.2
423.177	553
423.585	583.4
423.992	575.6
424.379	563.6
424.787	559.4
425.195	577
425.603	550
426.011	564.8
426.419	575.2
426.806	560
427.214	555
427.623	571
428.031	568.8
428.44	561.8
428.848	571.4
429.235	567.4
429.644	564.2
430.053	553.8
430.461	573.4
430.87	587
431.279	566
431.666	552.4
432.075	561.6
432.484	567.2
432.893	559
433.302	576.2
433.711	597.8
434.099	572.6
434.508	562
434.918	559.4
435.327	575
435.737	573.6
436.125	572.4
436.534	584
436.944	575.4
437.353	589.4
437.763	609
438.173	581.4
438.561	597.6
438.971	570.8
439.381	592
439.791	595
440.201	580.8
440.589	594.6
440.999	606.2
441.409	608.8
441.819	601.6
442.23	623
442.619	621.6
443.029	617.2
443.439	623.2
443.85	624.2
444.26	638.8
444.649	635.4
445.06	632.6
445.471	626
445.881	641.6
446.292	650.8
446.682	649.4
447.092	635.8
447.503	687.4
447.914	646.6
448.325	655.6
448.715	642
449.126	645.8
449.537	644.6
449.948	656.6
450.338	643.6
450.75	661.2
451.161	648.4
451.572	655.4
451.984	651.4
452.374	644
452.786	653.8
453.197	662.2
453.609	667
453.999	653.4
454.411	653.2
454.823	669.4
455.235	659
455.647	651.6
456.037	667
456.449	665.8
456.862	655.2
457.274	671.8
457.665	660.8
458.077	671.6
458.489	701.6
458.902	667.4
459.293	667.2
459.705	674.8
460.118	663.6
460.53	661.8
460.921	671.8
461.334	670.8
461.747	676.6
462.16	689.2
462.551	686.6
462.964	677.2
463.377	668.8
463.79	663.8
464.182	674
464.595	660
465.008	680
465.421	675.6
465.813	671
466.226	684.2
466.64	668.2
467.053	722.2
467.445	689.2
467.859	695.4
468.272	682.6
468.686	685.6
469.078	679
469.492	675.6
469.906	684
470.298	685.4
470.712	683
471.126	693.4
471.54	655.6
471.933	673.6
472.347	676.4
472.761	679
473.175	674
473.568	672.6
473.982	669.2
474.397	679.2
474.79	686
475.204	680.8
475.619	681.4
476.033	680.2
476.426	678.2
476.841	677
477.256	703.4
477.649	672.8
478.064	662.8
478.479	672
478.872	665.2
479.287	656.2
479.702	669.2
480.118	679.2
480.511	663.6
480.927	668.6
481.342	658.2
481.736	673.8
482.151	668.4
482.566	682
482.96	670
483.376	679.2
483.792	662.4
484.186	670.4
484.602	663.2
485.017	677
485.412	671.6
485.827	662.4
486.243	676.4
486.638	687.4
487.054	675.4
487.47	675
487.865	660.2
488.281	660
488.697	666.8
489.092	664.6
489.508	657.4
489.925	670
490.32	657.8
490.736	664.4
491.153	665
491.548	661
491.964	668.6
492.381	649.8
492.776	657.2
493.193	655.4
493.61	665.2
494.006	662.8
494.422	658.4
494.84	642.8
495.235	656
495.652	660
496.069	643.6
496.465	638.6
496.883	648.8
497.3	670.8
497.696	647
498.113	647.2
498.509	627.8
498.927	634.8
499.344	642.8
499.741	635.4
500.158	644.8
500.576	635.2
500.973	637.2
501.39	629.2
501.787	628.4
502.205	639.4
502.623	640.8
503.02	626.4
503.438	626
503.856	629.4
504.253	634
504.671	641.4
505.068	622.6
505.486	632
505.905	648.2
506.302	639.4
506.72	636.4
507.118	618.2
507.536	628.8
507.955	626.8
508.352	618.4
508.771	629
509.169	634.4
509.587	617.8
510.006	622
510.404	615.4
510.823	614.2
511.221	612.2
511.64	613.4
512.038	626
512.457	616.4
512.877	611.6
513.275	606.4
513.694	609.6
514.092	611.2
514.512	613
514.91	606.4
515.33	614.8
515.749	615.8
516.148	608
516.568	623.2
516.966	617.4
517.386	614.8
517.785	607.4
518.205	602.4
518.603	604.6
519.024	602.4
519.444	601.6
519.843	617.8
520.263	608.2
520.662	614.6
521.082	596.8
521.481	608.8
521.902	596
522.301	599
522.722	598.8
523.121	605.8
523.542	602.4
523.963	603.4
524.362	599.2
524.783	599.6
525.183	597.4
525.604	600.6
526.003	590.8
526.425	593.6
526.824	604.4
527.246	602.4
527.646	606.6
528.067	594.4
528.467	593.2
528.888	592.6
529.289	592
529.71	587.8
530.11	588.8
530.532	588.8
530.932	582.2
531.354	573
531.755	620
532.176	601.6
532.577	583
532.999	587.6
533.4	585
533.822	595.2
534.223	591.2
534.645	580.4
535.046	580.2
535.468	574.8
535.869	590.8
536.292	566.8
536.693	610.2
537.115	577.6
537.516	573.2
537.939	577
538.34	600.6
538.742	588
539.165	582.6
539.566	583.2
539.989	568
540.391	569.6
540.814	579
541.216	582.2
541.639	575.8
542.041	580
542.464	569
542.866	572.6
543.268	572.4
543.691	581.8
544.093	579.8
544.517	592.4
544.919	562.6
545.343	601.6
545.745	566.2
546.147	573.8
546.571	575
546.974	564.8
547.398	578.4
547.8	588.8
548.224	567.6
548.627	565
549.03	576.8
549.454	557.6
549.857	568.8
550.281	563.4
550.684	568.4
551.087	577.8
551.512	569.6
551.915	575.6
552.34	563.4
552.743	571.6
553.146	569.4
553.571	566.2
553.975	587.2
554.399	560.8
554.803	610
555.207	565.2
555.632	567.8
556.036	572
556.461	557.6
556.865	577.6
557.268	566.4
557.694	571
558.098	573
558.502	567
558.927	564.4
559.332	571.4
559.736	566
560.162	568.2
560.566	559.4
560.992	572
561.396	569
561.801	564.4
562.227	564.2
562.631	552.6
563.036	561.6
563.462	566
563.867	559.4
564.272	550.8
564.698	562.6
565.103	559.2
565.508	581.2
565.935	561
566.34	558
566.745	568.2
567.172	559.6
567.577	583.2
567.982	571.4
568.409	559.2
568.815	548.8
569.22	566.2
569.626	564.6
570.053	552
570.459	564
570.865	561.4
571.292	562.6
571.698	569.8
572.104	545
572.531	558.8
572.937	564.8
573.343	554.2
573.75	554.4
574.177	558
574.583	568
574.99	550.2
575.396	564.4
575.824	553.8
576.231	562.2
576.637	550
577.065	571.8
577.472	543.2
577.879	559.8
578.286	566.6
578.714	543
579.121	549
579.528	563.6
579.935	559.6
580.364	547.8
580.771	543.4
581.178	545.6
581.585	551.8
582.014	557.8
582.421	543.8
582.829	541.8
583.236	556
583.644	550
584.073	553.2
584.481	554
584.889	544.4
585.296	551.4
585.726	558.8
586.134	546.4
586.542	545.8
586.95	570.4
587.358	544.4
587.787	548.2
588.196	556
588.604	549.4
589.012	550
589.421	548.6
589.851	548.8
590.259	546.6
590.668	545.8
591.076	584.4
591.485	549.6
591.894	546.4
592.324	562.2
592.733	566.2
593.142	544.8
593.551	543.2
593.96	582.2
594.369	527.8
594.8	544.8
595.209	552
595.618	537.6
596.028	540.4
596.437	538
596.847	543.6
597.256	542.2
597.687	556.8
598.097	539.8
598.507	542.2
598.917	547.2
599.327	556.2
599.736	549
600.146	556.8
600.556	550.2
600.988	557.8
601.398	542.8
601.808	551.8
602.219	535.8
602.629	541.6
603.039	541.6
603.45	567.8
603.86	552.8
604.271	548.6
604.703	544.2
605.114	546.8
605.525	556
605.935	549.8
606.346	563.4
606.757	557.8
607.168	546.8
607.579	539.2
607.99	549.8
608.402	544.6
608.813	547.4
609.224	548
609.636	529.6
610.047	543.6
610.48	544
610.892	553.4
611.303	548.4
611.715	542.8
612.127	530
612.539	537.6
612.95	543.4
613.362	541.4
613.774	536.4
614.186	545.8
614.599	538.6
615.011	554.4
615.423	542.4
615.835	539.4
616.248	538.8
616.66	548.2
617.073	539.4
617.485	539.4
617.898	557.8
618.311	543.8
618.723	545.8
619.136	571.4
619.549	560.8
619.962	566.8
620.375	541.2
620.788	553.8
621.201	541.4
621.614	548
622.028	535
622.441	541.6
622.854	561.2
623.268	542.2
623.681	544.6
624.095	545.6
624.509	551
624.922	550.4
625.336	537.6
625.728	545
626.142	549.2
626.556	558.6
626.97	551.6
627.384	543.6
627.799	541
628.213	548.6
628.627	543.2
629.041	540.6
629.456	538.4
629.87	546.4
630.285	554.2
630.699	550.6
631.093	542.8
631.507	551.2
631.922	547.8
632.337	551.4
632.752	544.8
633.167	538.4
633.582	535.2
633.997	533.4
634.412	534
634.806	540.6
635.221	526.8
635.637	551.6
636.052	528.2
636.468	537.6
636.883	556
637.299	536.6
637.715	531.2
638.109	537.6
638.525	531.8
638.941	554.8
639.357	548.8
639.773	551.6
640.189	525.6
640.584	534.6
641	546
641.416	534.2
641.832	543.2
642.249	547
642.665	531.6
643.06	551.2
643.477	554
643.894	527
644.31	543.2
644.727	546.4
645.123	536.8
645.54	537.6
645.957	543
646.374	562.4
646.77	545.2
647.187	561.6
647.604	538.4
648.021	523
648.439	542
648.835	539.6
649.252	537
649.67	537.8
650.088	546.8
650.484	542.8
650.902	543
651.32	542.6
651.738	539
652.134	545.2
652.552	551.4
652.971	545.2
653.389	535
653.786	556.6
654.204	555.8
654.622	527.2
655.019	541.4
655.438	547.6
655.857	530.4
656.275	537.6
656.673	531.4
657.091	549
657.51	536.4
657.908	542.2
658.327	551.8
658.746	520.8
659.144	534.2
659.563	544.6
659.982	536
660.38	531.2
660.8	534.2
661.219	548.4
661.617	545
662.037	540.8
662.457	555
662.855	525
663.275	559
663.695	538.4
664.094	537.4
664.514	529.8
664.934	535
665.333	544.2
665.753	540.8
666.152	531.4
666.572	531.6
666.993	546.2
667.392	535
667.812	544.4
668.212	529.8
668.632	543.8
669.053	534.6
669.453	540
669.874	534.4
670.273	533.2
670.694	532.4
671.116	551.2
671.515	546.6
671.937	539.2
672.337	529.4
672.758	534.8
673.158	545
673.58	524.8
673.98	536
674.402	556
674.824	531
675.224	531.2
675.646	530.8
676.047	526
676.469	535.4
676.869	541.6
677.292	539
677.693	531.8
678.115	532.8
678.516	538.8
678.939	543
679.34	539.2
679.762	546
680.164	540.6
680.586	528.2
680.988	539.2
681.411	556.6
681.812	539
682.236	529.4
682.637	527.2
683.061	531.6
683.462	533.4
683.864	538.2
684.288	548.2
684.69	526.6
685.114	549.6
685.516	543.6
685.94	526.8
686.342	547.2
686.766	526.4
687.168	537.4
687.571	557.4
687.995	547.6
688.398	533.2
688.822	534.8
689.225	537
689.628	554.2
690.052	539.6
690.456	542.2
690.88	529.6
691.284	526.2
691.687	539.4
692.112	522
692.515	526
692.919	535.8
693.344	545.4
693.747	532
694.173	533.8
694.577	546.4
694.98	534.4
695.406	533.2
695.81	538.4
696.214	540.4
696.64	540.6
697.044	540.6
697.448	545
697.874	532.2
698.279	530
698.684	533.8
699.11	527.8
699.514	533.2
699.919	537.2
700.324	522.2
700.75	543.4
701.156	536.4
701.561	552
701.987	544.2
702.393	542.8
702.798	545.4
703.203	540.2
703.63	529.4
704.036	527.8
704.442	529.8
704.847	527.2
705.274	524.8
705.68	535.6
706.086	538.6
706.492	520.4
706.92	528.2
707.326	544.6
707.732	527.4
708.139	528.6
708.545	518.8
708.973	525
709.38	525
709.786	524.6
710.193	540.2
710.6	530.8
711.028	534.4
711.435	536.2
711.842	526.6
712.249	529.4
712.656	535.2
713.064	543
713.492	531.8
713.9	524.8
714.307	537
714.715	533.6
715.123	535.2
715.53	534.2
715.938	545.6
716.367	537.8
716.775	527.8
717.184	519.4
717.592	535.2
718	536.6
718.408	562.8
718.816	575
719.225	534.6
719.633	541.8
720.042	523.2
720.472	535.4
720.881	538.4
721.29	532.8
721.699	523.2
722.108	536.4
722.517	528.8
722.926	533
723.335	544.2
723.744	528.2
724.154	530.6
724.563	533.6
724.973	542.8
725.382	536.6
725.792	535.6
726.202	519
726.612	550
727.022	531
727.432	525.4
779.813	527.2
780.223	564.6
780.634	531.6
781.044	521.6
781.454	531.4
781.865	544.6
782.276	520.8
782.686	535.6
783.097	527.2
783.508	532
783.919	535.8
784.33	539.6
784.741	541.4
785.152	530.2
785.563	515.8
785.974	528
786.386	537.8
786.776	527.4
787.188	533.2
787.599	524.4
788.011	531
788.423	533.2
788.835	533.2
789.247	521.6
789.659	522.2
790.071	522.4
790.483	562.4
790.874	529
791.286	533.6
791.699	522.6
792.111	535
792.524	521
792.937	531.8
793.349	522.6
793.741	522.2
794.154	527.8
794.567	543.6
794.98	530.6
795.393	524.6
795.785	541.8
796.198	526
796.612	530.6
797.026	533
797.439	516.8
797.831	529.2
798.245	516.6
798.659	525.2
799.073	515.6
799.487	524
799.88	529.6
800.294	528.8
800.708	533.4
801.123	531.8
801.516	546.6
801.93	520
802.345	510.6
802.76	535.4
803.153	543.4
803.568	537.6
803.983	544.6
804.377	532.6
804.792	523
805.207	520.4
805.601	525.2
806.016	562.4
806.432	524
806.826	562.8
807.242	541
807.658	535.8
808.052	525.2
808.468	529.6
808.884	522.6
809.279	529
809.695	543.2
810.111	561.6
810.506	538.8
810.922	548
811.339	515.6
811.734	540.6
812.151	529
812.546	521
812.963	525.4
813.38	538.2
813.776	532.4
814.193	549
814.589	519
815.006	532.4
815.402	525.2
815.82	527
816.237	531.6
816.633	535.2
817.051	520.2
817.448	537.2
817.866	525.2
818.262	547
818.68	521.8
819.077	524
819.495	528.2
819.892	565.8
820.311	524
820.708	525.6
821.127	530.8
821.524	534
821.943	534.8
822.34	545.4
822.759	527.6
823.157	525.8
823.576	530.8
823.974	531.8
824.393	577.8
824.791	524.2
825.189	521.2
825.609	534
826.007	533.4
826.427	522
826.826	519.2
827.246	531.4
827.644	513.2
828.043	535.4
828.463	528.4
828.862	535.6
829.261	534
829.682	515
830.081	536.2
830.502	517.8
830.901	531
831.301	551.8
831.722	512.8
832.121	531
832.521	526.6
832.943	527.8
833.342	537.2
833.742	528
834.164	515.6
834.564	527
834.965	524.4
835.386	521.2
835.787	527
836.188	529
836.588	524.6
837.01	523.2
837.411	527
837.812	536.4
838.213	534.2
838.636	529.6
839.037	585.6
839.438	520
839.84	529.8
840.263	531
840.664	528.2
841.066	528.8
841.468	539.8
841.891	516.6
842.293	538.6
842.695	526.8
843.098	539.2
843.5	522.2
843.902	532.4
844.326	533.8
844.729	531.6
845.131	539.4
845.534	535.6
845.937	536.8
846.34	540.2
846.764	523
847.167	532.8
847.571	524.8
847.974	522.2
848.377	518.4
848.781	573.4
849.184	543
849.588	530
849.992	524.6
850.396	530.4
850.821	547
851.225	532.4
851.63	517.2
852.034	529.4
852.438	537.8
852.843	588.2
853.247	529.2
853.652	513.6
854.057	537.8
854.462	526
854.867	524.2
855.272	551
855.677	527.6
856.082	522.4
856.487	524.8
856.893	528
857.298	525.2
857.704	526.6
858.11	529.8
858.516	529.4
858.922	528
859.328	541.8
859.734	531.2
860.14	530.4
860.525	525.4
860.931	526.8
861.338	522.6
861.745	536
862.151	544.4
862.558	528
862.965	518.6
863.372	525.6
863.779	524.6
864.186	545.8
864.572	529.6
864.98	544.2
865.387	552.4
865.795	521.8
866.203	522.4
866.61	521.6
867.018	530.6
867.405	536.2
867.813	525
868.221	526.6
868.63	527
869.038	530.2
869.425	563.2
869.834	530.2
870.243	520
870.652	515.4
871.039	514.2
871.448	519
871.857	527.4
872.266	533.8
872.654	522.6
873.064	519.8
873.473	536.4
873.883	523
874.271	522.6
874.681	533.8
875.091	500.8
875.48	528.8
875.89	537.4
876.3	523.2
876.689	520.6
877.1	520.8
877.51	530.6
877.9	543.2
878.31	521
878.721	548
879.111	656.8
879.522	528.2
879.933	507.4
880.323	522.8
880.734	523.2
881.125	520.4
881.536	517.8
881.948	520.6
882.338	525.2
882.75	531.4
883.141	515.8
883.553	526
883.944	547.6
884.356	528
884.769	522
885.16	530
885.573	528.4
885.964	525
886.377	521.6
886.768	519.2
887.181	525.4
887.573	520.2
887.987	534.4
888.378	541
888.792	536.6
889.184	570.6
889.598	512.4
889.99	528.8
890.383	519
890.797	521
891.19	538
891.604	525.8
891.997	521.8
892.411	515.4
892.805	516.6
893.198	528.6
893.613	517
894.006	520.8
894.421	511.6
894.815	521.6
895.209	521.8
895.624	562.6
896.018	543
896.412	525
896.828	525.4
897.222	524.6
897.617	530.2
898.033	541
898.427	526.8
898.822	525
899.239	515.6
899.634	512.8
900.029	533.6
900.424	521
900.841	518.6
901.236	536.4
901.632	535.2
902.027	573.2
902.445	531.8
902.841	529.4
903.237	527.2
903.633	537
904.05	525.2
904.447	530.6
904.843	532.4
905.24	529.6
905.636	514.2
906.033	528.6
906.451	529.2
906.848	517.6
907.246	527.4
907.643	520
908.04	531
908.438	547.6
908.835	526.4
909.254	524.6
909.652	535.6
910.05	528
910.448	522.6
910.846	524.2
911.244	517.4
911.643	522.2
912.041	520.4
912.44	539
912.839	519.6
913.237	529.2
913.636	523.8
914.035	530
914.434	524
914.834	528.2
915.233	541.2
915.633	516.6
916.032	527
916.432	513.6
916.832	537
917.232	515
917.632	514
918.032	525.8
918.432	525
918.833	518.2
919.233	522.2
919.634	513
920.035	528
920.436	516.2
920.837	525.4
921.238	525
921.639	515.8
922.019	520.8
922.42	530.2
922.822	532.2
923.224	527.8
923.625	521.8
924.027	525
924.429	532.4
924.81	521
925.212	530.8
925.615	522.2
926.017	533.4
926.42	536.8
926.801	521.2
927.204	523.4
927.607	536.2
928.01	536.2
928.413	525.2
928.795	511.8
929.199	523
929.602	520.2
930.006	517.4
930.388	515.2
930.792	524.6
931.196	533
931.579	549
931.983	522.6
932.388	559.2
932.771	523.2
933.176	517.6
933.58	525.8
933.964	537.6
934.369	515
934.774	532.8
935.158	525.8
935.563	521
935.947	520.8
936.353	535.2
936.759	527.4
937.143	531.8
937.549	525.4
937.934	535.4
938.34	539.8
938.746	516.8
939.131	521.4
939.538	514.4
939.923	525.6
940.33	518.6
940.716	531
941.123	529.2
941.508	525.4
941.916	541.8
942.302	529
942.709	516.2
943.096	524.8
943.503	521.6
943.89	526.6
944.298	516.8
944.685	551.2
945.072	518.6
945.48	530.6
945.867	519.4
946.276	518
946.663	536
947.051	529.8
947.46	536
947.848	521.6
948.257	518
948.645	522.4
949.033	514.2
949.443	523.2
949.831	546
950.22	519
950.63	524.8
951.018	550.6
951.407	529.4
951.796	516.8
952.207	530.4
952.596	528.8
952.985	509.6
953.375	555.4
953.786	525.8
954.176	518.4
954.566	530
954.956	514
955.367	530.6
955.758	546
956.148	521.6
956.539	527.2
956.929	523.6
957.341	522
957.732	517.4
958.123	531.8
958.515	512.8
958.906	534.6
959.297	528
959.689	527
960.102	513.2
960.494	521.8
960.886	525.8
961.278	519.6
961.67	544.8
962.062	557.2
962.455	514.6
962.847	510.6
963.24	514.8
963.633	511.2
964.026	506.8
964.419	520
964.812	531.4
965.206	519.2
965.599	522.8
965.993	520
966.386	523.8
966.78	530.2
967.174	532.6
967.569	518
967.963	520.6
968.357	520.8
968.752	515
969.146	512.2
969.541	504.4
969.936	520.4
970.331	522.8
970.705	518
971.1	515.6
971.496	519.8
971.892	511.6
972.287	519.4
972.683	515
973.079	519.8
973.454	535
973.85	524.6
974.247	531.2
974.643	533.2
975.04	522
975.415	519.8
975.812	510.6
976.209	526.6
976.607	510.2
976.982	530.2
977.38	530
977.778	518
978.175	519.8
978.552	521.8
978.95	520
979.348	529.4
979.725	559.4
980.123	518.4
980.522	519.4
980.899	515.6
981.298	522.4
981.697	517
982.075	518.8
982.474	515.6
982.852	523.2
983.251	523.2
983.651	517.6
984.029	529.2
984.429	523.6
984.808	518
985.208	512.4
985.609	512.4
985.987	510.8
986.388	514.6
986.768	526.6
987.168	514.6
987.548	530.4
987.949	526
988.329	530.2
988.731	507.8
989.111	515.8
989.491	520.2
989.893	522
990.273	527.2
990.676	512.6
991.057	516.4
991.459	520
991.84	526.6
992.221	506.2
992.624	536.2
993.006	527
993.388	524.6
993.791	522.4
994.173	532.4
994.576	548.2
994.959	512.8
995.341	524.8
995.724	516.4
996.128	523.4
996.511	526.6
996.894	513.6
997.298	518
997.681	532.2
998.065	515.2
998.448	517.8
998.854	524.8
999.237	522.4
999.621	531.2
1000.01	534.4
1000.39	526.2
1000.8	521.8
1001.18	518.8
1001.56	529.6
1001.95	527
1002.33	532
1002.72	516.8
1003.13	517
1003.51	512.4
1003.9	507.8
1004.28	535.2
1004.67	519
1005.06	521.8
1005.44	553.6
1005.83	502.6
1006.21	523
1006.6	516
1006.99	533
1007.37	526.2
1007.76	517.6
1060.12	516
1060.51	514
1060.89	525.2
1061.28	525.8
1061.67	526
1062.06	521.4
1062.45	519.2
1062.83	512.6
1063.22	525.2
1063.61	550.6
1064	524
1064.39	522.2
1064.78	525.4
1065.14	527
1065.53	515.6
1065.92	520.8
1066.31	505.6
1066.7	529.8
1067.09	538.6
1067.46	519
1067.85	512.6
1068.24	525.6
1068.63	528.2
1069.02	516.8
1069.39	525.4
1069.78	522.2
1070.17	518
1070.57	518.6
1070.93	524.6
1071.33	523.2
1071.72	518.4
1072.11	522.6
1072.48	515.2
1072.87	521
1073.26	524.4
1073.64	517.4
1074.03	511.6
1074.4	510.4
1074.79	508.6
1075.19	504.4
1075.56	516.2
1075.95	528.8
1076.34	518.2
1076.72	518.6
1077.11	526.4
1077.48	532
1077.88	520
1078.25	512.6
1078.64	531
1079.02	525.2
1079.41	522.2
1079.78	525.4
1080.18	519
1080.55	575.4
1080.95	513.6
1081.32	513.6
1081.72	524.8
1082.09	526.4
1082.49	514.2
1082.86	517
1083.24	512.8
1083.63	513.2
1084.01	515.8
1084.38	530
1084.78	515.6
1085.16	519.2
1085.55	534
1085.93	527.2
1086.31	519.4
1086.7	546.4
1087.08	521.4
1087.46	514.4
1087.83	510.6
1088.23	526
1088.61	518.8
1088.99	524.6
1089.36	504.4
1089.76	515
1090.14	523.2
1090.52	516.6
1090.9	515.8
1091.27	528
1091.67	546.4
1092.05	523
1092.43	515.4
1092.81	518.2
1093.19	534.6
1093.57	514
1093.95	517.4
1094.35	528.6
1094.73	527.4
1095.11	514.4
1095.49	521.4
1095.87	511.6
1096.25	530.4
1096.63	518.6
1097.01	517.2
1097.39	525.4
1097.77	514.2
1098.15	531
1098.53	519
1098.91	513.2
1099.29	520.4
1099.68	528.2
1100.06	520.6
1100.44	528.2
1100.82	525.4
1101.18	522.6
1101.56	517.4
1101.95	515.2
1102.33	514
1102.71	522.2
1103.1	514.6
1103.48	509
1103.86	512.4
1104.22	522.8
1104.61	511.2
1104.99	512.8
1105.38	514.4
1105.76	517.8
1106.12	518.2
1106.51	546.8
1106.89	522.8
1107.26	517.6
1107.64	527
1108.03	514.6
1108.41	510.8
1108.78	513.8
1109.16	519
1109.55	527.8
1109.91	507.8
1110.3	504.2
1110.69	523.4
1111.05	515.2
1111.44	513.4
1111.8	509
1112.19	523.6
1112.58	521.8
1112.94	517
1113.33	522.2
1113.7	510.2
1114.09	516.2
1114.45	509.6
1114.84	509.8
1115.21	521.2
1115.6	512.2
1115.96	519.6
1116.35	523
1116.72	509.2
1117.11	525.6
1117.48	502
1117.85	524
1118.24	524
1118.6	518.2
1118.99	507.2
1119.36	515.8
1119.73	513.2
1120.12	520.8
1120.49	505.8
1120.86	524.6
1121.25	518.4
1121.62	501.6
1121.99	515.2
1122.38	520
1122.76	524.2
1123.13	513
1123.5	522
1123.89	528.4
1124.26	513
1124.63	522.6
1125	515
1125.4	515.8
1125.77	506.8
1126.14	498
1126.51	510.4
1126.88	510.6
1127.26	509.4
1127.63	511.8
1128.02	507.4
1128.4	516
1128.77	510.4
1129.14	514.4
1129.52	519.2
1129.89	522.4
1130.26	516
1130.64	505
1131.01	513.6
