#lambda/nm	C1
208.295	463.6
208.67	434.8
209.045	395.6
209.419	397.4
209.794	556.8
210.169	545.8
210.544	658.8
210.919	567
211.295	554.8
211.67	556.8
212.045	553
212.421	562.2
212.796	588.8
213.172	564.2
213.547	550.8
213.923	566.8
214.299	552.6
214.675	564.4
215.051	561.8
215.427	565.8
215.803	575.6
216.179	572.6
216.555	559.2
216.932	574.2
217.308	569.4
217.684	564
218.061	572
218.438	564
218.814	554.6
219.191	572.2
219.568	554.8
219.945	560
220.322	569.2
220.699	564.2
221.076	579.4
221.453	566.6
221.83	562.2
222.208	555.6
222.585	555.4
222.962	562.8
223.34	563
223.717	567.4
224.095	558.2
224.473	561.8
224.851	561.6
225.229	561.8
225.607	577.4
225.985	551.2
226.363	563
226.741	558.4
227.119	558.2
227.497	571.8
227.876	555.2
228.254	574.2
228.633	571
229.011	568.2
229.39	569.4
229.769	573
230.148	569.2
230.527	578.8
230.905	559.2
231.284	569.2
231.664	555.4
232.043	580.6
232.422	572.6
232.801	557
233.181	565.8
233.56	558.4
233.94	572.6
234.319	550.2
234.699	573
235.079	606.4
235.458	597.8
235.838	580.2
236.218	561.6
236.598	554.2
236.978	562.4
237.358	553.2
237.738	561.8
238.119	568.2
238.499	566.6
238.88	571
239.26	573
239.641	556.8
240.021	559.8
240.402	563.4
240.783	560
241.163	562.4
241.544	562
241.925	559.2
242.306	575.4
242.687	566.8
243.069	561
243.45	563.6
243.831	559.6
244.212	569.8
244.594	598.8
244.975	570
245.357	565
245.739	552.4
246.12	570
246.502	574.6
246.884	561
247.266	563.8
247.648	568.2
248.03	580.4
248.412	558
248.794	562.8
249.176	553.2
249.559	567.4
249.941	558.8
250.323	548.2
250.706	558.4
251.089	563.4
251.471	559.4
251.854	561
252.237	557
252.62	560.4
253.002	557
253.385	555.4
253.769	570
254.152	561
254.535	567
254.918	554.2
255.301	559.8
255.685	565.8
256.068	560.8
256.452	580
256.835	571.8
257.219	569.2
257.603	571
257.986	553
258.37	566
258.754	559.4
259.138	563
259.522	570.6
259.906	565.8
260.29	562.2
260.675	561.4
261.059	565
261.443	552
261.828	574.8
262.212	568
262.597	555.6
262.981	557
263.366	570.4
263.751	564.2
264.136	561.8
264.521	559.8
264.906	559.6
265.291	570.8
265.676	561.6
266.061	572
266.446	581.2
266.831	571
267.217	587.4
267.602	565.8
267.987	557.8
268.373	556.6
268.759	571
269.144	571.8
269.53	557.2
269.916	563
270.302	558.6
270.688	565.4
271.074	564.8
271.46	576
271.846	592
272.232	555.6
272.618	563.2
273.004	560.2
273.391	583.8
273.777	569.6
274.164	563.2
274.55	576
274.937	563.4
275.324	559.4
275.71	560.8
276.097	571.6
276.484	563.6
276.871	566.6
277.258	559.4
277.645	550.4
278.032	557.8
278.419	565
278.807	556.8
279.194	557.4
279.581	559
279.969	573.4
280.356	566.8
280.744	566.2
281.131	584
281.519	570.8
281.907	558.2
282.295	559.8
282.682	571.6
283.07	569.6
283.458	566.4
283.846	575.4
284.235	572.2
284.623	574
285.011	559.8
285.399	558.6
285.788	575.2
286.176	557
286.565	570
286.953	564
287.342	558.8
287.731	557.6
288.119	552.4
288.508	554.6
288.897	563.8
289.286	548.8
289.675	558.4
290.064	569
290.453	557.4
290.821	570.8
291.21	580
291.599	557.2
291.989	571.4
292.378	573.2
292.768	584.4
293.157	569.4
293.547	565.8
293.936	564.8
294.326	553.4
294.716	573.6
295.106	561.8
295.496	564.6
295.886	576.2
296.276	566.6
296.666	560
297.056	559
297.446	549.4
297.836	582.2
298.227	558.6
298.617	568.4
299.008	580.4
299.398	563
299.789	557
300.179	563
300.57	575.2
300.961	560
301.352	557.2
301.742	564.4
302.133	569.6
302.524	560.8
302.915	566.4
303.307	551.2
303.698	580.6
304.089	575.8
304.48	565.4
304.872	573.4
305.263	563.8
305.655	552.4
306.046	566.2
306.438	575.2
306.829	558.2
307.221	572
307.613	567.6
308.005	569.6
308.397	575.2
308.789	582.2
309.181	582.8
309.573	581.8
309.965	573.6
310.357	560.4
310.749	557.4
311.142	554.4
311.534	558.2
311.926	565.2
312.319	558.2
312.711	555.6
313.104	573
313.497	562.8
313.889	599
314.282	578
314.675	585.8
315.068	567.8
315.461	571.6
315.854	593.4
316.247	576
316.64	572.4
317.033	565.6
317.405	570.2
317.798	566
318.192	569.2
318.585	561
318.979	572.4
319.372	555.2
319.766	570.6
320.16	579
320.553	581.2
320.947	583.6
321.341	564.2
321.735	566.6
322.129	549.6
322.523	587.8
322.917	562.8
323.311	576.2
323.705	570.2
324.099	565.8
324.494	579.4
324.888	577
325.282	565.6
325.677	575
326.071	580
326.466	575.8
326.861	570.6
327.255	574.8
327.65	570
328.045	588.6
328.44	571.2
328.835	562.8
329.23	553.2
329.625	576
330.02	555.2
330.415	596.4
330.81	571
331.206	561
331.601	559.2
331.996	564
332.37	584
332.766	554
333.161	587.6
333.557	565.6
333.953	564
334.348	890.6
334.744	566.8
335.14	563
335.536	552.6
335.932	573
336.328	560.4
336.724	571.8
337.12	559.2
337.516	567.4
337.913	565.8
338.309	580.6
338.705	561.8
339.102	579.6
339.498	561.6
339.895	579
340.291	556
340.688	573.8
341.085	547
341.481	561.2
341.878	559.4
342.275	582
342.672	559.6
343.069	564.4
343.466	554.2
343.842	570.8
344.239	562
344.636	567.2
345.033	556.4
345.431	555.6
345.828	563
346.225	557
346.623	590
347.02	569
347.418	565.6
347.816	575.6
348.213	546.2
348.611	564.2
349.009	551.6
349.407	576
349.805	554.2
350.203	544.4
350.601	568.4
350.999	553.6
351.397	607.4
351.795	563.2
352.193	569.6
352.57	563.2
352.969	568.6
353.367	545.4
353.766	549.2
354.164	561.4
354.563	572.4
354.961	563.2
355.36	551.2
355.759	555.8
356.158	557.8
356.557	559.6
356.956	552
357.355	553.2
357.754	567
358.153	550
358.552	584.2
358.951	558.6
359.35	568.8
359.75	556.6
360.149	556.2
360.527	549.8
360.926	553.2
361.326	554
361.726	560.8
362.125	562
362.525	568.6
362.925	556.8
363.325	568.4
363.724	554.4
364.124	555.4
364.524	558.4
364.924	553.6
365.324	576.6
365.725	536
366.125	564.2
366.525	550.6
366.904	554.4
367.304	535.6
367.705	577.8
368.105	564
368.506	553.6
368.906	555.2
369.307	555.2
369.708	566.6
370.108	551
370.509	561.4
370.91	550.8
371.311	554.6
371.712	554
372.113	556.4
372.514	548
372.894	551.2
373.295	548.6
373.696	571.4
374.097	564.8
374.499	579.2
374.9	559.6
375.301	545.2
375.703	562.2
376.105	535
376.506	554.2
376.908	555.4
377.309	563.2
377.711	560
378.113	548.4
378.493	568
378.895	553.2
379.297	567.8
379.699	552
380.102	560
380.504	556.6
380.906	557.6
381.308	577.8
381.71	551.4
382.113	558.8
382.515	558.8
382.918	558.2
383.299	556
383.701	565.6
384.104	553.2
384.507	542.2
384.909	555.6
385.312	545.6
385.715	537
386.118	553.2
386.521	551.4
386.924	565.8
387.327	545.4
387.709	548.8
388.112	536.4
388.515	552.2
388.918	560.4
389.322	554.2
389.725	551.4
390.129	572
390.532	558.6
390.936	550.6
391.339	542.6
391.743	560.2
392.125	554.4
392.529	553.8
392.933	565.6
393.337	554.4
393.74	554.8
394.144	553
394.548	544.6
394.953	547.8
395.357	565.2
395.761	556.6
396.144	551.6
396.548	558.6
396.952	553.4
397.357	563.6
397.761	549
398.166	554.4
398.57	547.6
398.975	543.4
399.379	552
399.763	604.8
400.168	567.4
400.572	556.8
400.977	556.8
401.382	573.2
401.787	564
402.192	573
402.597	566.6
403.002	545.4
403.386	572.8
403.791	573.8
404.197	543
404.602	568.4
405.007	556.6
405.413	543.8
405.818	550.6
406.224	549.2
406.608	546.8
407.014	547.4
407.42	566.6
407.825	544
408.231	563.4
408.637	554.4
409.043	563.6
409.449	552.6
409.834	556.8
410.24	549.4
410.646	563.2
411.052	563
411.458	550.8
411.865	563.2
412.271	566
412.677	560.8
413.062	561.6
413.469	549.8
413.875	575.4
414.282	573.2
414.689	567.4
415.095	557.4
415.502	553.8
415.888	555.4
416.294	547.4
416.701	598.2
417.108	551.6
417.515	561
417.923	557
418.33	571.8
418.715	576
419.123	553.6
419.53	556.8
419.937	552
420.345	572.2
420.752	553
421.16	566.4
421.546	559.2
421.953	562.2
422.361	540.2
422.769	554.2
423.177	551.2
423.585	577.8
423.992	579
424.379	571.4
424.787	571.6
425.195	572.6
425.603	553.4
426.011	570.2
426.419	569.6
426.806	563.8
427.214	557.6
427.623	577.4
428.031	576.2
428.44	560
428.848	565.2
429.235	565
429.644	556.8
430.053	559.2
430.461	572.6
430.87	582.2
431.279	569.8
431.666	561.8
432.075	565
432.484	568.6
432.893	556.8
433.302	584.8
433.711	597.8
434.099	570.2
434.508	558.8
434.918	560.8
435.327	573.6
435.737	576.6
436.125	580.4
436.534	586.8
436.944	579.6
437.353	590
437.763	600.4
438.173	579.8
438.561	612.4
438.971	578.2
439.381	583.2
439.791	606.6
440.201	586
440.589	609.8
440.999	617.4
441.409	617
441.819	607.4
442.23	622.6
442.619	626.4
443.029	628.6
443.439	623.8
443.85	632.4
444.26	635.6
444.649	626.4
445.06	630
445.471	637.6
445.881	631.6
446.292	644.4
446.682	660.2
447.092	625.4
447.503	681
447.914	639.2
448.325	652.6
448.715	653.4
449.126	639.8
449.537	657
449.948	657.2
450.338	647.8
450.75	663.4
451.161	665.6
451.572	664.6
451.984	656.6
452.374	646.8
452.786	653.2
453.197	671
453.609	672.2
453.999	655.4
454.411	655.6
454.823	671.4
455.235	665
455.647	668.4
456.037	667.2
456.449	655.8
456.862	666.6
457.274	669
457.665	658
458.077	680
458.489	697.4
458.902	654.2
459.293	669.8
459.705	674.2
460.118	663.8
460.53	667.2
460.921	672.4
461.334	671.4
461.747	666.2
462.16	680.2
462.551	681.6
462.964	676.6
463.377	661.8
463.79	672
464.182	678
464.595	662.4
465.008	673.4
465.421	676.8
465.813	673.6
466.226	680.4
466.64	672
467.053	707
467.445	675
467.859	694.4
468.272	673
468.686	682.4
469.078	678.8
469.492	664.2
469.906	686.2
470.298	681
470.712	666.6
471.126	692
471.54	662.2
471.933	665
472.347	678.8
472.761	675.4
473.175	666.8
473.568	677.8
473.982	663.6
474.397	672
474.79	676.6
475.204	683
475.619	678.4
476.033	687.4
476.426	663.6
476.841	671.4
477.256	689.8
477.649	669
478.064	675.6
478.479	667
478.872	665.2
479.287	656.8
479.702	675.8
480.118	666
480.511	670.6
480.927	671.4
481.342	665.2
481.736	671.8
482.151	663.6
482.566	680.2
482.96	675.8
483.376	676.4
483.792	666.4
484.186	670.8
484.602	670.4
485.017	663
485.412	652.2
485.827	670.6
486.243	660.4
486.638	691.2
487.054	678.6
487.47	677.8
487.865	653
488.281	660.2
488.697	662.6
489.092	660.8
489.508	648.2
489.925	672.4
490.32	645.2
490.736	660.2
491.153	663.2
491.548	665.2
491.964	661.8
492.381	646.2
492.776	655.2
493.193	649.8
493.61	665.4
494.006	651.2
494.422	650.4
494.84	647
495.235	661.4
495.652	651.6
496.069	652.6
496.465	644.2
496.883	644.6
497.3	672.8
497.696	639.2
498.113	654
498.509	629.6
498.927	631.4
499.344	633.2
499.741	626.2
500.158	654.2
500.576	649
500.973	638.4
501.39	625.6
501.787	631.2
502.205	636
502.623	622
503.02	622.4
503.438	621.2
503.856	631.8
504.253	634.4
504.671	635
505.068	620.4
505.486	627.8
505.905	650.2
506.302	624.8
506.72	637.4
507.118	619.8
507.536	623.6
507.955	622.8
508.352	626.4
508.771	630.2
509.169	631.8
509.587	619.4
510.006	617.8
510.404	611.6
510.823	622.8
511.221	617.6
511.64	612.2
512.038	620.8
512.457	614.2
512.877	616.6
513.275	608.8
513.694	614.2
514.092	613.6
514.512	618.8
514.91	621.6
515.33	610.6
515.749	612.8
516.148	605.4
516.568	614.6
516.966	618.4
517.386	599.2
517.785	615.6
518.205	607
518.603	597
519.024	598.8
519.444	608.4
519.843	613
520.263	612.2
520.662	608.2
521.082	602.2
521.481	605
521.902	596.2
522.301	602.2
522.722	614.2
523.121	604
523.542	599
523.963	593.4
524.362	598.4
524.783	601.4
525.183	597.6
525.604	595.6
526.003	592
526.425	588
526.824	598.4
527.246	599
527.646	602.2
528.067	596
528.467	593.4
528.888	585.2
529.289	593.2
529.71	579.2
530.11	590
530.532	580.4
530.932	590.2
531.354	594.2
531.755	617
532.176	593.4
532.577	586.4
532.999	587.8
533.4	577
533.822	591.2
534.223	593.4
534.645	579.8
535.046	579.2
535.468	582.6
535.869	596.2
536.292	580.6
536.693	608
537.115	590.6
537.516	572
537.939	575.4
538.34	589.4
538.742	585.8
539.165	573.6
539.566	583.4
539.989	568
540.391	575.4
540.814	571.2
541.216	580.8
541.639	574.6
542.041	588
542.464	578.4
542.866	576.4
543.268	568.4
543.691	580
544.093	580.4
544.517	597.6
544.919	563
545.343	601.8
545.745	569.8
546.147	580.4
546.571	577.6
546.974	560.4
547.398	572.6
547.8	586.4
548.224	560
548.627	562
549.03	582.4
549.454	564.2
549.857	561.4
550.281	563.8
550.684	560.4
551.087	577.2
551.512	577
551.915	577
552.34	571.2
552.743	562.6
553.146	564.2
553.571	567.8
553.975	582
554.399	551
554.803	622
555.207	564
555.632	566.8
556.036	572.2
556.461	561.2
556.865	571
557.268	561
557.694	565.2
558.098	565
558.502	573.6
558.927	561.2
559.332	555.2
559.736	560.8
560.162	568.8
560.566	566.2
560.992	571.6
561.396	564
561.801	556.8
562.227	556.8
562.631	564.2
563.036	553
563.462	564
563.867	561.4
564.272	549
564.698	557.4
565.103	552.2
565.508	571.2
565.935	562.4
566.34	557.8
566.745	567
567.172	553.6
567.577	578.2
567.982	560
568.409	564.2
568.815	552.6
569.22	558.4
569.626	561.8
570.053	544.8
570.459	562.2
570.865	567.2
571.292	558.8
571.698	568
572.104	539.2
572.531	545.2
572.937	564
573.343	553.6
573.75	548.2
574.177	558.2
574.583	558.4
574.99	559.2
575.396	565.8
575.824	550
576.231	563.4
576.637	547.4
577.065	579.6
577.472	555.8
577.879	560.4
578.286	567.2
578.714	553.2
579.121	557.8
579.528	555.2
579.935	559.8
580.364	544.8
580.771	535.6
581.178	543.6
581.585	546.8
582.014	554.6
582.421	551.2
582.829	546.6
583.236	554.8
583.644	551
584.073	549
584.481	550.8
584.889	538.8
585.296	552
585.726	548.4
586.134	536.6
586.542	543.4
586.95	565.4
587.358	544
587.787	553.4
588.196	558
588.604	546.4
589.012	551.2
589.421	537.4
589.851	537
590.259	552.8
590.668	540.6
591.076	581.2
591.485	541.2
591.894	547.4
592.324	562
592.733	564.8
593.142	536.6
593.551	543.4
593.96	571.2
594.369	538.6
594.8	537
595.209	541.6
595.618	530.4
596.028	543
596.437	539.8
596.847	545
597.256	555.2
597.687	550.8
598.097	545.4
598.507	535.6
598.917	546.2
599.327	552.4
599.736	544.2
600.146	557.6
600.556	549
600.988	554.2
601.398	538.2
601.808	545.6
602.219	532.8
602.629	549
603.039	537.8
603.45	561.2
603.86	540.2
604.271	556.4
604.703	543
605.114	545.2
605.525	550
605.935	555.4
606.346	562.4
606.757	551.4
607.168	542
607.579	545.8
607.99	555.6
608.402	545
608.813	547.6
609.224	541.4
609.636	536
610.047	544.4
610.48	540.6
610.892	548.8
611.303	560.4
611.715	541.4
612.127	546
612.539	550
612.95	547.6
613.362	527.8
613.774	533
614.186	540.2
614.599	539.8
615.011	550.6
615.423	551
615.835	540
616.248	540
616.66	542.4
617.073	532.6
617.485	551.8
617.898	546.4
618.311	554
618.723	544.8
619.136	560.8
619.549	563.6
619.962	563.4
620.375	537.4
620.788	552.4
621.201	544.8
621.614	550.6
622.028	542
622.441	552.6
622.854	548.4
623.268	535.6
623.681	545
624.095	546.4
624.509	548
624.922	551.4
625.336	539.6
625.728	547
626.142	551.4
626.556	561.2
626.97	550.2
627.384	541.2
627.799	543.4
628.213	557.6
628.627	534.6
629.041	545.8
629.456	539
629.87	548.8
630.285	545.4
630.699	553.2
631.093	545.4
631.507	545.4
631.922	542
632.337	557.6
632.752	537.8
633.167	535.8
633.582	540.2
633.997	530.8
634.412	529.6
634.806	538
635.221	534
635.637	551.8
636.052	536.6
636.468	543.4
636.883	556
637.299	536.6
637.715	529.2
638.109	542.2
638.525	534.6
638.941	555.2
639.357	538.2
639.773	542
640.189	528
640.584	542
641	541.2
641.416	528.6
641.832	538
642.249	540
642.665	542.4
643.06	538.6
643.477	544
643.894	520.6
644.31	537
644.727	541
645.123	540.8
645.54	529.4
645.957	541
646.374	543
646.77	529.4
647.187	571.4
647.604	540.4
648.021	529.6
648.439	537.6
648.835	538.6
649.252	538.6
649.67	549
650.088	530
650.484	534.4
650.902	544.6
651.32	549
651.738	535.4
652.134	540.8
652.552	558.4
652.971	543.6
653.389	537.4
653.786	546.2
654.204	554.4
654.622	536.6
655.019	538.6
655.438	541.8
655.857	540.2
656.275	540.6
656.673	539.8
657.091	547
657.51	531.4
657.908	543.8
658.327	552
658.746	526.8
659.144	534.2
659.563	546.8
659.982	537.4
660.38	526.6
660.8	530.2
661.219	546.4
661.617	537.8
662.037	534.8
662.457	542.4
662.855	522.6
663.275	561.2
663.695	542.8
664.094	530
664.514	532.8
664.934	520.8
665.333	544
665.753	530.4
666.152	530.6
666.572	530.6
666.993	541.6
667.392	536.6
667.812	534.8
668.212	537.8
668.632	546
669.053	537.6
669.453	549.2
669.874	537.6
670.273	537.4
670.694	533.6
671.116	550.2
671.515	544.2
671.937	532.8
672.337	530.2
672.758	537.2
673.158	544.6
673.58	532
673.98	531.4
674.402	552
674.824	535.4
675.224	535.2
675.646	525.2
676.047	539.2
676.469	535.4
676.869	537
677.292	535.2
677.693	525
678.115	530.4
678.516	547.8
678.939	541
679.34	534.2
679.762	553.6
680.164	528.2
680.586	532
680.988	531.8
681.411	555
681.812	530.8
682.236	530.2
682.637	528.4
683.061	526.6
683.462	534.2
683.864	531.6
684.288	540
684.69	525.2
685.114	544.6
685.516	541.4
685.94	530.4
686.342	544.8
686.766	531
687.168	541.8
687.571	559.4
687.995	536
688.398	525.8
688.822	540.4
689.225	551.2
689.628	547.8
690.052	535.4
690.456	542
690.88	535.8
691.284	531.4
691.687	541.2
692.112	525
692.515	532.8
692.919	540.2
693.344	539.8
693.747	528.4
694.173	539.2
694.577	548.6
694.98	533.4
695.406	528.2
695.81	529.2
696.214	537.6
696.64	542.8
697.044	534.6
697.448	543
697.874	524.4
698.279	533.6
698.684	516.8
699.11	525.2
699.514	526.4
699.919	533.2
700.324	526.8
700.75	527
701.156	534.4
701.561	538.6
701.987	536
702.393	543.8
702.798	542.4
703.203	531
703.63	528.2
704.036	531.4
704.442	536
704.847	527
705.274	531.6
705.68	528.8
706.086	544.6
706.492	530.4
706.92	533.2
707.326	541.2
707.732	544.4
708.139	527.6
708.545	527
708.973	527
709.38	529.2
709.786	526.8
710.193	550.4
710.6	530.8
711.028	529.2
711.435	532.8
711.842	531.8
712.249	532.4
712.656	521.4
713.064	540.2
713.492	535.2
713.9	528.8
714.307	536.2
714.715	530
715.123	540
715.53	533
715.938	548
716.367	528.2
716.775	527.2
717.184	522
717.592	529.8
718	541.4
718.408	565.8
718.816	568.4
719.225	536
719.633	533.4
720.042	521
720.472	535.6
720.881	547.2
721.29	534.4
721.699	518.2
722.108	539.8
722.517	534.4
722.926	524.6
723.335	536.8
723.744	530
724.154	533.2
724.563	539.4
724.973	534.2
725.382	534.6
725.792	531.4
726.202	523.2
726.612	547
727.022	529
727.432	527.8
779.813	526
780.223	576.2
780.634	529
781.044	522
781.454	524
781.865	541
782.276	529.2
782.686	540.4
783.097	521.4
783.508	521.6
783.919	524.4
784.33	537.6
784.741	533.2
785.152	521
785.563	523.8
785.974	519.8
786.386	537.4
786.776	526
787.188	525.2
787.599	521.6
788.011	537.6
788.423	532.6
788.835	521
789.247	520.4
789.659	523
790.071	527
790.483	565.2
790.874	529.8
791.286	538.6
791.699	529.8
792.111	526.2
792.524	536
792.937	526.8
793.349	519.6
793.741	526.4
794.154	536.4
794.567	552.8
794.98	525.2
795.393	519.6
795.785	543.4
796.198	529.6
796.612	526.4
797.026	526.4
797.439	523.8
797.831	526
798.245	525.6
798.659	521.6
799.073	534.6
799.487	519.4
799.88	533.6
800.294	531.6
800.708	536.2
801.123	530.4
801.516	553.4
801.93	529.8
802.345	524.2
802.76	524
803.153	547.4
803.568	544.6
803.983	536
804.377	525.8
804.792	527.4
805.207	521.8
805.601	532.8
806.016	559
806.432	532.8
806.826	553.4
807.242	532
807.658	534
808.052	524.4
808.468	523.2
808.884	518.8
809.279	527
809.695	533.6
810.111	550.4
810.506	535.4
810.922	546
811.339	520.4
811.734	532.6
812.151	524.6
812.546	518.2
812.963	525.8
813.38	530.6
813.776	531.6
814.193	540.6
814.589	524
815.006	525.4
815.402	524.4
815.82	526
816.237	536
816.633	528.2
817.051	521.4
817.448	534.2
817.866	523.4
818.262	540.6
818.68	524.6
819.077	522.6
819.495	529.2
819.892	558.6
820.311	511.6
820.708	526.2
821.127	528.6
821.524	543.2
821.943	535.6
822.34	548.6
822.759	539
823.157	524.4
823.576	547.2
823.974	537.4
824.393	575
824.791	525.6
825.189	517.6
825.609	522.6
826.007	522.2
826.427	522
826.826	524.4
827.246	535.2
827.644	513.8
828.043	533.6
828.463	526.2
828.862	539
829.261	535.6
829.682	518.2
830.081	536.4
830.502	524.4
830.901	521.6
831.301	546.6
831.722	512
832.121	529
832.521	528.4
832.943	523.2
833.342	529.2
833.742	520.6
834.164	525.2
834.564	524.4
834.965	518.6
835.386	526.8
835.787	525.2
836.188	523.6
836.588	529.4
837.01	530.8
837.411	522.8
837.812	533.6
838.213	534.8
838.636	526.2
839.037	591
839.438	522.8
839.84	537.2
840.263	529.8
840.664	529.2
841.066	525.8
841.468	530.2
841.891	519.4
842.293	538.4
842.695	529.2
843.098	528.6
843.5	528.8
843.902	533.8
844.326	523.2
844.729	527.6
845.131	536.8
845.534	532.8
845.937	534.4
846.34	542.8
846.764	520.6
847.167	524.8
847.571	523.4
847.974	517
848.377	522.2
848.781	566.2
849.184	534.4
849.588	520.4
849.992	523.4
850.396	522
850.821	548.2
851.225	527.2
851.63	522.6
852.034	532.4
852.438	528.8
852.843	554.8
853.247	523
853.652	522.4
854.057	538.6
854.462	524.2
854.867	531.8
855.272	551
855.677	525.4
856.082	521
856.487	520
856.893	527
857.298	524.2
857.704	524.6
858.11	535.4
858.516	535
858.922	530.8
859.328	535.6
859.734	529.6
860.14	534.6
860.525	528.4
860.931	525.6
861.338	530
861.745	537.4
862.151	534.8
862.558	526.8
862.965	532.2
863.372	518.2
863.779	524.2
864.186	545.2
864.572	534.4
864.98	542.6
865.387	550.4
865.795	520.4
866.203	535.8
866.61	524
867.018	536.2
867.405	540.2
867.813	523.6
868.221	526.2
868.63	520.6
869.038	534.6
869.425	560.2
869.834	529.6
870.243	519.6
870.652	527.4
871.039	530.6
871.448	526.8
871.857	529.2
872.266	538
872.654	527.4
873.064	520.6
873.473	532.8
873.883	528.6
874.271	520
874.681	537.4
875.091	507.8
875.48	530.2
875.89	550.4
876.3	522.2
876.689	514
877.1	529.6
877.51	524.4
877.9	545.4
878.31	520.6
878.721	551.2
879.111	648.6
879.522	519
879.933	507.4
880.323	520.4
880.734	515
881.125	525
881.536	524.8
881.948	517.8
882.338	529
882.75	527.8
883.141	523.6
883.553	528.4
883.944	546.2
884.356	532.4
884.769	521.2
885.16	523
885.573	526.4
885.964	521.6
886.377	527.2
886.768	524.8
887.181	532.8
887.573	526.8
887.987	529.2
888.378	536
888.792	534.6
889.184	567.4
889.598	529.4
889.99	529
890.383	530
890.797	521.4
891.19	545.4
891.604	525
891.997	523.2
892.411	527.6
892.805	517.6
893.198	517.6
893.613	516
894.006	528.4
894.421	523.6
894.815	526
895.209	521.4
895.624	564
896.018	544.2
896.412	517.8
896.828	522
897.222	534
897.617	516.4
898.033	538
898.427	523
898.822	520
899.239	515.2
899.634	522.6
900.029	541
900.424	517
900.841	512.8
901.236	521.6
901.632	528.2
902.027	577.2
902.445	535.8
902.841	523.2
903.237	530.6
903.633	526.8
904.05	521.8
904.447	530.8
904.843	530.2
905.24	528.8
905.636	518.4
906.033	527.4
906.451	530.2
906.848	521
907.246	523.2
907.643	529.4
908.04	513.6
908.438	540.6
908.835	529.2
909.254	524.8
909.652	536.4
910.05	524
910.448	522
910.846	524.6
911.244	516.6
911.643	527.2
912.041	525.8
912.44	534.4
912.839	523.6
913.237	524.8
913.636	522.4
914.035	530.4
914.434	519.4
914.834	534.6
915.233	527.6
915.633	520.8
916.032	512.2
916.432	517.8
916.832	537.6
917.232	518.2
917.632	516.8
918.032	527.8
918.432	522
918.833	525
919.233	520.8
919.634	512.6
920.035	533
920.436	521.2
920.837	527.4
921.238	521
921.639	519.2
922.019	530.4
922.42	530.4
922.822	532.2
923.224	520.8
923.625	525.2
924.027	520.8
924.429	535.2
924.81	531.8
925.212	526.8
925.615	522.6
926.017	521.8
926.42	538.6
926.801	525.8
927.204	523.4
927.607	529.4
928.01	535.8
928.413	526.6
928.795	523.2
929.199	517.2
929.602	516.6
930.006	523.6
930.388	515.8
930.792	520.6
931.196	518.4
931.579	551
931.983	516.6
932.388	561.4
932.771	514.2
933.176	515.8
933.58	526.4
933.964	531.8
934.369	521.8
934.774	519.6
935.158	515.8
935.563	519.6
935.947	521.6
936.353	527.4
936.759	516.6
937.143	520.8
937.549	520
937.934	533.6
938.34	538
938.746	514.2
939.131	523.6
939.538	511.8
939.923	520.8
940.33	519.8
940.716	530
941.123	524
941.508	525.8
941.916	529
942.302	530
942.709	520
943.096	519.4
943.503	525.4
943.89	527.2
944.298	511
944.685	550.2
945.072	521.4
945.48	534.6
945.867	517.6
946.276	520.2
946.663	549.6
947.051	538.2
947.46	531.4
947.848	518.4
948.257	519.6
948.645	522.8
949.033	525.6
949.443	516.2
949.831	560
950.22	515.6
950.63	527
951.018	558.4
951.407	519.6
951.796	516.6
952.207	534.2
952.596	529.6
952.985	521.2
953.375	559.2
953.786	513.2
954.176	519.6
954.566	534.6
954.956	518.8
955.367	525.4
955.758	540.8
956.148	514.2
956.539	526.2
956.929	524
957.341	514.2
957.732	518.6
958.123	527.2
958.515	518.2
958.906	531.4
959.297	513.4
959.689	520
960.102	515.2
960.494	513.8
960.886	516.2
961.278	524.4
961.67	550.6
962.062	560.4
962.455	521.2
962.847	521.4
963.24	517
963.633	522.4
964.026	509.6
964.419	519
964.812	530.6
965.206	523
965.599	528.8
965.993	525.6
966.386	521.2
966.78	534.4
967.174	524.8
967.569	515.4
967.963	508.2
968.357	514.2
968.752	515.6
969.146	511.8
969.541	514.4
969.936	516.8
970.331	520.6
970.705	517.4
971.1	513.2
971.496	527.8
971.892	511.8
972.287	516.6
972.683	518.6
973.079	518.8
973.454	531.8
973.85	520.4
974.247	521.2
974.643	543
975.04	527.6
975.415	528
975.812	514.6
976.209	518.6
976.607	511.2
976.982	523.4
977.38	540.6
977.778	523.6
978.175	516
978.552	523.2
978.95	532.2
979.348	529.8
979.725	570
980.123	523.8
980.522	520.6
980.899	524.4
981.298	514.8
981.697	521.6
982.075	509.8
982.474	518
982.852	521.6
983.251	514
983.651	513
984.029	525.4
984.429	517
984.808	513.4
985.208	525.8
985.609	512.6
985.987	516.8
986.388	509.8
986.768	527.2
987.168	514.6
987.548	526.2
987.949	534.8
988.329	526.8
988.731	516.4
989.111	518.4
989.491	519.8
989.893	522.2
990.273	536.8
990.676	514.4
991.057	512
991.459	509.8
991.84	512.4
992.221	509.8
992.624	531
993.006	518.4
993.388	519.2
993.791	518
994.173	518.8
994.576	552
994.959	508.4
995.341	516.8
995.724	520.2
996.128	512.8
996.511	517.8
996.894	518.8
997.298	514
997.681	525.6
998.065	516.4
998.448	519.4
998.854	523.6
999.237	518.4
999.621	522
1000.01	533.4
1000.39	526.4
1000.8	514.6
1001.18	529.4
1001.56	524.2
1001.95	524
1002.33	532.2
1002.72	514
1003.13	520.2
1003.51	523.2
1003.9	512.8
1004.28	536
1004.67	522.8
1005.06	524.2
1005.44	548.2
1005.83	508.4
1006.21	522.2
1006.6	517.4
1006.99	526
1007.37	527.8
1007.76	520.8
1060.12	511.8
1060.51	508.2
1060.89	528.2
1061.28	530.4
1061.67	527.6
1062.06	526.4
1062.45	526.2
1062.83	509.8
1063.22	526.4
1063.61	556.4
1064	531.8
1064.39	514.4
1064.78	515.8
1065.14	529.8
1065.53	521
1065.92	520.2
1066.31	507
1066.7	521.4
1067.09	531.6
1067.46	530
1067.85	520.4
1068.24	516
1068.63	533.2
1069.02	517.6
1069.39	524.8
1069.78	523.4
1070.17	529.4
1070.57	505.6
1070.93	519
1071.33	522.6
1071.72	519.4
1072.11	518
1072.48	509.4
1072.87	521.2
1073.26	526.2
1073.64	505.4
1074.03	506.8
1074.4	504.8
1074.79	507.2
1075.19	520
1075.56	521.4
1075.95	521.4
1076.34	514.4
1076.72	506.8
1077.11	517.8
1077.48	527.8
1077.88	520.6
1078.25	520.6
1078.64	531.4
1079.02	517.4
1079.41	527.2
1079.78	513
1080.18	513.4
1080.55	568.4
1080.95	514.6
1081.32	515
1081.72	515.4
1082.09	513.4
1082.49	511.4
1082.86	520
1083.24	514.6
1083.63	519.6
1084.01	521.6
1084.38	524.8
1084.78	510.4
1085.16	522
1085.55	532.6
1085.93	533.6
1086.31	513.6
1086.7	545
1087.08	520.4
1087.46	516.4
1087.83	508.8
1088.23	525.4
1088.61	522.4
1088.99	514.8
1089.36	519.8
1089.76	515.2
1090.14	518.4
1090.52	515.2
1090.9	512.8
1091.27	532.2
1091.67	544.2
1092.05	528.8
1092.43	520.4
1092.81	518.8
1093.19	531.6
1093.57	517.8
1093.95	514
1094.35	523.8
1094.73	525.8
1095.11	511.2
1095.49	515.6
1095.87	519
1096.25	527.8
1096.63	531.2
1097.01	522.4
1097.39	521.2
1097.77	519.8
1098.15	512.2
1098.53	510.8
1098.91	524
1099.29	516.8
1099.68	534.4
1100.06	525.2
1100.44	527.4
1100.82	517.8
1101.18	524
1101.56	512.4
1101.95	511.4
1102.33	517
1102.71	518.4
1103.1	513.2
1103.48	509.6
1103.86	506.2
1104.22	525
1104.61	517.2
1104.99	514.8
1105.38	517.6
1105.76	518.6
1106.12	518.6
1106.51	550.2
1106.89	524.6
1107.26	523
1107.64	525
1108.03	514.4
1108.41	519
1108.78	512.8
1109.16	520
1109.55	527.4
1109.91	506.8
1110.3	505.6
1110.69	526.4
1111.05	516
1111.44	519
1111.8	516.4
1112.19	522.8
1112.58	519.4
1112.94	523
1113.33	507.6
1113.7	514
1114.09	510.6
1114.45	510.2
1114.84	514
1115.21	533.4
1115.6	517
1115.96	518.2
1116.35	529.4
1116.72	512.4
1117.11	526
1117.48	512.6
1117.85	517.6
1118.24	530.8
1118.6	518
1118.99	517.4
1119.36	514.6
1119.73	517.6
1120.12	522.6
1120.49	507.2
1120.86	516.6
1121.25	514.8
1121.62	506.6
1121.99	514.2
1122.38	533.8
1122.76	515.6
1123.13	513
1123.5	525.8
1123.89	529.8
1124.26	510.2
1124.63	517.8
1125	515.2
1125.4	516.4
1125.77	510.2
1126.14	503
1126.51	514.4
1126.88	518.4
1127.26	516.6
1127.63	504.2
1128.02	516.6
1128.4	511.2
1128.77	519.8
1129.14	515.6
1129.52	515.4
1129.89	520.6
1130.26	516
1130.64	513.4
1131.01	511.4
