#lambda/nm	C1
208.295	468.8
208.67	431.4
209.045	394.4
209.419	393
209.794	561.2
210.169	546.6
210.544	659.8
210.919	566.8
211.295	561
211.67	560.8
212.045	560.6
212.421	560.6
212.796	597.2
213.172	564.4
213.547	557.6
213.923	554.6
214.299	559.8
214.675	573.4
215.051	567.4
215.427	570.4
215.803	574.4
216.179	563.2
216.555	553.8
216.932	567.4
217.308	570.6
217.684	563.4
218.061	560.6
218.438	563.4
218.814	550.2
219.191	576.4
219.568	552.4
219.945	557.6
220.322	572.2
220.699	566.8
221.076	571
221.453	561.4
221.83	564
222.208	556.8
222.585	557.4
222.962	564.2
223.34	561.4
223.717	567.6
224.095	558.8
224.473	568.8
224.851	561.8
225.229	552.4
225.607	582.4
225.985	552.4
226.363	564.2
226.741	571.6
227.119	561.6
227.497	577.2
227.876	553.4
228.254	560.6
228.633	574
229.011	566.6
229.39	560.8
229.769	568.6
230.148	577.6
230.527	580.8
230.905	568.2
231.284	572
231.664	563.2
232.043	570
232.422	566.8
232.801	555.6
233.181	564.8
233.56	565.4
233.94	562.8
234.319	550
234.699	564.8
235.079	594.2
235.458	593.8
235.838	579.4
236.218	554
236.598	552
236.978	558.6
237.358	552
237.738	558.8
238.119	567.6
238.499	551.6
238.88	566.4
239.26	579.4
239.641	547
240.021	557.4
240.402	555.4
240.783	552
241.163	557.6
241.544	560.4
241.925	562.6
242.306	569.2
242.687	559.6
243.069	565.2
243.45	559.8
243.831	559.8
244.212	556.2
244.594	592.6
244.975	569.4
245.357	561.8
245.739	560.8
246.12	562.4
246.502	570.8
246.884	561.4
247.266	563
247.648	565.4
248.03	576
248.412	568
248.794	565.2
249.176	555.6
249.559	578
249.941	556
250.323	557.2
250.706	558
251.089	561.8
251.471	562.2
251.854	567.2
252.237	568.4
252.62	577.6
253.002	569.8
253.385	556.2
253.769	581.6
254.152	574.4
254.535	572.2
254.918	561.4
255.301	564
255.685	562.6
256.068	556.4
256.452	583.8
256.835	569
257.219	572.8
257.603	564.8
257.986	560.2
258.37	567.8
258.754	551
259.138	568.2
259.522	572.6
259.906	556.6
260.29	565.8
260.675	556.4
261.059	557.8
261.443	552.2
261.828	559.2
262.212	571.6
262.597	553
262.981	563
263.366	569.8
263.751	563.2
264.136	555.6
264.521	559.2
264.906	559.6
265.291	570.8
265.676	562.8
266.061	570.8
266.446	578
266.831	565.6
267.217	579.2
267.602	567.4
267.987	563.8
268.373	560.4
268.759	574.4
269.144	579.4
269.53	562.8
269.916	565.4
270.302	564.4
270.688	568.4
271.074	567
271.46	571
271.846	589
272.232	558.8
272.618	560.6
273.004	557.8
273.391	565.8
273.777	582.6
274.164	566
274.55	578.2
274.937	566.4
275.324	556.4
275.71	572.8
276.097	570.6
276.484	551.8
276.871	570.4
277.258	562.2
277.645	556
278.032	560.8
278.419	561.4
278.807	567.6
279.194	561
279.581	563.2
279.969	566
280.356	568
280.744	565.4
281.131	582
281.519	574.2
281.907	555.6
282.295	558.8
282.682	568.2
283.07	572.8
283.458	563.4
283.846	571.4
284.235	567.4
284.623	577.8
285.011	559
285.399	564.6
285.788	568.6
286.176	557.6
286.565	573.2
286.953	560.2
287.342	559
287.731	549
288.119	550
288.508	558.6
288.897	566.4
289.286	549.2
289.675	559.6
290.064	571
290.453	564
290.821	568.2
291.21	576.4
291.599	565.2
291.989	575.8
292.378	566.2
292.768	580.6
293.157	571.2
293.547	571
293.936	564.8
294.326	558.8
294.716	569.6
295.106	567
295.496	569.2
295.886	575
296.276	572
296.666	562.4
297.056	561.8
297.446	556.8
297.836	579.8
298.227	552.4
298.617	563.4
299.008	573.6
299.398	566
299.789	554.8
300.179	560.8
300.57	571
300.961	551.8
301.352	560.4
301.742	571.4
302.133	568.6
302.524	561.2
302.915	564.4
303.307	552.6
303.698	571.2
304.089	569.8
304.48	566.6
304.872	567.4
305.263	565.4
305.655	558.6
306.046	569.2
306.438	563.8
306.829	563.8
307.221	576.4
307.613	570.6
308.005	576
308.397	567.4
308.789	583.4
309.181	585.2
309.573	577.6
309.965	576.8
310.357	559.4
310.749	561.2
311.142	560.6
311.534	557.2
311.926	579.8
312.319	563.2
312.711	556.2
313.104	579.2
313.497	565.8
313.889	599.2
314.282	584
314.675	586.6
315.068	566.4
315.461	572.2
315.854	591.4
316.247	565.6
316.64	558.8
317.033	565
317.405	572.6
317.798	564.4
318.192	566
318.585	564
318.979	564.8
319.372	563.4
319.766	563
320.16	586.2
320.553	581.8
320.947	585.6
321.341	554
321.735	566.2
322.129	549.6
322.523	587.6
322.917	556.4
323.311	571.4
323.705	563.8
324.099	571.2
324.494	579.6
324.888	569.6
325.282	558.6
325.677	571
326.071	569.8
326.466	578.6
326.861	565
327.255	583.4
327.65	574.2
328.045	584.4
328.44	564.4
328.835	567.6
329.23	563.6
329.625	580.8
330.02	563.4
330.415	580.6
330.81	566.6
331.206	563.2
331.601	556.4
331.996	569.4
332.37	582.8
332.766	553
333.161	579.8
333.557	556.2
333.953	564
334.348	838.6
334.744	555.4
335.14	562.8
335.536	555
335.932	578.4
336.328	561.6
336.724	570.4
337.12	568.8
337.516	569.2
337.913	557.6
338.309	578.8
338.705	562.8
339.102	576.2
339.498	564.2
339.895	562.8
340.291	559.4
340.688	571.8
341.085	556.2
341.481	552.4
341.878	558.4
342.275	574.8
342.672	549
343.069	561
343.466	550.2
343.842	573
344.239	555.2
344.636	559.6
345.033	552
345.431	556.6
345.828	567
346.225	566.6
346.623	588
347.02	561.6
347.418	570.8
347.816	573.4
348.213	550.4
348.611	573.6
349.009	556.4
349.407	570
349.805	547.2
350.203	556.2
350.601	572
350.999	568.4
351.397	630.6
351.795	566
352.193	580.2
352.57	562.6
352.969	571.2
353.367	555.8
353.766	551.8
354.164	554
354.563	563.8
354.961	552.8
355.36	554
355.759	561.6
356.158	552
356.557	558.2
356.956	554.4
357.355	543.8
357.754	561.2
358.153	557.4
358.552	578.4
358.951	554.2
359.35	577.8
359.75	554.8
360.149	553.2
360.527	552.4
360.926	556.6
361.326	554.8
361.726	560
362.125	554.8
362.525	569.4
362.925	558.4
363.325	559.4
363.724	565.8
364.124	550.6
364.524	554.6
364.924	555.8
365.324	566.6
365.725	545.2
366.125	557.8
366.525	552.8
366.904	559.8
367.304	545
367.705	570
368.105	561
368.506	555.2
368.906	557.4
369.307	552.8
369.708	554.8
370.108	545.6
370.509	565.2
370.91	553.4
371.311	565.8
371.712	554.8
372.113	553
372.514	539.4
372.894	552.2
373.295	553.2
373.696	567.4
374.097	570.8
374.499	580.2
374.9	563.2
375.301	549.2
375.703	556.6
376.105	541.8
376.506	562.4
376.908	550.6
377.309	556
377.711	556.8
378.113	545.8
378.493	546.4
378.895	551.2
379.297	562.6
379.699	543.8
380.102	557.8
380.504	556.4
380.906	551.6
381.308	581.2
381.71	549.8
382.113	564
382.515	562.6
382.918	561.6
383.299	550.2
383.701	563.4
384.104	556.4
384.507	538.4
384.909	553
385.312	542.6
385.715	546.6
386.118	555
386.521	546.6
386.924	567.6
387.327	552.4
387.709	552.2
388.112	536.2
388.515	563
388.918	557.4
389.322	557.2
389.725	547.4
390.129	577
390.532	565.4
390.936	549.4
391.339	552.8
391.743	560.6
392.125	553.8
392.529	568.4
392.933	568.6
393.337	554.2
393.74	556.6
394.144	546
394.548	555.8
394.953	548
395.357	564.6
395.761	557.2
396.144	554.8
396.548	552.4
396.952	551.2
397.357	566.6
397.761	553.8
398.166	557.4
398.57	559
398.975	549
399.379	562
399.763	597.6
400.168	554
400.572	562
400.977	559.8
401.382	569.4
401.787	561.8
402.192	569.4
402.597	568.2
403.002	539
403.386	565
403.791	571.4
404.197	552.4
404.602	557.2
405.007	554.4
405.413	547.8
405.818	555.4
406.224	548.4
406.608	560.2
407.014	548.2
407.42	561.4
407.825	546.2
408.231	569.8
408.637	556.4
409.043	566.6
409.449	559.6
409.834	557
410.24	553.2
410.646	569.6
411.052	561.6
411.458	554
411.865	561.8
412.271	568.6
412.677	552.2
413.062	558.6
413.469	551
413.875	577
414.282	570.4
414.689	560.6
415.095	562
415.502	549
415.888	564.4
416.294	545
416.701	597.2
417.108	555
417.515	567
417.923	551
418.33	577
418.715	563.2
419.123	557.6
419.53	555.6
419.937	556.6
420.345	578.4
420.752	550.6
421.16	565.8
421.546	559.2
421.953	567
422.361	548.6
422.769	565
423.177	554.2
423.585	579.2
423.992	575
424.379	565
424.787	574.2
425.195	570.4
425.603	562.6
426.011	568.4
426.419	568.4
426.806	557
427.214	552.4
427.623	565
428.031	578.6
428.44	558.6
428.848	573.2
429.235	577.2
429.644	565.2
430.053	559.2
430.461	571.8
430.87	575.4
431.279	562.6
431.666	547.8
432.075	549.8
432.484	564.8
432.893	554.4
433.302	576
433.711	594
434.099	565.8
434.508	546
434.918	546.4
435.327	563.8
435.737	565.8
436.125	562
436.534	558
436.944	560.8
437.353	559.6
437.763	582.4
438.173	554.8
438.561	566.6
438.971	543.6
439.381	568.4
439.791	562.2
440.201	552.6
440.589	576
440.999	577.6
441.409	575.4
441.819	568.8
442.23	581.4
442.619	585.4
443.029	581.4
443.439	581
443.85	602.2
444.26	603.4
444.649	604.6
445.06	585.6
445.471	587.8
445.881	593.8
446.292	603.6
446.682	620
447.092	581.6
447.503	644.8
447.914	599.6
448.325	603
448.715	602.4
449.126	603.6
449.537	609
449.948	606
450.338	604.2
450.75	616.4
451.161	614.8
451.572	612.6
451.984	609.2
452.374	591.2
452.786	617.4
453.197	612.8
453.609	625
453.999	606.2
454.411	607.2
454.823	631
455.235	625
455.647	610.6
456.037	622.4
456.449	602.6
456.862	617.6
457.274	623.8
457.665	610.8
458.077	624.2
458.489	647.6
458.902	622.2
459.293	622.4
459.705	621.8
460.118	626.6
460.53	632.2
460.921	625
461.334	635.6
461.747	629.8
462.16	644
462.551	645
462.964	639.4
463.377	614.2
463.79	634.6
464.182	631.6
464.595	622.6
465.008	637.2
465.421	646.2
465.813	638.8
466.226	636.4
466.64	634.2
467.053	677.4
467.445	634
467.859	669.6
468.272	649.2
468.686	656
469.078	641.8
469.492	628.4
469.906	635.6
470.298	650.2
470.712	645.4
471.126	669.6
471.54	635.4
471.933	638
472.347	642.2
472.761	645
473.175	637.6
473.568	638.6
473.982	636.2
474.397	641.2
474.79	649.4
475.204	654.2
475.619	642
476.033	647.6
476.426	651.8
476.841	639.6
477.256	668.4
477.649	634.6
478.064	642
478.479	645.4
478.872	634.4
479.287	635.2
479.702	634.6
480.118	647.4
480.511	645
480.927	647
481.342	644.8
481.736	648.8
482.151	644.4
482.566	660.2
482.96	651.4
483.376	655.2
483.792	642.4
484.186	658.2
484.602	656
485.017	643.2
485.412	647.4
485.827	645.4
486.243	631.8
486.638	669.4
487.054	640.4
487.47	663.6
487.865	634.6
488.281	637.6
488.697	637.6
489.092	640.2
489.508	634.4
489.925	660
490.32	627.6
490.736	653.6
491.153	634
491.548	650.2
491.964	648.4
492.381	630.8
492.776	643
493.193	637.4
493.61	635.6
494.006	638.8
494.422	644.8
494.84	629
495.235	643.4
495.652	636.4
496.069	620.2
496.465	628.4
496.883	635
497.3	653.8
497.696	626.4
498.113	637
498.509	626.6
498.927	617.6
499.344	622
499.741	630.4
500.158	635.8
500.576	637.6
500.973	633.2
501.39	626.2
501.787	617.2
502.205	625
502.623	616.8
503.02	610.4
503.438	622
503.856	625.2
504.253	621.8
504.671	629.6
505.068	614.4
505.486	621.6
505.905	642.2
506.302	620.6
506.72	639.6
507.118	619.6
507.536	615.4
507.955	618.2
508.352	614.6
508.771	616.2
509.169	623.2
509.587	615.2
510.006	604
510.404	608
510.823	605.8
511.221	614.6
511.64	609
512.038	618.8
512.457	611.6
512.877	606
513.275	600
513.694	608.2
514.092	610.2
514.512	613.4
514.91	614.8
515.33	607.2
515.749	615.6
516.148	609
516.568	606.4
516.966	603.8
517.386	607.2
517.785	605.8
518.205	601.8
518.603	598
519.024	595
519.444	603.4
519.843	605.8
520.263	612.2
520.662	600.6
521.082	597.8
521.481	599.2
521.902	587.8
522.301	598
522.722	598
523.121	596.4
523.542	599.4
523.963	595.4
524.362	587.8
524.783	589.4
525.183	593.4
525.604	594.4
526.003	590.2
526.425	587.4
526.824	598.6
527.246	595.2
527.646	595.6
528.067	591.8
528.467	586.8
528.888	591
529.289	583.6
529.71	586.8
530.11	584.4
530.532	581.2
530.932	579.8
531.354	571.4
531.755	609.2
532.176	588.2
532.577	580
532.999	583.4
533.4	578.4
533.822	589.6
534.223	594
534.645	574.6
535.046	570.6
535.468	571.6
535.869	599.8
536.292	577.2
536.693	610
537.115	582.6
537.516	575.4
537.939	571.4
538.34	595.6
538.742	589.6
539.165	582.4
539.566	582.4
539.989	568.2
540.391	573.8
540.814	571.8
541.216	573
541.639	578.2
542.041	585.8
542.464	575
542.866	573.2
543.268	564
543.691	580
544.093	574.2
544.517	595.8
544.919	571.2
545.343	599
545.745	566.6
546.147	574.2
546.571	575.8
546.974	570.6
547.398	575.8
547.8	590.4
548.224	569.8
548.627	560.6
549.03	571.6
549.454	559.6
549.857	565.4
550.281	564.4
550.684	569.8
551.087	581.2
551.512	576
551.915	567.8
552.34	570.8
552.743	567.4
553.146	567.4
553.571	567.6
553.975	579.4
554.399	562
554.803	601.4
555.207	559.4
555.632	561.4
556.036	559
556.461	557.6
556.865	577.2
557.268	566
557.694	568
558.098	568.2
558.502	570.6
558.927	555
559.332	562.6
559.736	564.4
560.162	565.4
560.566	559.4
560.992	568.2
561.396	563.4
561.801	563.4
562.227	564.6
562.631	559.2
563.036	562.4
563.462	562.4
563.867	548.6
564.272	554.6
564.698	564.4
565.103	549
565.508	576.6
565.935	547.8
566.34	563
566.745	576.6
567.172	549.6
567.577	569.8
567.982	574.6
568.409	569
568.815	557.4
569.22	568.4
569.626	562.4
570.053	544.4
570.459	556.6
570.865	562.6
571.292	557.2
571.698	563
572.104	547.4
572.531	550.2
572.937	569
573.343	552.4
573.75	546.8
574.177	553.2
574.583	560.2
574.99	553.4
575.396	556.6
575.824	552.2
576.231	565.8
576.637	551.6
577.065	577.6
577.472	547.6
577.879	556.4
578.286	569.4
578.714	548
579.121	544.4
579.528	558
579.935	563.4
580.364	549.4
580.771	536.4
581.178	541.6
581.585	551.8
582.014	546.2
582.421	550.6
582.829	557.4
583.236	554.2
583.644	542.2
584.073	546.6
584.481	557.6
584.889	547.4
585.296	557.4
585.726	551.2
586.134	544.8
586.542	552.2
586.95	566.2
587.358	548.2
587.787	549.2
588.196	567
588.604	555.6
589.012	550
589.421	547.6
589.851	545.4
590.259	553.2
590.668	547.6
591.076	583
591.485	530.2
591.894	545.4
592.324	561.8
592.733	556.2
593.142	539.6
593.551	544.8
593.96	570.2
594.369	526
594.8	535.6
595.209	549.8
595.618	534.4
596.028	550.4
596.437	530.8
596.847	544.2
597.256	549.6
597.687	549.6
598.097	550.6
598.507	542.8
598.917	544
599.327	553.2
599.736	552
600.146	550
600.556	549.4
600.988	551
601.398	547.4
601.808	552.6
602.219	532.2
602.629	539.4
603.039	540.2
603.45	570.6
603.86	543.8
604.271	558.8
604.703	543
605.114	546.2
605.525	542.2
605.935	549
606.346	571
606.757	547.2
607.168	543.8
607.579	540.6
607.99	549
608.402	545.4
608.813	543.8
609.224	539.6
609.636	542
610.047	538.6
610.48	544.8
610.892	551.2
611.303	559.4
611.715	540.4
612.127	538.6
612.539	538.4
612.95	543.4
613.362	528
613.774	535.4
614.186	538.8
614.599	540.2
615.011	546.6
615.423	543.2
615.835	541.4
616.248	529
616.66	552.6
617.073	537.8
617.485	543.8
617.898	552.4
618.311	545.6
618.723	551
619.136	569.8
619.549	557.2
619.962	571.2
620.375	543
620.788	545.8
621.201	536.8
621.614	549.8
622.028	545
622.441	541.6
622.854	549.6
623.268	537.6
623.681	536
624.095	540.4
624.509	546.8
624.922	551.8
625.336	533.4
625.728	542.4
626.142	544.2
626.556	555.8
626.97	549.6
627.384	534.4
627.799	538.6
628.213	553.4
628.627	543
629.041	529.4
629.456	536.4
629.87	539.2
630.285	547.8
630.699	543.2
631.093	544.2
631.507	548.8
631.922	545.8
632.337	559
632.752	536
633.167	535.2
633.582	537.6
633.997	538.6
634.412	537.4
634.806	540
635.221	535.2
635.637	545.4
636.052	529.6
636.468	542.8
636.883	553.2
637.299	544.4
637.715	527.4
638.109	538.2
638.525	524.8
638.941	559.6
639.357	546.2
639.773	559
640.189	531.2
640.584	541.6
641	540
641.416	530.8
641.832	534
642.249	542
642.665	541.8
643.06	547
643.477	549.8
643.894	533.4
644.31	534.6
644.727	537.6
645.123	532.6
645.54	537.8
645.957	540.4
646.374	544
646.77	538.8
647.187	563.8
647.604	534.6
648.021	520.8
648.439	542.2
648.835	541.2
649.252	538.8
649.67	533
650.088	541.2
650.484	541
650.902	538.2
651.32	549.2
651.738	533.8
652.134	535.6
652.552	556.4
652.971	548.6
653.389	533.6
653.786	553.8
654.204	551.8
654.622	533.6
655.019	534.2
655.438	539.4
655.857	541
656.275	551.4
656.673	535.6
657.091	543.2
657.51	531.2
657.908	545
658.327	548.4
658.746	531.8
659.144	534.2
659.563	554.4
659.982	538.2
660.38	527
660.8	542.8
661.219	540.2
661.617	539
662.037	533.8
662.457	553
662.855	524.4
663.275	569.8
663.695	535.6
664.094	533
664.514	542.6
664.934	532.8
665.333	541.2
665.753	530.2
666.152	518.2
666.572	532
666.993	545.8
667.392	533.8
667.812	530.8
668.212	525
668.632	535.8
669.053	525.2
669.453	534.8
669.874	535.2
670.273	531.4
670.694	529.4
671.116	549.8
671.515	538.4
671.937	532
672.337	530
672.758	530.4
673.158	542.4
673.58	523.4
673.98	541.8
674.402	549.8
674.824	530
675.224	533
675.646	527
676.047	526.2
676.469	534
676.869	538.4
677.292	538.6
677.693	520.6
678.115	529.8
678.516	538.4
678.939	537.8
679.34	536.6
679.762	545.4
680.164	541.8
680.586	527.4
680.988	530.8
681.411	564
681.812	537.8
682.236	527
682.637	527.8
683.061	523
683.462	544.8
683.864	528
684.288	538.8
684.69	528.4
685.114	547.4
685.516	543.8
685.94	520.8
686.342	546.2
686.766	522.8
687.168	538
687.571	553.2
687.995	542.6
688.398	523.2
688.822	539.8
689.225	552.8
689.628	541.8
690.052	530.8
690.456	532.4
690.88	530.4
691.284	531.4
691.687	534.6
692.112	520.6
692.515	521.8
692.919	532
693.344	539.8
693.747	535.2
694.173	534.2
694.577	552.8
694.98	529.2
695.406	530.8
695.81	540.2
696.214	541.2
696.64	543.4
697.044	536.4
697.448	547
697.874	536
698.279	534.4
698.684	526
699.11	532.4
699.514	543.6
699.919	531.6
700.324	521.6
700.75	536.8
701.156	532.8
701.561	537
701.987	538.4
702.393	541.8
702.798	539.2
703.203	538.8
703.63	527.6
704.036	531.2
704.442	536.8
704.847	520.8
705.274	534.4
705.68	538.4
706.086	540.4
706.492	526.2
706.92	532
707.326	528.2
707.732	524.6
708.139	524.2
708.545	528.4
708.973	529.2
709.38	541.6
709.786	526.4
710.193	541.6
710.6	539
711.028	526
711.435	533.8
711.842	530.4
712.249	527.2
712.656	529.2
713.064	538.4
713.492	531.6
713.9	521.2
714.307	534.4
714.715	532
715.123	540.4
715.53	535.8
715.938	543
716.367	536
716.775	528
717.184	524.6
717.592	523.6
718	533.8
718.408	559.6
718.816	569.4
719.225	542.8
719.633	535.8
720.042	522.2
720.472	532.4
720.881	548.8
721.29	537.4
721.699	514.4
722.108	539
722.517	530.2
722.926	525.2
723.335	541
723.744	524.8
724.154	528.8
724.563	534.6
724.973	538.6
725.382	531.6
725.792	530
726.202	517.2
726.612	549.8
727.022	529.8
727.432	521.2
779.813	525.4
780.223	577.2
780.634	525.2
781.044	521
781.454	528.4
781.865	535.4
782.276	522.2
782.686	537.2
783.097	524.8
783.508	530.2
783.919	534
784.33	541
784.741	541.2
785.152	530.4
785.563	513.2
785.974	534.8
786.386	541
786.776	523.8
787.188	527.4
787.599	521.8
788.011	539.4
788.423	533.4
788.835	529.8
789.247	520.8
789.659	531.2
790.071	602.4
790.483	606.6
790.874	534
791.286	538.8
791.699	524
792.111	533.4
792.524	534.4
792.937	530.6
793.349	522
793.741	528.4
794.154	522.6
794.567	548.2
794.98	526.6
795.393	518.2
795.785	542.2
796.198	529.2
796.612	529.6
797.026	526.6
797.439	515.4
797.831	520.4
798.245	515.4
798.659	530.4
799.073	519.4
799.487	526.2
799.88	533.6
800.294	532.8
800.708	532.4
801.123	529.2
801.516	546.4
801.93	511.2
802.345	515.4
802.76	527
803.153	534.4
803.568	536.2
803.983	538
804.377	538.4
804.792	523
805.207	521.8
805.601	523.8
806.016	559
806.432	527.6
806.826	557.4
807.242	539
807.658	531.4
808.052	524.4
808.468	529.2
808.884	515.4
809.279	523.8
809.695	537.4
810.111	552.2
810.506	525
810.922	544.2
811.339	524.6
811.734	531
812.151	521.2
812.546	529.6
812.963	531.6
813.38	524.2
813.776	537.2
814.193	543.6
814.589	516
815.006	524.6
815.402	522.4
815.82	521.2
816.237	526
816.633	531.2
817.051	518.4
817.448	527.4
817.866	518.2
818.262	548.6
818.68	526.4
819.077	521
819.495	526.4
819.892	562
820.311	518.2
820.708	530.4
821.127	522.2
821.524	543
821.943	533.8
822.34	541.8
822.759	525.4
823.157	533.8
823.576	537.8
823.974	527.2
824.393	576.4
824.791	528
825.189	524.8
825.609	524.6
826.007	533.6
826.427	523.4
826.826	525.4
827.246	524.4
827.644	520
828.043	530
828.463	529
828.862	533.8
829.261	530.8
829.682	520.2
830.081	532.2
830.502	520.4
830.901	526
831.301	542.6
831.722	514.2
832.121	530.2
832.521	521
832.943	531.2
833.342	525.6
833.742	525.8
834.164	526.2
834.564	521.2
834.965	528
835.386	529.4
835.787	527.8
836.188	521.4
836.588	535.4
837.01	528.4
837.411	524.4
837.812	531.6
838.213	531.6
838.636	525
839.037	590.4
839.438	526.8
839.84	523.4
840.263	530.6
840.664	530.2
841.066	528.4
841.468	533.4
841.891	530.2
842.293	542.2
842.695	534.8
843.098	539.4
843.5	516.6
843.902	525.4
844.326	535.6
844.729	525.6
845.131	541
845.534	531.8
845.937	537.4
846.34	539
846.764	528.2
847.167	532
847.571	518.4
847.974	527
848.377	530.6
848.781	574.6
849.184	547.4
849.588	521.6
849.992	521
850.396	531
850.821	551.6
851.225	540
851.63	531.4
852.034	544.4
852.438	527.4
852.843	553
853.247	520.2
853.652	524.2
854.057	547.2
854.462	528.8
854.867	535
855.272	553
855.677	534
856.082	523.6
856.487	523.4
856.893	528.8
857.298	524.2
857.704	521.6
858.11	525.8
858.516	532.8
858.922	531.6
859.328	538
859.734	531.6
860.14	532.4
860.525	526
860.931	525.4
861.338	530.8
861.745	531.8
862.151	535
862.558	529.8
862.965	516.8
863.372	523.4
863.779	519.8
864.186	539
864.572	525.2
864.98	545.2
865.387	555.4
865.795	510.6
866.203	532
866.61	519.6
867.018	541.4
867.405	526
867.813	522.4
868.221	527
868.63	521.8
869.038	531
869.425	557.4
869.834	521
870.243	520.6
870.652	523.6
871.039	513.6
871.448	524.6
871.857	538.4
872.266	530
872.654	519.2
873.064	515.4
873.473	528.4
873.883	513.4
874.271	512.6
874.681	534.2
875.091	512.8
875.48	529.2
875.89	539.6
876.3	524.6
876.689	510.8
877.1	523.8
877.51	527.8
877.9	532.8
878.31	522.8
878.721	552.4
879.111	662.6
879.522	527
879.933	514
880.323	517.4
880.734	518.4
881.125	527
881.536	517.6
881.948	516
882.338	523.8
882.75	540.2
883.141	521.6
883.553	531.4
883.944	552.6
884.356	533.4
884.769	523.2
885.16	527.8
885.573	525
885.964	522.8
886.377	524.4
886.768	523.6
887.181	522.4
887.573	522
887.987	536
888.378	528.2
888.792	523.4
889.184	572.6
889.598	520.2
889.99	524.6
890.383	523.8
890.797	511
891.19	532.4
891.604	522.6
891.997	512.4
892.411	519.8
892.805	508.8
893.198	521.8
893.613	512.2
894.006	518
894.421	513.6
894.815	521.4
895.209	519.4
895.624	562.8
896.018	542.4
896.412	523
896.828	520
897.222	524.2
897.617	521.6
898.033	545
898.427	527
898.822	523.8
899.239	515
899.634	512
900.029	544.2
900.424	517.6
900.841	518.8
901.236	526
901.632	529.2
902.027	573.4
902.445	532.2
902.841	524.2
903.237	520.6
903.633	536.4
904.05	531.6
904.447	526.2
904.843	524.6
905.24	525.4
905.636	514.8
906.033	521.8
906.451	535.8
906.848	513.6
907.246	525
907.643	522
908.04	529
908.438	523.2
908.835	531
909.254	518.4
909.652	527.2
910.05	520.8
910.448	519.8
910.846	527
911.244	516.2
911.643	518.2
912.041	520.6
912.44	538.4
912.839	520.6
913.237	516.4
913.636	511.2
914.035	523.8
914.434	528.6
914.834	526.6
915.233	527.6
915.633	521.2
916.032	514.2
916.432	516.8
916.832	535
917.232	522.6
917.632	512.8
918.032	532.6
918.432	526.8
918.833	518.8
919.233	518
919.634	508
920.035	530.2
920.436	527.6
920.837	529.8
921.238	517
921.639	520.4
922.019	521.8
922.42	528.2
922.822	525.6
923.224	522.6
923.625	524.2
924.027	519.8
924.429	533
924.81	520
925.212	526.8
925.615	523.4
926.017	531.4
926.42	537.4
926.801	524.2
927.204	523.2
927.607	534.6
928.01	536.8
928.413	531.8
928.795	508.6
929.199	518
929.602	518.6
930.006	514
930.388	521.4
930.792	530
931.196	520.8
931.579	557.4
931.983	516
932.388	564.6
932.771	520.8
933.176	518.8
933.58	522.8
933.964	526.2
934.369	517.2
934.774	524.8
935.158	522.6
935.563	531.8
935.947	521.8
936.353	528.4
936.759	525.8
937.143	534.4
937.549	516.4
937.934	529.4
938.34	535.6
938.746	523.6
939.131	518.4
939.538	519.4
939.923	524.2
940.33	522.4
940.716	524.6
941.123	521.4
941.508	540.6
941.916	539.2
942.302	522.4
942.709	513.2
943.096	516
943.503	525.6
943.89	531.4
944.298	513
944.685	550.6
945.072	513
945.48	539
945.867	513.8
946.276	515.2
946.663	545.2
947.051	536.6
947.46	534.4
947.848	523.2
948.257	518
948.645	527.6
949.033	516.8
949.443	522.6
949.831	557.4
950.22	514.2
950.63	525.4
951.018	551
951.407	519.8
951.796	516.8
952.207	534.4
952.596	532.2
952.985	515.4
953.375	557.4
953.786	522.8
954.176	514
954.566	524
954.956	513.6
955.367	517.2
955.758	545.8
956.148	513.2
956.539	525
956.929	515.8
957.341	517
957.732	510.8
958.123	529
958.515	515.2
958.906	533.6
959.297	511.2
959.689	520.8
960.102	514.8
960.494	525
960.886	515.4
961.278	522.2
961.67	542.4
962.062	552.4
962.455	508.6
962.847	515.8
963.24	515.2
963.633	514.4
964.026	510.6
964.419	525.6
964.812	536.8
965.206	521.2
965.599	523.2
965.993	519
966.386	515.6
966.78	536.4
967.174	526.2
967.569	512.6
967.963	513.4
968.357	513.2
968.752	511.6
969.146	515.2
969.541	508.6
969.936	520
970.331	506.6
970.705	517.4
971.1	519
971.496	527.4
971.892	510.8
972.287	522
972.683	521.6
973.079	519.2
973.454	535.6
973.85	520.8
974.247	529.6
974.643	551.2
975.04	533.2
975.415	526.6
975.812	512.8
976.209	527
976.607	517
976.982	533.2
977.38	534.2
977.778	519.2
978.175	516
978.552	527
978.95	521.6
979.348	525.4
979.725	565.6
980.123	514.6
980.522	518.6
980.899	511.8
981.298	520
981.697	520
982.075	517.4
982.474	519
982.852	522.8
983.251	523.2
983.651	518.8
984.029	519.6
984.429	513.2
984.808	509
985.208	514.6
985.609	511.8
985.987	510
986.388	509.2
986.768	519.8
987.168	511
987.548	514.8
987.949	525.2
988.329	533.4
988.731	516.6
989.111	523
989.491	516.2
989.893	522.6
990.273	528.4
990.676	514.8
991.057	511.2
991.459	515.6
991.84	519.6
992.221	515.6
992.624	530
993.006	519.2
993.388	519
993.791	521.2
994.173	518.4
994.576	545.8
994.959	507.2
995.341	513.6
995.724	517.8
996.128	514.2
996.511	524
996.894	513.6
997.298	516.6
997.681	523.4
998.065	516.8
998.448	522.8
998.854	518.8
999.237	506.6
999.621	521.8
1000.01	542.2
1000.39	523.6
1000.8	517.6
1001.18	528.6
1001.56	521.8
1001.95	530.2
1002.33	520
1002.72	515.4
1003.13	516
1003.51	515.2
1003.9	517.8
1004.28	535.6
1004.67	508
1005.06	521.6
1005.44	542.8
1005.83	515
1006.21	520.2
1006.6	522.8
1006.99	526.2
1007.37	528
1007.76	520
1060.12	510.8
1060.51	521.2
1060.89	522.2
1061.28	532.4
1061.67	528.6
1062.06	534.4
1062.45	520
1062.83	516.6
1063.22	524.2
1063.61	553.2
1064	528.8
1064.39	518.6
1064.78	514.6
1065.14	531.8
1065.53	522.4
1065.92	517.6
1066.31	518.4
1066.7	530.8
1067.09	535.6
1067.46	531.4
1067.85	523.6
1068.24	518.4
1068.63	521
1069.02	519.8
1069.39	519.2
1069.78	511
1070.17	520.2
1070.57	518
1070.93	520
1071.33	523.6
1071.72	522.4
1072.11	517.8
1072.48	516.6
1072.87	523.6
1073.26	523.4
1073.64	520.2
1074.03	517.2
1074.4	517.4
1074.79	511.2
1075.19	524.2
1075.56	518
1075.95	524
1076.34	516.8
1076.72	518.4
1077.11	523
1077.48	523.8
1077.88	521.4
1078.25	520.4
1078.64	530.4
1079.02	524.8
1079.41	528.2
1079.78	516.2
1080.18	513.6
1080.55	583
1080.95	509.2
1081.32	508
1081.72	523.2
1082.09	518.8
1082.49	514.6
1082.86	517.2
1083.24	509.2
1083.63	512.8
1084.01	516
1084.38	530.6
1084.78	523.4
1085.16	521.6
1085.55	528.2
1085.93	528.8
1086.31	513.4
1086.7	549
1087.08	517.6
1087.46	521.8
1087.83	501
1088.23	526.4
1088.61	517.2
1088.99	525.4
1089.36	507.4
1089.76	516.2
1090.14	522.8
1090.52	518.4
1090.9	516
1091.27	531.4
1091.67	543.2
1092.05	522.6
1092.43	523
1092.81	521.8
1093.19	519.6
1093.57	510.2
1093.95	511.8
1094.35	525
1094.73	529.4
1095.11	501.2
1095.49	515.6
1095.87	518.4
1096.25	525.6
1096.63	535.2
1097.01	517.2
1097.39	527.8
1097.77	517.6
1098.15	512.2
1098.53	513.6
1098.91	514.6
1099.29	514.2
1099.68	532.6
1100.06	526.4
1100.44	520.6
1100.82	518.8
1101.18	519.4
1101.56	512.2
1101.95	513.6
1102.33	515.2
1102.71	511.2
1103.1	509.2
1103.48	500.8
1103.86	509
1104.22	518
1104.61	517.6
1104.99	509
1105.38	508.4
1105.76	513.6
1106.12	510
1106.51	542.6
1106.89	526.2
1107.26	514
1107.64	516
1108.03	509.4
1108.41	517.6
1108.78	516.2
1109.16	516.6
1109.55	518.8
1109.91	500.2
1110.3	502.8
1110.69	528
1111.05	511.8
1111.44	510.2
1111.8	520.8
1112.19	522
1112.58	515.6
1112.94	516.2
1113.33	506.2
1113.7	504.4
1114.09	518.6
1114.45	511.4
1114.84	523.2
1115.21	524.2
1115.6	510
1115.96	517.6
1116.35	526.6
1116.72	518.2
1117.11	526.8
1117.48	508
1117.85	512.2
1118.24	528.2
1118.6	520.6
1118.99	506.8
1119.36	525.4
1119.73	518.8
1120.12	516
1120.49	505.8
1120.86	525
1121.25	528.8
1121.62	503
1121.99	509.8
1122.38	529.6
1122.76	514.6
1123.13	507.4
1123.5	521.6
1123.89	519
1124.26	510.6
1124.63	512.8
1125	509
1125.4	514.2
1125.77	507.8
1126.14	492.6
1126.51	505.8
1126.88	520
1127.26	512
1127.63	498.8
1128.02	512.2
1128.4	508.4
1128.77	517.2
1129.14	518.4
1129.52	515.6
1129.89	520.4
1130.26	505.6
1130.64	514.8
1131.01	517.2
