#lambda/nm	C1
208.295	466.4
208.67	430.8
209.045	398.2
209.419	395
209.794	555.6
210.169	541
210.544	659.4
210.919	568.4
211.295	561.4
211.67	565.2
212.045	555.4
212.421	557.6
212.796	596.8
213.172	554.6
213.547	564.2
213.923	561.8
214.299	558.2
214.675	570.8
215.051	569.2
215.427	565.8
215.803	574.4
216.179	573
216.555	555.4
216.932	571.8
217.308	561.4
217.684	563.4
218.061	563.6
218.438	558.2
218.814	560
219.191	569
219.568	560.8
219.945	565.4
220.322	570.6
220.699	562.8
221.076	567.8
221.453	562
221.83	548.6
222.208	555
222.585	561.4
222.962	557.8
223.34	563
223.717	556
224.095	558
224.473	565.4
224.851	560.4
225.229	561.4
225.607	578.2
225.985	560.2
226.363	560
226.741	552.2
227.119	562.4
227.497	577.4
227.876	553.2
228.254	566.2
228.633	566.6
229.011	567.8
229.39	565.2
229.769	563
230.148	575.4
230.527	583.8
230.905	570.4
231.284	571.8
231.664	556
232.043	571.6
232.422	575.8
232.801	561
233.181	567.2
233.56	555
233.94	560
234.319	550.4
234.699	561
235.079	600.6
235.458	602.2
235.838	581.2
236.218	570
236.598	552.8
236.978	566
237.358	566.2
237.738	557.4
238.119	576.2
238.499	549.8
238.88	556.4
239.26	580
239.641	560.6
240.021	560
240.402	563.6
240.783	565.6
241.163	564
241.544	564.6
241.925	569.4
242.306	575.2
242.687	569
243.069	562.2
243.45	568
243.831	560
244.212	556
244.594	602
244.975	569.6
245.357	570.4
245.739	559
246.12	571.2
246.502	579.2
246.884	555.6
247.266	558.8
247.648	569.8
248.03	579.8
248.412	562.2
248.794	559.2
249.176	549.4
249.559	569.4
249.941	552.8
250.323	557.6
250.706	560
251.089	556.6
251.471	556
251.854	564.6
252.237	570.8
252.62	570
253.002	567.4
253.385	552
253.769	565.6
254.152	561
254.535	566.6
254.918	549.6
255.301	566.2
255.685	554.6
256.068	549.2
256.452	579.8
256.835	571.2
257.219	568.6
257.603	568.8
257.986	556.4
258.37	571.2
258.754	547
259.138	569.2
259.522	574.2
259.906	559.4
260.29	563.4
260.675	562
261.059	567.2
261.443	556.4
261.828	570.4
262.212	574
262.597	550.2
262.981	558.6
263.366	567.8
263.751	563.8
264.136	556.4
264.521	564.2
264.906	554.6
265.291	575
265.676	564.4
266.061	566.4
266.446	581.2
266.831	562.8
267.217	587.4
267.602	564.2
267.987	571
268.373	562.2
268.759	566
269.144	576
269.53	562.4
269.916	560.8
270.302	556.2
270.688	563.8
271.074	564.4
271.46	576.2
271.846	591.2
272.232	564
272.618	556
273.004	559.2
273.391	577.4
273.777	571
274.164	570.4
274.55	575.8
274.937	569.2
275.324	578.4
275.71	569.4
276.097	569.2
276.484	561.2
276.871	561.8
277.258	565
277.645	548.6
278.032	565.8
278.419	553.4
278.807	564.6
279.194	557.2
279.581	555.8
279.969	556.4
280.356	560.4
280.744	559.2
281.131	587.2
281.519	576.4
281.907	560.8
282.295	560.2
282.682	573.6
283.07	569.2
283.458	568.8
283.846	569.2
284.235	572.2
284.623	566.2
285.011	551
285.399	563.6
285.788	563.2
286.176	547.6
286.565	571.2
286.953	555.4
287.342	556.4
287.731	557.6
288.119	562.6
288.508	563
288.897	568.8
289.286	554.6
289.675	553.8
290.064	568.6
290.453	559
290.821	563.6
291.21	573.4
291.599	561.4
291.989	570
292.378	565
292.768	576.2
293.157	571
293.547	574
293.936	564
294.326	556.2
294.716	571.2
295.106	562
295.496	578.6
295.886	571.4
296.276	570.8
296.666	555
297.056	553.4
297.446	556
297.836	575.6
298.227	568.2
298.617	568.2
299.008	573
299.398	566.6
299.789	555.6
300.179	562.8
300.57	571.4
300.961	559.2
301.352	558.4
301.742	566.4
302.133	569
302.524	569.8
302.915	564.8
303.307	553
303.698	572.6
304.089	571
304.48	561.6
304.872	566.8
305.263	564.8
305.655	555.4
306.046	567
306.438	572.4
306.829	566.8
307.221	574
307.613	565.6
308.005	575
308.397	586.4
308.789	581.6
309.181	593.6
309.573	578
309.965	573.4
310.357	556.2
310.749	568.8
311.142	554.6
311.534	569
311.926	573.8
312.319	565
312.711	556
313.104	580.4
313.497	559.6
313.889	590.8
314.282	580.8
314.675	584.4
315.068	571
315.461	570.6
315.854	598.6
316.247	576.2
316.64	560.2
317.033	559.8
317.405	572.2
317.798	570.2
318.192	559.4
318.585	561.2
318.979	561.6
319.372	562.6
319.766	560.8
320.16	573
320.553	581.2
320.947	589
321.341	557.8
321.735	561.2
322.129	546.4
322.523	586
322.917	553.2
323.311	572
323.705	560.6
324.099	564.2
324.494	571
324.888	577.4
325.282	569.2
325.677	573.4
326.071	573.4
326.466	572.8
326.861	562.2
327.255	574.2
327.65	574
328.045	576
328.44	566.6
328.835	565.4
329.23	552.2
329.625	593
330.02	561.2
330.415	582
330.81	579
331.206	571.6
331.601	555
331.996	574.2
332.37	587
332.766	556
333.161	582.8
333.557	562.2
333.953	567.8
334.348	846.6
334.744	563.8
335.14	569
335.536	563
335.932	566.6
336.328	572.8
336.724	567.8
337.12	564.4
337.516	569.8
337.913	563.8
338.309	573.6
338.705	570.8
339.102	567
339.498	557.2
339.895	577.8
340.291	552.2
340.688	568.2
341.085	566
341.481	561
341.878	565.4
342.275	589
342.672	555
343.069	555.6
343.466	550.6
343.842	576.2
344.239	563.2
344.636	561.4
345.033	554
345.431	551.2
345.828	564.6
346.225	553.6
346.623	588.6
347.02	554.4
347.418	562
347.816	578.2
348.213	549
348.611	563.2
349.009	551.4
349.407	559.6
349.805	554.2
350.203	541
350.601	572.6
350.999	547
351.397	595.4
351.795	555.2
352.193	561.2
352.57	564.8
352.969	567.2
353.367	550.2
353.766	546
354.164	559.8
354.563	560.6
354.961	559.4
355.36	552.8
355.759	560.4
356.158	550.2
356.557	546.2
356.956	553.2
357.355	548.2
357.754	565.4
358.153	569.2
358.552	585.8
358.951	559.6
359.35	571
359.75	554.2
360.149	545
360.527	547
360.926	557.8
361.326	572.6
361.726	561
362.125	559.4
362.525	564.6
362.925	567.2
363.325	562
363.724	557.6
364.124	558.2
364.524	552.4
364.924	559.8
365.324	560
365.725	538.8
366.125	562.2
366.525	558
366.904	554.4
367.304	540
367.705	578.2
368.105	569.8
368.506	552.8
368.906	559.8
369.307	557.6
369.708	570.2
370.108	549.2
370.509	557.8
370.91	552.2
371.311	562.6
371.712	559.6
372.113	556.6
372.514	549.6
372.894	555.2
373.295	553.2
373.696	563.8
374.097	563.8
374.499	582.2
374.9	562.4
375.301	545
375.703	551.6
376.105	544.4
376.506	557.6
376.908	555.8
377.309	555.4
377.711	559.2
378.113	548.4
378.493	554.6
378.895	554.8
379.297	565.2
379.699	550.2
380.102	552.2
380.504	561.2
380.906	543.4
381.308	578.2
381.71	552
382.113	553.2
382.515	547
382.918	561
383.299	545.4
383.701	558.2
384.104	550.4
384.507	541.6
384.909	551.8
385.312	540.8
385.715	545
386.118	553
386.521	542.6
386.924	568.8
387.327	545.8
387.709	541
388.112	542.4
388.515	560
388.918	552.4
389.322	564
389.725	556
390.129	576
390.532	560.8
390.936	552.4
391.339	554
391.743	561.6
392.125	549.2
392.529	557.6
392.933	571.2
393.337	551.8
393.74	554.8
394.144	559.4
394.548	548
394.953	547.2
395.357	565.2
395.761	557.4
396.144	555.2
396.548	555.6
396.952	550.2
397.357	561
397.761	545.8
398.166	552.4
398.57	559.2
398.975	551.2
399.379	557.8
399.763	589.8
400.168	556.8
400.572	560.4
400.977	551
401.382	564
401.787	566.6
402.192	564.8
402.597	570
403.002	544.8
403.386	563.4
403.791	572.8
404.197	551.2
404.602	552.2
405.007	554
405.413	545
405.818	550.8
406.224	550.2
406.608	550
407.014	542.2
407.42	572.2
407.825	554
408.231	568.4
408.637	557.4
409.043	559.2
409.449	550.4
409.834	547.2
410.24	552.2
410.646	566
411.052	575.6
411.458	562.2
411.865	564.4
412.271	556.6
412.677	552.2
413.062	564
413.469	550.6
413.875	576
414.282	566.2
414.689	565.4
415.095	553.8
415.502	548.4
415.888	550
416.294	542.8
416.701	588.6
417.108	541.4
417.515	571.6
417.923	553
418.33	565.6
418.715	563.4
419.123	555.2
419.53	549.8
419.937	558
420.345	560.4
420.752	555.6
421.16	568.8
421.546	551.2
421.953	567.4
422.361	552.6
422.769	558.6
423.177	550.2
423.585	575
423.992	576
424.379	572.8
424.787	569.8
425.195	580.2
425.603	557.2
426.011	567
426.419	570
426.806	561.2
427.214	564.2
427.623	567.6
428.031	579
428.44	562.4
428.848	576.4
429.235	571.6
429.644	572.2
430.053	553
430.461	572.2
430.87	580.6
431.279	574.4
431.666	553.2
432.075	563.6
432.484	561.6
432.893	558.4
433.302	583.8
433.711	599.2
434.099	573.6
434.508	568.4
434.918	558.2
435.327	588.8
435.737	577.8
436.125	575.2
436.534	592.4
436.944	582.2
437.353	591.6
437.763	614.4
438.173	584
438.561	609.2
438.971	590.2
439.381	612.6
439.791	606.2
440.201	595
440.589	621
440.999	625.8
441.409	630.6
441.819	617.4
442.23	637.6
442.619	646.2
443.029	640.4
443.439	640
443.85	661.4
444.26	663.4
444.649	659.4
445.06	651.6
445.471	659
445.881	657.8
446.292	676
446.682	675.8
447.092	652
447.503	706.2
447.914	670.4
448.325	668.4
448.715	681
449.126	671
449.537	682.4
449.948	685.4
450.338	694
450.75	682.2
451.161	691
451.572	705.6
451.984	684
452.374	683
452.786	692
453.197	699
453.609	704.6
453.999	690
454.411	687.8
454.823	706
455.235	698.8
455.647	689.4
456.037	699.2
456.449	688.2
456.862	701.2
457.274	705
457.665	689
458.077	704.8
458.489	731.6
458.902	703.4
459.293	704.6
459.705	703.4
460.118	696.2
460.53	714
460.921	712.2
461.334	715
461.747	710.4
462.16	724
462.551	723.8
462.964	719.8
463.377	706.4
463.79	712
464.182	728.8
464.595	703.6
465.008	716.2
465.421	721.8
465.813	719.6
466.226	719.4
466.64	720
467.053	768.4
467.445	741
467.859	741.4
468.272	730.4
468.686	731
469.078	716
469.492	719
469.906	727.6
470.298	736
470.712	717.2
471.126	732.4
471.54	711.6
471.933	715.6
472.347	723
472.761	714
473.175	714.4
473.568	715.2
473.982	718
474.397	721.4
474.79	727
475.204	721.8
475.619	715.6
476.033	720.8
476.426	718.2
476.841	718.8
477.256	742.8
477.649	712.2
478.064	702.2
478.479	706.2
478.872	699.6
479.287	696.6
479.702	704.6
480.118	707.4
480.511	709.2
480.927	713
481.342	700.2
481.736	709.2
482.151	702.6
482.566	719.4
482.96	706.6
483.376	719.4
483.792	701.6
484.186	703.8
484.602	700.8
485.017	710.4
485.412	712.4
485.827	710.4
486.243	716.6
486.638	720.4
487.054	700.8
487.47	713.8
487.865	686.4
488.281	696.2
488.697	693.4
489.092	697.2
489.508	690.6
489.925	702
490.32	690.4
490.736	691.4
491.153	691.2
491.548	693
491.964	695.8
492.381	680.4
492.776	701.4
493.193	697.2
493.61	696.6
494.006	692.8
494.422	701.2
494.84	678.2
495.235	686.4
495.652	683.6
496.069	682.8
496.465	671.6
496.883	677.2
497.3	696.8
497.696	673.6
498.113	682.2
498.509	667
498.927	663
499.344	672
499.741	664.4
500.158	678.2
500.576	676.4
500.973	671
501.39	656.4
501.787	660.4
502.205	668.4
502.623	663.6
503.02	656.6
503.438	661
503.856	653
504.253	656.8
504.671	660.6
505.068	658.6
505.486	657.4
505.905	672.6
506.302	658
506.72	664.4
507.118	644.8
507.536	648.2
507.955	641.4
508.352	658.4
508.771	657.2
509.169	654.2
509.587	644
510.006	644.2
510.404	638.8
510.823	633.8
511.221	635.8
511.64	643.6
512.038	640.2
512.457	639.4
512.877	640.8
513.275	635.4
513.694	635.2
514.092	629.8
514.512	631.8
514.91	639
515.33	622.2
515.749	631.2
516.148	634.4
516.568	634.4
516.966	630.4
517.386	626
517.785	635
518.205	613.6
518.603	613
519.024	620.8
519.444	633.6
519.843	633.8
520.263	638.6
520.662	622
521.082	617.2
521.481	620.8
521.902	623.6
522.301	615.4
522.722	622.8
523.121	612
523.542	606
523.963	623
524.362	617.4
524.783	618.6
525.183	604.8
525.604	612.6
526.003	608.8
526.425	604.2
526.824	616.2
527.246	618.2
527.646	615.8
528.067	615.2
528.467	609
528.888	617.8
529.289	598.8
529.71	607.2
530.11	607
530.532	607.6
530.932	591
531.354	597.6
531.755	635.4
532.176	611.8
532.577	606.8
532.999	602.2
533.4	599.6
533.822	606.4
534.223	609.6
534.645	604.4
535.046	595.2
535.468	595.2
535.869	607.8
536.292	595.8
536.693	626
537.115	600.6
537.516	590.8
537.939	584.4
538.34	610.4
538.742	597.4
539.165	590.4
539.566	596.2
539.989	590.4
540.391	586.8
540.814	586
541.216	588
541.639	587.6
542.041	596.2
542.464	582.6
542.866	578.4
543.268	572.6
543.691	581.2
544.093	585.6
544.517	606.4
544.919	576.2
545.343	594.6
545.745	576.2
546.147	587.6
546.571	584.2
546.974	568
547.398	584.2
547.8	585.4
548.224	574.8
548.627	576.8
549.03	584.4
549.454	578.4
549.857	569
550.281	568.2
550.684	577.6
551.087	584.2
551.512	583.8
551.915	577
552.34	571.6
552.743	578.2
553.146	577.2
553.571	566.2
553.975	593
554.399	572.4
554.803	616.2
555.207	574.4
555.632	571.8
556.036	579.6
556.461	565.8
556.865	583.2
557.268	571
557.694	568.4
558.098	571.2
558.502	571.2
558.927	566.6
559.332	571
559.736	569.2
560.162	572
560.566	567.4
560.992	578.6
561.396	567.6
561.801	569
562.227	573.6
562.631	564
563.036	569.8
563.462	572.4
563.867	567
564.272	555
564.698	572.6
565.103	555
565.508	590.6
565.935	562.4
566.34	565
566.745	570
567.172	565.8
567.577	585.6
567.982	581.4
568.409	567.2
568.815	553.4
569.22	567.8
569.626	565.8
570.053	550.4
570.459	561.6
570.865	565.8
571.292	562.2
571.698	568.6
572.104	550.8
572.531	554.8
572.937	566.8
573.343	562.2
573.75	560.2
574.177	557.8
574.583	556.6
574.99	550
575.396	558.6
575.824	559.4
576.231	567.4
576.637	559.6
577.065	578
577.472	555.4
577.879	548.6
578.286	566.4
578.714	549
579.121	554
579.528	552.2
579.935	559.6
580.364	552
580.771	538.2
581.178	551.2
581.585	561.2
582.014	561.4
582.421	548.4
582.829	546.6
583.236	553.8
583.644	544.4
584.073	555
584.481	553.6
584.889	551.2
585.296	565.8
585.726	557
586.134	542
586.542	543.8
586.95	573.6
587.358	541.4
587.787	554.8
588.196	568.6
588.604	545.2
589.012	540.8
589.421	535.4
589.851	544.4
590.259	550
590.668	546.8
591.076	585.8
591.485	545.8
591.894	540.8
592.324	567.6
592.733	558
593.142	542
593.551	546.2
593.96	554.6
594.369	546
594.8	543.6
595.209	545.4
595.618	536
596.028	552.8
596.437	536.4
596.847	546.4
597.256	548.6
597.687	551
598.097	549
598.507	533.8
598.917	545.6
599.327	547
599.736	554
600.146	554.2
600.556	544.6
600.988	557.8
601.398	537.8
601.808	556.8
602.219	535.6
602.629	543
603.039	549.2
603.45	578.2
603.86	553.6
604.271	568
604.703	542.6
605.114	546.6
605.525	549.6
605.935	550
606.346	567
606.757	551.4
607.168	546.8
607.579	539.8
607.99	547.4
608.402	549.2
608.813	551.6
609.224	537
609.636	531.6
610.047	535
610.48	547.8
610.892	553
611.303	554.2
611.715	542.2
612.127	535.6
612.539	541
612.95	547
613.362	541.4
613.774	539.6
614.186	543.2
614.599	545
615.011	545.6
615.423	546.4
615.835	540.8
616.248	535
616.66	555.4
617.073	540
617.485	550.4
617.898	549
618.311	540
618.723	546
619.136	576.2
619.549	559.4
619.962	564.2
620.375	545
620.788	551.8
621.201	534.4
621.614	552.2
622.028	544.4
622.441	551.4
622.854	560.2
623.268	533.6
623.681	552
624.095	546.4
624.509	553.8
624.922	542.4
625.336	537.6
625.728	550.2
626.142	553
626.556	561.8
626.97	558.6
627.384	541.2
627.799	539.8
628.213	555.4
628.627	540.6
629.041	549.2
629.456	545.6
629.87	543.8
630.285	552.6
630.699	555.4
631.093	542
631.507	550.4
631.922	543.4
632.337	563.2
632.752	535
633.167	547.6
633.582	546
633.997	544.4
634.412	542
634.806	540.4
635.221	528.4
635.637	549.8
636.052	528.2
636.468	550.8
636.883	551.8
637.299	541.4
637.715	526
638.109	534.6
638.525	526
638.941	548.6
639.357	541.4
639.773	547.4
640.189	529.6
640.584	535.6
641	541.8
641.416	529.6
641.832	533
642.249	537
642.665	537.2
643.06	543.2
643.477	553.4
643.894	525.6
644.31	542.4
644.727	539.2
645.123	547.2
645.54	535
645.957	549.4
646.374	556.2
646.77	535.4
647.187	568.2
647.604	538
648.021	530.2
648.439	534.2
648.835	542.4
649.252	538.4
649.67	539.2
650.088	544.2
650.484	541
650.902	543.4
651.32	550.4
651.738	532
652.134	536.8
652.552	558
652.971	546.8
653.389	542.4
653.786	552.8
654.204	561.6
654.622	526.6
655.019	542.4
655.438	549.4
655.857	537.6
656.275	543.2
656.673	530.6
657.091	553.4
657.51	527.4
657.908	543
658.327	552.8
658.746	532.8
659.144	544
659.563	555.2
659.982	540.8
660.38	537.2
660.8	539.8
661.219	541
661.617	543
662.037	536.4
662.457	551.4
662.855	528.6
663.275	564.8
663.695	544.6
664.094	538
664.514	540.6
664.934	536.2
665.333	541
665.753	522.4
666.152	536.2
666.572	527.8
666.993	547.6
667.392	536.6
667.812	534.6
668.212	534.8
668.632	545.6
669.053	535.4
669.453	534.4
669.874	532.4
670.273	535.6
670.694	528.8
671.116	557
671.515	544
671.937	535.4
672.337	525
672.758	534.8
673.158	545.2
673.58	538
673.98	537
674.402	544.6
674.824	528
675.224	528.4
675.646	527.8
676.047	534.6
676.469	532.8
676.869	536.4
677.292	539
677.693	531.6
678.115	529.2
678.516	536.6
678.939	540.6
679.34	537.6
679.762	548
680.164	536.4
680.586	525.8
680.988	529.6
681.411	559.8
681.812	531.6
682.236	527.8
682.637	529.8
683.061	526.4
683.462	541.4
683.864	530.4
684.288	535
684.69	525
685.114	549
685.516	539.6
685.94	522.8
686.342	539
686.766	531.4
687.168	541.4
687.571	558.2
687.995	537.2
688.398	521.4
688.822	527
689.225	539
689.628	556.4
690.052	537.4
690.456	538
690.88	528.4
691.284	530.8
691.687	537.6
692.112	523.4
692.515	532
692.919	532
693.344	533.2
693.747	533.2
694.173	525.4
694.577	542
694.98	533.6
695.406	534
695.81	537.8
696.214	533.2
696.64	532.4
697.044	542
697.448	545
697.874	538.4
698.279	536.6
698.684	529.2
699.11	528
699.514	535.4
699.919	532.2
700.324	529.2
700.75	537.6
701.156	531
701.561	547.8
701.987	536.2
702.393	540.2
702.798	537.8
703.203	531.2
703.63	523.8
704.036	531.2
704.442	529
704.847	525.4
705.274	525
705.68	534.4
706.086	534.2
706.492	526.6
706.92	534
707.326	538
707.732	526
708.139	518.4
708.545	526.6
708.973	522.2
709.38	525
709.786	527.2
710.193	549
710.6	538.4
711.028	530.4
711.435	527.4
711.842	534.6
712.249	526.4
712.656	532.6
713.064	543.2
713.492	526.8
713.9	530.6
714.307	534.4
714.715	539.2
715.123	536.4
715.53	534
715.938	539.8
716.367	534.8
716.775	536.4
717.184	529.6
717.592	536.8
718	539.4
718.408	562.8
718.816	566
719.225	541.6
719.633	539.4
720.042	526.2
720.472	534.2
720.881	545
721.29	527.2
721.699	519.4
722.108	542.4
722.517	538.2
722.926	531
723.335	543.6
723.744	530.4
724.154	527
724.563	529.4
724.973	524.6
725.382	535.2
725.792	530.4
726.202	530
726.612	547.2
727.022	535.6
727.432	526.2
779.813	523.2
780.223	581.2
780.634	530.6
781.044	528.2
781.454	531.6
781.865	536.4
782.276	525.2
782.686	534.6
783.097	525.6
783.508	527.4
783.919	520.8
784.33	543.4
784.741	533
785.152	510.8
785.563	513.6
785.974	525.8
786.386	535.2
786.776	516.6
787.188	524.4
787.599	518.6
788.011	532.8
788.423	518
788.835	528.4
789.247	525
789.659	521.2
790.071	522
790.483	556.4
790.874	524
791.286	536.4
791.699	516
792.111	530.4
792.524	526
792.937	530.2
793.349	529.2
793.741	535
794.154	530
794.567	545.4
794.98	526
795.393	520
795.785	546.4
796.198	522.4
796.612	529.6
797.026	522.8
797.439	515.4
797.831	522
798.245	521
798.659	529.8
799.073	529.2
799.487	524.6
799.88	525.6
800.294	531.4
800.708	533.2
801.123	531.6
801.516	556.2
801.93	528.4
802.345	522.8
802.76	537.4
803.153	549.6
803.568	538.2
803.983	539.8
804.377	530.4
804.792	524.4
805.207	515.2
805.601	531.4
806.016	559.2
806.432	522
806.826	553
807.242	534.4
807.658	531.4
808.052	531.2
808.468	526
808.884	523
809.279	532.2
809.695	548.2
810.111	549
810.506	535.4
810.922	544.2
811.339	524.4
811.734	540.2
812.151	523.2
812.546	522.8
812.963	527.2
813.38	537.6
813.776	528
814.193	538.6
814.589	526.2
815.006	528.4
815.402	524.2
815.82	518.6
816.237	531.2
816.633	523.2
817.051	526.2
817.448	530.2
817.866	516.4
818.262	545.2
818.68	517.4
819.077	525
819.495	530.2
819.892	562.6
820.311	527.6
820.708	529.6
821.127	527
821.524	539.4
821.943	526.6
822.34	541.6
822.759	529.6
823.157	523.2
823.576	539.8
823.974	536.6
824.393	568
824.791	528.4
825.189	526.2
825.609	527.2
826.007	526.2
826.427	515.2
826.826	528.6
827.246	531.6
827.644	508.8
828.043	542.2
828.463	519.4
828.862	534
829.261	537
829.682	512.6
830.081	534.8
830.502	520.8
830.901	535.6
831.301	539.4
831.722	515.4
832.121	536.8
832.521	519.6
832.943	529
833.342	523.2
833.742	526.2
834.164	528.2
834.564	517.8
834.965	530.8
835.386	534.2
835.787	530
836.188	524.6
836.588	531.2
837.01	536.2
837.411	518.2
837.812	537.8
838.213	528.4
838.636	529.4
839.037	596
839.438	532.4
839.84	528
840.263	531.2
840.664	523.6
841.066	525.8
841.468	529.2
841.891	524.4
842.293	542.2
842.695	533.6
843.098	538.4
843.5	522
843.902	533.4
844.326	529.8
844.729	531.6
845.131	541.2
845.534	529
845.937	535.8
846.34	534.4
846.764	517.2
847.167	530.8
847.571	519.2
847.974	521.8
848.377	526.2
848.781	570.6
849.184	539.4
849.588	528.6
849.992	523.2
850.396	530
850.821	541.4
851.225	535.6
851.63	526.6
852.034	535.2
852.438	525.8
852.843	551.8
853.247	521.4
853.652	522.8
854.057	539.6
854.462	536.8
854.867	518.6
855.272	550.2
855.677	528.8
856.082	518.2
856.487	512.6
856.893	529.6
857.298	518.8
857.704	518.2
858.11	530.8
858.516	529.4
858.922	528.6
859.328	532.6
859.734	527.2
860.14	522.8
860.525	527.4
860.931	523.2
861.338	518.6
861.745	524.2
862.151	537.4
862.558	533.6
862.965	519.2
863.372	522
863.779	520.8
864.186	548.2
864.572	521
864.98	542.2
865.387	551.8
865.795	516.6
866.203	529.8
866.61	511.6
867.018	534.4
867.405	532.2
867.813	518.8
868.221	530.6
868.63	522.8
869.038	531.4
869.425	557.6
869.834	530.6
870.243	514.6
870.652	518.4
871.039	519.2
871.448	526.6
871.857	531.2
872.266	528
872.654	533.2
873.064	527.8
873.473	534.2
873.883	513.8
874.271	524.2
874.681	536.2
875.091	516
875.48	529.2
875.89	548.2
876.3	525.2
876.689	508.2
877.1	520.6
877.51	528
877.9	547.4
878.31	515
878.721	548.4
879.111	676.6
879.522	527.8
879.933	509
880.323	510.8
880.734	518
881.125	519.6
881.536	518
881.948	516.8
882.338	519.4
882.75	526.4
883.141	513.6
883.553	524.4
883.944	539.6
884.356	527.8
884.769	524.8
885.16	523.2
885.573	527
885.964	516.4
886.377	529
886.768	518
887.181	521
887.573	511
887.987	532.8
888.378	535.4
888.792	528.4
889.184	568
889.598	525.6
889.99	521.8
890.383	523.4
890.797	508.4
891.19	535
891.604	526
891.997	509.8
892.411	517
892.805	526.6
893.198	519.6
893.613	507.2
894.006	525.6
894.421	525.8
894.815	530.6
895.209	514.8
895.624	563
896.018	542.6
896.412	523.2
896.828	520.6
897.222	534.8
897.617	527.2
898.033	545.6
898.427	528.8
898.822	524.6
899.239	513.8
899.634	516.4
900.029	540.8
900.424	515.2
900.841	519
901.236	531.6
901.632	523
902.027	581
902.445	531
902.841	526.8
903.237	528.2
903.633	534.4
904.05	530.8
904.447	528.6
904.843	538.2
905.24	532.4
905.636	521.8
906.033	526.6
906.451	536.2
906.848	517
907.246	521.8
907.643	524.2
908.04	536
908.438	538.4
908.835	532.2
909.254	530.4
909.652	526.8
910.05	522.4
910.448	515.2
910.846	518.8
911.244	520.8
911.643	531.6
912.041	526.2
912.44	535.2
912.839	518.8
913.237	519
913.636	525.4
914.035	533.8
914.434	526.8
914.834	530.2
915.233	530.6
915.633	520
916.032	523.2
916.432	518
916.832	526.8
917.232	524
917.632	511.6
918.032	528.8
918.432	522.8
918.833	516.6
919.233	512.2
919.634	521.6
920.035	529.6
920.436	520.4
920.837	527.6
921.238	520.8
921.639	520.8
922.019	524
922.42	527.2
922.822	534.2
923.224	533.2
923.625	522.6
924.027	531.4
924.429	548.6
924.81	522
925.212	528
925.615	523.8
926.017	520
926.42	528.4
926.801	527
927.204	521
927.607	530.6
928.01	533.2
928.413	528.2
928.795	515.6
929.199	517.6
929.602	519.6
930.006	520.4
930.388	515
930.792	532
931.196	531.8
931.579	544.2
931.983	516.6
932.388	565
932.771	520.6
933.176	510.2
933.58	521.4
933.964	524
934.369	514.8
934.774	533.6
935.158	515
935.563	533.2
935.947	529
936.353	537.4
936.759	522.6
937.143	528
937.549	520.8
937.934	541.4
938.34	546.6
938.746	516.4
939.131	510.8
939.538	517.6
939.923	532.4
940.33	513.2
940.716	536.6
941.123	527.4
941.508	540.2
941.916	532
942.302	519.8
942.709	514
943.096	509.8
943.503	529.4
943.89	520.8
944.298	516.8
944.685	545.4
945.072	517.2
945.48	528.8
945.867	510.8
946.276	513.8
946.663	539.4
947.051	533.2
947.46	525.2
947.848	525.8
948.257	517.6
948.645	514.2
949.033	520.8
949.443	515.4
949.831	561
950.22	506.4
950.63	520.4
951.018	541.8
951.407	525.4
951.796	523
952.207	536.4
952.596	533
952.985	518.2
953.375	559.4
953.786	523.6
954.176	517.8
954.566	530.6
954.956	509.4
955.367	521.6
955.758	542.4
956.148	514.4
956.539	525
956.929	512.4
957.341	518
957.732	515.2
958.123	530.6
958.515	510.2
958.906	528.2
959.297	512
959.689	520
960.102	508.6
960.494	521.6
960.886	528.8
961.278	519.8
961.67	538
962.062	551.6
962.455	517.6
962.847	505
963.24	517.6
963.633	522.4
964.026	514.2
964.419	520.2
964.812	531.6
965.206	517.4
965.599	525.8
965.993	520.2
966.386	523
966.78	524
967.174	533.2
967.569	515.4
967.963	524.8
968.357	511.8
968.752	514.8
969.146	519
969.541	512.2
969.936	523.6
970.331	521.8
970.705	521.4
971.1	514.4
971.496	525
971.892	512.6
972.287	518.6
972.683	518.6
973.079	507.4
973.454	522.2
973.85	519.2
974.247	522.4
974.643	529.4
975.04	515.8
975.415	515.8
975.812	510.8
976.209	526.2
976.607	514.6
976.982	530.6
977.38	538.6
977.778	519.4
978.175	516
978.552	517.2
978.95	529.6
979.348	520.8
979.725	568
980.123	515
980.522	525.2
980.899	515.6
981.298	522.6
981.697	523.6
982.075	512.4
982.474	514.2
982.852	523.6
983.251	524
983.651	515.4
984.029	537.6
984.429	519
984.808	508.2
985.208	516
985.609	512.6
985.987	506.8
986.388	523
986.768	524
987.168	513.2
987.548	529.4
987.949	528.2
988.329	525.6
988.731	506.6
989.111	520
989.491	518.8
989.893	528.6
990.273	534.4
990.676	514.2
991.057	515.2
991.459	512.8
991.84	515.4
992.221	513.6
992.624	539.2
993.006	516.8
993.388	526.4
993.791	517.6
994.173	529
994.576	550.8
994.959	509.6
995.341	520.8
995.724	516.2
996.128	520.2
996.511	521
996.894	512.6
997.298	516.6
997.681	527
998.065	527.2
998.448	517
998.854	524.6
999.237	510.8
999.621	522
1000.01	536.4
1000.39	518.2
1000.8	514.6
1001.18	528.4
1001.56	522.2
1001.95	523.4
1002.33	527.2
1002.72	519.4
1003.13	519.6
1003.51	521
1003.9	518
1004.28	533.8
1004.67	516.2
1005.06	523.8
1005.44	548.6
1005.83	511.8
1006.21	523.2
1006.6	510.4
1006.99	528.4
1007.37	527.2
1007.76	521
1060.12	507.6
1060.51	515.2
1060.89	520.4
1061.28	521.6
1061.67	526.8
1062.06	517.8
1062.45	528
1062.83	511.2
1063.22	524.4
1063.61	543.6
1064	521.8
1064.39	515
1064.78	520.4
1065.14	532.6
1065.53	519.6
1065.92	519.6
1066.31	517.4
1066.7	533.4
1067.09	533.8
1067.46	521
1067.85	525.8
1068.24	515.2
1068.63	532.6
1069.02	520.2
1069.39	522.8
1069.78	517.6
1070.17	523
1070.57	510.4
1070.93	521.4
1071.33	510.4
1071.72	519.2
1072.11	510.4
1072.48	519.8
1072.87	527.2
1073.26	517.2
1073.64	512.2
1074.03	513.8
1074.4	515
1074.79	521.2
1075.19	516.2
1075.56	515.6
1075.95	526.4
1076.34	524.4
1076.72	521.6
1077.11	523
1077.48	531.6
1077.88	528.4
1078.25	520.6
1078.64	531.8
1079.02	536.4
1079.41	531.2
1079.78	527.2
1080.18	512.6
1080.55	573.4
1080.95	510.2
1081.32	519.8
1081.72	520.8
1082.09	517.8
1082.49	508.4
1082.86	524.4
1083.24	513.8
1083.63	514.6
1084.01	519
1084.38	528
1084.78	511.4
1085.16	520
1085.55	540.2
1085.93	534.2
1086.31	519.6
1086.7	549.4
1087.08	522.8
1087.46	514.8
1087.83	508.2
1088.23	520.2
1088.61	517
1088.99	517.4
1089.36	520.8
1089.76	511.6
1090.14	510.6
1090.52	516.2
1090.9	513.4
1091.27	526.2
1091.67	531.6
1092.05	522.8
1092.43	508
1092.81	519.8
1093.19	525.8
1093.57	508.2
1093.95	512.4
1094.35	524.4
1094.73	513.2
1095.11	505.6
1095.49	514.2
1095.87	516
1096.25	534.4
1096.63	526.8
1097.01	518.6
1097.39	521.8
1097.77	519.4
1098.15	506.4
1098.53	509.4
1098.91	512.8
1099.29	512.4
1099.68	540.4
1100.06	520
1100.44	518.6
1100.82	513.6
1101.18	524
1101.56	520
1101.95	517.6
1102.33	512
1102.71	517.4
1103.1	509.2
1103.48	511.4
1103.86	506.2
1104.22	525.8
1104.61	513
1104.99	516.2
1105.38	505
1105.76	519
1106.12	512.6
1106.51	550.4
1106.89	523
1107.26	516
1107.64	524
1108.03	525.6
1108.41	521.6
1108.78	516.6
1109.16	513.2
1109.55	525.2
1109.91	507.4
1110.3	503
1110.69	529.6
1111.05	514.6
1111.44	513.4
1111.8	519.8
1112.19	516
1112.58	522.8
1112.94	508.8
1113.33	512.2
1113.7	511.8
1114.09	506.4
1114.45	512.6
1114.84	509.2
1115.21	512.6
1115.6	510.6
1115.96	510.8
1116.35	516.2
1116.72	505.8
1117.11	515.4
1117.48	510.6
1117.85	514.2
1118.24	524.2
1118.6	517.6
1118.99	507
1119.36	514.4
1119.73	520
1120.12	513.6
1120.49	510.8
1120.86	517.6
1121.25	515.8
1121.62	508.4
1121.99	509
1122.38	526.6
1122.76	516.8
1123.13	512
1123.5	527.2
1123.89	522.8
1124.26	509.2
1124.63	521
1125	513.4
1125.4	514.4
1125.77	510.4
1126.14	507
1126.51	514
1126.88	518
1127.26	516.2
1127.63	502
1128.02	507.8
1128.4	504.2
1128.77	522.4
1129.14	515.6
1129.52	516.4
1129.89	518
1130.26	508.8
1130.64	515
1131.01	514.2
