#lambda/nm	C1
208.295	459.8
208.67	431.6
209.045	393.4
209.419	394.2
209.794	559.4
210.169	542
210.544	657.8
210.919	569.2
211.295	557.8
211.67	566.6
212.045	553.2
212.421	554.4
212.796	592.4
213.172	557.6
213.547	558.6
213.923	562
214.299	552.4
214.675	568
215.051	563.6
215.427	566.4
215.803	579.2
216.179	565
216.555	559.4
216.932	570.2
217.308	571.2
217.684	561.2
218.061	557.8
218.438	564.8
218.814	545.6
219.191	566.2
219.568	557.2
219.945	551.2
220.322	569.2
220.699	559.6
221.076	565.8
221.453	570.8
221.83	558.2
222.208	558.4
222.585	554.2
222.962	558.8
223.34	566.4
223.717	562.4
224.095	574
224.473	560
224.851	562
225.229	548.4
225.607	575
225.985	554.8
226.363	561
226.741	559
227.119	561.8
227.497	576.6
227.876	543.6
228.254	569.2
228.633	572.8
229.011	567.4
229.39	566.4
229.769	567.8
230.148	564
230.527	581.6
230.905	567.2
231.284	568.8
231.664	563.2
232.043	574.4
232.422	571.8
232.801	558.8
233.181	563.8
233.56	556.4
233.94	563.4
234.319	546.8
234.699	560.4
235.079	596.2
235.458	604.8
235.838	581.6
236.218	552.6
236.598	559
236.978	548.4
237.358	563.2
237.738	558.8
238.119	565.2
238.499	555
238.88	563.6
239.26	573
239.641	554.2
240.021	564.8
240.402	556.8
240.783	557
241.163	568.4
241.544	568.2
241.925	573.4
242.306	571.6
242.687	557.8
243.069	568.6
243.45	563.8
243.831	557
244.212	551.4
244.594	601.4
244.975	569.6
245.357	568
245.739	554
246.12	563
246.502	571.4
246.884	562.6
247.266	561.8
247.648	565.8
248.03	589.8
248.412	562.2
248.794	571.2
249.176	563.6
249.559	568
249.941	554.8
250.323	555.4
250.706	549.6
251.089	557.4
251.471	561.4
251.854	561.6
252.237	554.2
252.62	573.2
253.002	562.6
253.385	563
253.769	574.2
254.152	564.2
254.535	561
254.918	563.4
255.301	553.6
255.685	561.4
256.068	555.6
256.452	591.8
256.835	570.4
257.219	560.2
257.603	576.4
257.986	554.4
258.37	567.4
258.754	553.2
259.138	565.4
259.522	573.4
259.906	565
260.29	566
260.675	558.2
261.059	561.4
261.443	556.2
261.828	567.2
262.212	565.8
262.597	551.2
262.981	556.2
263.366	565.8
263.751	564.6
264.136	564.4
264.521	558.8
264.906	556.4
265.291	571.8
265.676	558.4
266.061	568.2
266.446	583.2
266.831	563
267.217	583.8
267.602	564.4
267.987	564.2
268.373	559.8
268.759	564
269.144	568
269.53	565.2
269.916	558.2
270.302	556
270.688	558.2
271.074	554.6
271.46	573.8
271.846	595.4
272.232	563.8
272.618	562.2
273.004	560.8
273.391	570
273.777	572.2
274.164	558.4
274.55	570.2
274.937	561.2
275.324	554.4
275.71	559.8
276.097	565
276.484	556
276.871	563
277.258	570.6
277.645	547.6
278.032	561.8
278.419	560.8
278.807	567.8
279.194	552.6
279.581	556.8
279.969	564.6
280.356	560
280.744	560.6
281.131	586.6
281.519	566.4
281.907	557.2
282.295	561.6
282.682	570.2
283.07	565
283.458	571.4
283.846	566.8
284.235	569.2
284.623	568.4
285.011	539.2
285.399	563.8
285.788	561.4
286.176	552.6
286.565	569.4
286.953	555
287.342	559.4
287.731	558.4
288.119	552.2
288.508	555.8
288.897	561.6
289.286	548
289.675	566.2
290.064	566.4
290.453	560.2
290.821	564.6
291.21	574
291.599	557.2
291.989	560
292.378	570
292.768	580.8
293.157	563
293.547	572.8
293.936	566.2
294.326	552.6
294.716	564.4
295.106	558
295.496	570.2
295.886	571
296.276	563.4
296.666	553
297.056	561.4
297.446	553
297.836	565.6
298.227	559.6
298.617	566.4
299.008	577.4
299.398	563.4
299.789	556.8
300.179	562.2
300.57	577
300.961	559.6
301.352	560
301.742	572
302.133	565.8
302.524	567.6
302.915	556.2
303.307	553
303.698	562.4
304.089	573.4
304.48	560.4
304.872	570.8
305.263	566
305.655	549.8
306.046	575
306.438	573.4
306.829	563.2
307.221	575.8
307.613	567.4
308.005	575.2
308.397	577.2
308.789	574
309.181	590.4
309.573	582.2
309.965	573.6
310.357	568.4
310.749	572.6
311.142	558.6
311.534	558.4
311.926	570.6
312.319	574.2
312.711	551.4
313.104	582.2
313.497	560.6
313.889	596.2
314.282	576.6
314.675	586.6
315.068	565
315.461	565
315.854	587.4
316.247	569.2
316.64	556
317.033	557.6
317.405	570.6
317.798	558.2
318.192	573.8
318.585	570.6
318.979	565.8
319.372	550.6
319.766	560.8
320.16	569
320.553	584.8
320.947	584.6
321.341	557.6
321.735	559.8
322.129	551
322.523	578.6
322.917	551.4
323.311	568.8
323.705	556.4
324.099	572
324.494	571.2
324.888	570.2
325.282	553.8
325.677	571.2
326.071	565.2
326.466	570.4
326.861	565
327.255	574.6
327.65	576.8
328.045	576.8
328.44	565.8
328.835	565.6
329.23	554
329.625	587.6
330.02	566.4
330.415	582.8
330.81	569.6
331.206	564
331.601	569.8
331.996	572.2
332.37	588.4
332.766	559.8
333.161	587.8
333.557	560
333.953	561.4
334.348	762.4
334.744	565
335.14	557.6
335.536	562.6
335.932	572.6
336.328	563
336.724	567.6
337.12	565.4
337.516	569.6
337.913	569.4
338.309	565
338.705	559.2
339.102	575.2
339.498	556.2
339.895	579.4
340.291	555.6
340.688	566.2
341.085	568.6
341.481	564
341.878	564
342.275	582.2
342.672	548.6
343.069	560.8
343.466	548
343.842	570
344.239	556.2
344.636	559.8
345.033	552.2
345.431	558.6
345.828	561.4
346.225	561
346.623	588.8
347.02	568.8
347.418	568.8
347.816	580
348.213	545
348.611	563
349.009	555.2
349.407	577
349.805	549.2
350.203	541.6
350.601	568.4
350.999	555.8
351.397	609
351.795	552.4
352.193	575.4
352.57	570.4
352.969	569
353.367	548
353.766	559.8
354.164	551.8
354.563	576.8
354.961	561.2
355.36	566.4
355.759	558.6
356.158	553.2
356.557	551.8
356.956	542.4
357.355	548.2
357.754	564.6
358.153	565.6
358.552	581.8
358.951	564.4
359.35	562.4
359.75	553.8
360.149	542.8
360.527	542.4
360.926	551.4
361.326	565.2
361.726	558.8
362.125	556.2
362.525	557.8
362.925	546.6
363.325	562.8
363.724	562.4
364.124	558.2
364.524	552.4
364.924	555.8
365.324	571.8
365.725	543
366.125	556.6
366.525	563.2
366.904	548.4
367.304	539.2
367.705	562.4
368.105	565.2
368.506	551.8
368.906	558.4
369.307	554
369.708	564.8
370.108	542.2
370.509	559.4
370.91	554
371.311	549
371.712	549.4
372.113	559.8
372.514	537.4
372.894	549.2
373.295	546.6
373.696	557.2
374.097	560.4
374.499	582.4
374.9	558.4
375.301	548.6
375.703	552
376.105	544.8
376.506	557
376.908	562.4
377.309	558
377.711	564.6
378.113	545.8
378.493	553.8
378.895	545.8
379.297	549.4
379.699	541
380.102	554.4
380.504	554
380.906	543.8
381.308	574.2
381.71	547.8
382.113	563
382.515	554.8
382.918	556
383.299	551
383.701	557
384.104	562
384.507	531.8
384.909	557
385.312	532
385.715	546.4
386.118	555.2
386.521	545.2
386.924	564.8
387.327	543.8
387.709	541.2
388.112	541.8
388.515	547.6
388.918	556
389.322	552.8
389.725	542.8
390.129	574.6
390.532	565.4
390.936	549.8
391.339	544.8
391.743	552.4
392.125	550.6
392.529	555.8
392.933	564.2
393.337	544.6
393.74	554
394.144	546.8
394.548	544.6
394.953	553.2
395.357	557
395.761	546.8
396.144	552.6
396.548	556.8
396.952	556.6
397.357	561.8
397.761	550.4
398.166	548.2
398.57	551.2
398.975	538.2
399.379	549.6
399.763	589.2
400.168	552.2
400.572	556.4
400.977	548.4
401.382	569
401.787	564.4
402.192	566.6
402.597	561.8
403.002	541.4
403.386	565.8
403.791	575
404.197	546.8
404.602	551.6
405.007	551.4
405.413	551.2
405.818	560.4
406.224	552
406.608	557.4
407.014	544
407.42	569.8
407.825	561
408.231	553.4
408.637	555.2
409.043	577.6
409.449	552.2
409.834	552.6
410.24	558.8
410.646	560.8
411.052	562.6
411.458	561.2
411.865	561.4
412.271	558
412.677	551
413.062	552.2
413.469	544
413.875	576.6
414.282	562.8
414.689	555.2
415.095	562.4
415.502	546
415.888	558.4
416.294	538.8
416.701	589.4
417.108	555.6
417.515	564.4
417.923	556
418.33	573.8
418.715	562.2
419.123	553.4
419.53	556.2
419.937	554.2
420.345	571.6
420.752	547
421.16	572.2
421.546	555.2
421.953	560.6
422.361	543.2
422.769	554.2
423.177	542.2
423.585	578.4
423.992	572.6
424.379	564.4
424.787	561.4
425.195	580.6
425.603	559
426.011	566.8
426.419	567.2
426.806	557
427.214	563.2
427.623	563
428.031	572.6
428.44	560.2
428.848	567.4
429.235	569.8
429.644	560.2
430.053	563.4
430.461	571.8
430.87	582.2
431.279	568.4
431.666	550
432.075	553.8
432.484	566.8
432.893	554.2
433.302	581.8
433.711	592.6
434.099	567.2
434.508	547.8
434.918	551
435.327	568
435.737	565.4
436.125	571.6
436.534	563.4
436.944	564.8
437.353	568.6
437.763	581.8
438.173	561.4
438.561	584
438.971	559.4
439.381	570.8
439.791	577
440.201	559.6
440.589	572
440.999	591
441.409	580.6
441.819	579.2
442.23	599.2
442.619	604.2
443.029	592.2
443.439	595.2
443.85	601.8
444.26	604.6
444.649	608.8
445.06	606.8
445.471	605.8
445.881	612.4
446.292	631.8
446.682	631.4
447.092	598.8
447.503	669.6
447.914	621.6
448.325	615.6
448.715	620.8
449.126	618.6
449.537	621.2
449.948	618.2
450.338	627.2
450.75	637.6
451.161	636.4
451.572	633.4
451.984	629.4
452.374	616.6
452.786	631.2
453.197	633.8
453.609	644.6
453.999	632.8
454.411	630.6
454.823	649.8
455.235	647
455.647	643.2
456.037	649
456.449	632
456.862	652.6
457.274	645.8
457.665	644.4
458.077	646
458.489	682
458.902	649
459.293	657.6
459.705	652.4
460.118	649.4
460.53	650.2
460.921	655.2
461.334	661.8
461.747	660.4
462.16	667
462.551	669.2
462.964	675.6
463.377	651.2
463.79	665
464.182	675.6
464.595	653.2
465.008	670.8
465.421	671.8
465.813	665.8
466.226	669
466.64	662.8
467.053	713.6
467.445	679
467.859	689.4
468.272	671.4
468.686	679.4
469.078	673.6
469.492	669.8
469.906	685.6
470.298	686.6
470.712	675.2
471.126	706
471.54	669.6
471.933	676.2
472.347	689.4
472.761	670.4
473.175	676.2
473.568	679.6
473.982	672.2
474.397	682.4
474.79	682
475.204	686.2
475.619	684.6
476.033	693.6
476.426	682.8
476.841	679.4
477.256	707
477.649	670.2
478.064	676
478.479	675.2
478.872	684.4
479.287	670
479.702	679.8
480.118	685.4
480.511	673.4
480.927	669.4
481.342	683.6
481.736	684.6
482.151	678
482.566	692.8
482.96	690.8
483.376	691
483.792	680
484.186	693.6
484.602	674.2
485.017	685.4
485.412	677.6
485.827	692.6
486.243	686.8
486.638	694.8
487.054	674.8
487.47	685.4
487.865	681.8
488.281	674.2
488.697	667
489.092	672.8
489.508	669.2
489.925	688.8
490.32	664.6
490.736	677
491.153	679
491.548	675.4
491.964	680.2
492.381	664
492.776	666.4
493.193	673.4
493.61	682
494.006	670.8
494.422	677.4
494.84	660.2
495.235	684.4
495.652	668.6
496.069	656.8
496.465	665.4
496.883	662.8
497.3	696.8
497.696	660.2
498.113	670.2
498.509	652.2
498.927	647
499.344	657.2
499.741	649.4
500.158	672.2
500.576	671.4
500.973	659
501.39	648.2
501.787	646.4
502.205	650.2
502.623	653.4
503.02	641
503.438	636.6
503.856	651.4
504.253	649.8
504.671	647.6
505.068	653.2
505.486	633.6
505.905	660.2
506.302	649.6
506.72	650.6
507.118	642.4
507.536	635.8
507.955	634.6
508.352	637
508.771	648.8
509.169	642.8
509.587	632.6
510.006	638.8
510.404	617.8
510.823	633.4
511.221	625.8
511.64	629.2
512.038	642.6
512.457	630.2
512.877	628.4
513.275	619.8
513.694	620.8
514.092	628.2
514.512	629.2
514.91	630.2
515.33	621
515.749	620.6
516.148	625.2
516.568	629.4
516.966	611.6
517.386	617.6
517.785	627.4
518.205	616.2
518.603	618.4
519.024	621.4
519.444	626
519.843	626.8
520.263	623.6
520.662	619.2
521.082	615.8
521.481	625
521.902	615.8
522.301	605
522.722	611.8
523.121	612.8
523.542	610.6
523.963	604.6
524.362	604.8
524.783	615
525.183	602.6
525.604	612.2
526.003	597.4
526.425	595.8
526.824	614.6
527.246	610.4
527.646	608.6
528.067	601.8
528.467	597.4
528.888	597.4
529.289	594.4
529.71	608
530.11	601.8
530.532	590.2
530.932	590.4
531.354	596.8
531.755	630.4
532.176	600.2
532.577	599.2
532.999	597.2
533.4	601.8
533.822	597.6
534.223	592.4
534.645	586.6
535.046	594.6
535.468	591.6
535.869	600.4
536.292	584
536.693	622.2
537.115	598.6
537.516	595.8
537.939	590
538.34	612.6
538.742	590.8
539.165	588.8
539.566	598.6
539.989	583.2
540.391	593.8
540.814	600.8
541.216	597.8
541.639	586.6
542.041	590
542.464	581
542.866	587
543.268	576.4
543.691	585.8
544.093	589.8
544.517	598.6
544.919	583.2
545.343	602.4
545.745	573.2
546.147	581.4
546.571	575.4
546.974	573.2
547.398	579
547.8	585.6
548.224	577.4
548.627	572.2
549.03	586.6
549.454	573
549.857	560.8
550.281	574.4
550.684	573.6
551.087	585.4
551.512	588.6
551.915	579.4
552.34	573
552.743	572.4
553.146	572.6
553.571	571.8
553.975	587.2
554.399	573.4
554.803	618.8
555.207	567.8
555.632	567.8
556.036	578.8
556.461	570
556.865	578.6
557.268	564.8
557.694	573
558.098	580
558.502	568.8
558.927	567.6
559.332	571.4
559.736	572.4
560.162	572.2
560.566	567
560.992	575.4
561.396	558.4
561.801	559.4
562.227	560.8
562.631	568.4
563.036	563
563.462	577
563.867	567.6
564.272	550.4
564.698	568.4
565.103	548.4
565.508	576
565.935	559.4
566.34	567.4
566.745	572.8
567.172	561.8
567.577	579.2
567.982	572.8
568.409	561.8
568.815	553.2
569.22	563.6
569.626	568.8
570.053	556.6
570.459	562.4
570.865	569.2
571.292	570.2
571.698	573.2
572.104	548.6
572.531	562.4
572.937	560
573.343	558.4
573.75	550.8
574.177	568
574.583	559.2
574.99	560.4
575.396	560.6
575.824	547.8
576.231	570.8
576.637	548
577.065	579.2
577.472	553.6
577.879	556
578.286	566.4
578.714	544.4
579.121	553.2
579.528	554.6
579.935	558.6
580.364	555.4
580.771	540.2
581.178	546.6
581.585	552.8
582.014	564.4
582.421	550.2
582.829	549.8
583.236	557
583.644	548.4
584.073	548.8
584.481	552.6
584.889	548
585.296	557.2
585.726	550.2
586.134	540.8
586.542	556
586.95	556
587.358	543.8
587.787	549.2
588.196	561.2
588.604	547.4
589.012	552.2
589.421	543
589.851	544.2
590.259	553.6
590.668	548.8
591.076	586.4
591.485	542
591.894	553
592.324	556.8
592.733	562.4
593.142	534.2
593.551	547
593.96	550.6
594.369	533.2
594.8	542
595.209	543
595.618	528
596.028	538.4
596.437	539.8
596.847	545.6
597.256	548
597.687	552.6
598.097	542
598.507	535.6
598.917	541.4
599.327	551.6
599.736	553.4
600.146	559
600.556	548.8
600.988	554.4
601.398	544.2
601.808	559.8
602.219	536.4
602.629	543
603.039	541.4
603.45	569.2
603.86	544
604.271	559.2
604.703	544.4
605.114	544.4
605.525	541.4
605.935	554
606.346	562.2
606.757	538.4
607.168	545.6
607.579	534.2
607.99	555.2
608.402	542.4
608.813	550.4
609.224	538
609.636	529.2
610.047	544.6
610.48	543.8
610.892	558.6
611.303	548.8
611.715	540.2
612.127	535.2
612.539	540.8
612.95	539.8
613.362	538.8
613.774	542.6
614.186	541.8
614.599	537.6
615.011	546
615.423	544.8
615.835	541.2
616.248	546.6
616.66	553.6
617.073	533.4
617.485	545.6
617.898	551.4
618.311	540.8
618.723	551.6
619.136	573.2
619.549	560
619.962	573.2
620.375	539.6
620.788	553.6
621.201	545.4
621.614	552.2
622.028	539
622.441	546.6
622.854	559
623.268	536.4
623.681	548.6
624.095	547
624.509	555.8
624.922	552.4
625.336	535.2
625.728	544
626.142	556.6
626.556	557.8
626.97	551.2
627.384	545
627.799	547.6
628.213	559.2
628.627	543.2
629.041	539.6
629.456	537.8
629.87	542.4
630.285	554.8
630.699	553.2
631.093	553.6
631.507	553.2
631.922	539.4
632.337	562.4
632.752	528
633.167	545.8
633.582	545.8
633.997	540.6
634.412	543.2
634.806	547
635.221	532.2
635.637	556
636.052	533
636.468	552.4
636.883	566
637.299	543.8
637.715	532.2
638.109	546
638.525	540
638.941	557.6
639.357	551.8
639.773	542.8
640.189	543.4
640.584	541.8
641	550
641.416	535
641.832	535.4
642.249	528.4
642.665	542
643.06	545.8
643.477	558.4
643.894	520.2
644.31	538.2
644.727	543.4
645.123	541.4
645.54	532.2
645.957	536
646.374	547
646.77	538.8
647.187	571.8
647.604	523.6
648.021	533.4
648.439	532.2
648.835	544.4
649.252	542
649.67	542.4
650.088	541.2
650.484	544.2
650.902	547
651.32	546.2
651.738	532.6
652.134	548
652.552	552.4
652.971	544.8
653.389	547
653.786	546.8
654.204	556.4
654.622	536.2
655.019	543.2
655.438	542.2
655.857	536.4
656.275	544.6
656.673	536.8
657.091	541
657.51	521.2
657.908	542.2
658.327	550.6
658.746	533.2
659.144	536.2
659.563	542.2
659.982	535.2
660.38	529.2
660.8	533.4
661.219	542.2
661.617	534.2
662.037	527
662.457	551.6
662.855	522.4
663.275	563.4
663.695	536
664.094	531.6
664.514	545
664.934	523.8
665.333	544.4
665.753	530.6
666.152	534.6
666.572	533
666.993	553.2
667.392	528.6
667.812	537
668.212	532.6
668.632	544.2
669.053	533.8
669.453	535.8
669.874	544.2
670.273	532.4
670.694	527.2
671.116	548.8
671.515	546.8
671.937	529.8
672.337	538.2
672.758	534.4
673.158	544
673.58	529.8
673.98	535.4
674.402	544.2
674.824	528.8
675.224	532.2
675.646	528.8
676.047	522
676.469	531.6
676.869	539.8
677.292	537.6
677.693	532.4
678.115	528.4
678.516	538.2
678.939	541.2
679.34	528.4
679.762	540.2
680.164	537
680.586	523.6
680.988	528.8
681.411	558
681.812	531.4
682.236	524.2
682.637	531.8
683.061	520
683.462	538.4
683.864	530.6
684.288	549.6
684.69	525.8
685.114	548.2
685.516	546.6
685.94	527.4
686.342	544.8
686.766	530.2
687.168	531.8
687.571	547.4
687.995	531.4
688.398	521.6
688.822	535
689.225	558.2
689.628	547
690.052	541.2
690.456	531
690.88	532.2
691.284	527.6
691.687	536.6
692.112	531.8
692.515	529.4
692.919	541
693.344	542
693.747	528.6
694.173	525.2
694.577	549.2
694.98	535.4
695.406	536.8
695.81	536.2
696.214	533.4
696.64	542
697.044	536.4
697.448	535.6
697.874	523.6
698.279	525.6
698.684	522
699.11	524.2
699.514	533
699.919	534.2
700.324	525.8
700.75	530.2
701.156	536.8
701.561	539.6
701.987	533.6
702.393	539
702.798	541.8
703.203	534
703.63	531.6
704.036	529
704.442	531
704.847	521.4
705.274	537
705.68	532.8
706.086	544.2
706.492	522.4
706.92	533
707.326	544.8
707.732	528
708.139	516.8
708.545	519.2
708.973	525.8
709.38	530.8
709.786	522.4
710.193	542.8
710.6	535.6
711.028	531.6
711.435	531.4
711.842	533.6
712.249	530.6
712.656	524.8
713.064	538.6
713.492	530.6
713.9	529.6
714.307	536.4
714.715	530
715.123	536
715.53	532.2
715.938	534.6
716.367	532
716.775	531
717.184	532.8
717.592	536.2
718	540.4
718.408	563
718.816	574
719.225	534
719.633	528
720.042	523.4
720.472	532.8
720.881	544.6
721.29	533.4
721.699	519.4
722.108	534.2
722.517	528.6
722.926	528.2
723.335	539.4
723.744	531
724.154	535.6
724.563	539.6
724.973	530.4
725.382	523.4
725.792	532.6
726.202	524.8
726.612	550.6
727.022	533.6
727.432	526.4
779.813	529.2
780.223	570.2
780.634	522.8
781.044	524.2
781.454	533.6
781.865	544.4
782.276	528.8
782.686	545.2
783.097	532.8
783.508	529.2
783.919	524.2
784.33	537.4
784.741	542.2
785.152	521.4
785.563	519.4
785.974	523.8
786.386	540.6
786.776	529.6
787.188	526.8
787.599	527.6
788.011	536
788.423	530.2
788.835	532
789.247	521.6
789.659	526.6
790.071	522.4
790.483	573.8
790.874	529.8
791.286	530
791.699	529.4
792.111	527.2
792.524	516.4
792.937	525.6
793.349	519.6
793.741	525.2
794.154	525
794.567	545
794.98	525.6
795.393	516.2
795.785	543
796.198	526.4
796.612	525.6
797.026	517.2
797.439	506.8
797.831	535.6
798.245	527.8
798.659	526.2
799.073	524
799.487	520.6
799.88	534.6
800.294	523.8
800.708	532.2
801.123	534.6
801.516	544.4
801.93	515.8
802.345	519
802.76	529.4
803.153	540.2
803.568	541.4
803.983	538.6
804.377	525
804.792	518.4
805.207	511.4
805.601	530.8
806.016	559.8
806.432	520.4
806.826	549
807.242	533.6
807.658	521.8
808.052	522.4
808.468	523.2
808.884	522.4
809.279	529
809.695	540.8
810.111	538.6
810.506	530
810.922	542
811.339	521
811.734	529
812.151	526.4
812.546	520.4
812.963	519
813.38	526.2
813.776	526.6
814.193	548
814.589	521
815.006	523.6
815.402	527.2
815.82	523
816.237	534.8
816.633	519.6
817.051	518.2
817.448	525
817.866	523.2
818.262	545.8
818.68	524.8
819.077	526.6
819.495	535.4
819.892	563.8
820.311	519
820.708	532.4
821.127	520.8
821.524	536.6
821.943	527
822.34	548.2
822.759	524.4
823.157	529.8
823.576	538
823.974	528.8
824.393	544.2
824.791	523.4
825.189	514
825.609	519.6
826.007	515.6
826.427	508.4
826.826	520.2
827.246	526.8
827.644	510
828.043	535
828.463	526
828.862	533.4
829.261	539.4
829.682	519.4
830.081	531.2
830.502	513.2
830.901	529.6
831.301	538.4
831.722	514.2
832.121	523.6
832.521	521
832.943	523.2
833.342	528.6
833.742	525.4
834.164	523.2
834.564	514.8
834.965	521.4
835.386	519.8
835.787	521.8
836.188	525
836.588	528.4
837.01	517.2
837.411	515.2
837.812	531.2
838.213	527
838.636	524
839.037	591.6
839.438	524.6
839.84	530.8
840.263	536.8
840.664	531.4
841.066	522.2
841.468	522.4
841.891	523.2
842.293	533.2
842.695	527.2
843.098	530.8
843.5	524
843.902	537
844.326	530.6
844.729	533.8
845.131	538.8
845.534	530.6
845.937	537.8
846.34	538
846.764	514
847.167	526
847.571	516.6
847.974	527.4
848.377	521.2
848.781	567.2
849.184	532.2
849.588	517.8
849.992	520
850.396	531
850.821	549.2
851.225	531.6
851.63	523.8
852.034	540.8
852.438	528.8
852.843	549
853.247	518.2
853.652	524.4
854.057	539.6
854.462	522.8
854.867	528.8
855.272	550.2
855.677	531.2
856.082	521.8
856.487	520
856.893	521.8
857.298	525.8
857.704	522.4
858.11	524
858.516	532.8
858.922	526.6
859.328	538.4
859.734	527.6
860.14	532.2
860.525	527.4
860.931	520.8
861.338	516.8
861.745	530.4
862.151	539.4
862.558	525.4
862.965	522.4
863.372	521
863.779	522.4
864.186	547.8
864.572	531.8
864.98	549
865.387	557.8
865.795	517.8
866.203	531.8
866.61	519.4
867.018	528.2
867.405	531
867.813	517.6
868.221	531.8
868.63	523.4
869.038	535.8
869.425	563
869.834	533
870.243	511.4
870.652	525.2
871.039	523
871.448	522
871.857	520.6
872.266	526.2
872.654	526.2
873.064	528.8
873.473	530.8
873.883	520.6
874.271	525.8
874.681	539.8
875.091	524
875.48	527.6
875.89	540.8
876.3	520
876.689	521.2
877.1	520.2
877.51	524.2
877.9	546.6
878.31	513.4
878.721	554.2
879.111	672.8
879.522	527
879.933	519.8
880.323	510.4
880.734	522.6
881.125	528.4
881.536	525.4
881.948	519
882.338	530.6
882.75	537
883.141	523.4
883.553	529
883.944	544.6
884.356	527.2
884.769	524
885.16	531.2
885.573	521
885.964	518
886.377	519.8
886.768	509.8
887.181	522.4
887.573	519
887.987	529.8
888.378	532.8
888.792	524.6
889.184	562.2
889.598	515
889.99	525
890.383	516.2
890.797	515.4
891.19	533.4
891.604	520.2
891.997	512.2
892.411	518.4
892.805	516
893.198	527
893.613	513.2
894.006	521.6
894.421	519.8
894.815	520.4
895.209	524.8
895.624	557.8
896.018	537.4
896.412	519.8
896.828	525.8
897.222	530.8
897.617	529.4
898.033	535.8
898.427	530.8
898.822	518.6
899.239	510.8
899.634	510.2
900.029	536.2
900.424	512.4
900.841	511.6
901.236	524.6
901.632	533.4
902.027	579
902.445	530
902.841	524.8
903.237	520.2
903.633	538.6
904.05	527.6
904.447	520.4
904.843	528.2
905.24	524.4
905.636	498.2
906.033	515.6
906.451	531.4
906.848	516
907.246	532.4
907.643	528.8
908.04	521.6
908.438	531
908.835	530.6
909.254	520.2
909.652	524.2
910.05	517.2
910.448	509.6
910.846	518.6
911.244	517.6
911.643	524.2
912.041	524.8
912.44	531
912.839	525.2
913.237	523.4
913.636	520
914.035	529.2
914.434	521.6
914.834	533.8
915.233	534.2
915.633	523.8
916.032	515.4
916.432	514.8
916.832	542.8
917.232	519.6
917.632	509.4
918.032	522.4
918.432	522.4
918.833	515
919.233	515.6
919.634	509
920.035	520.8
920.436	520
920.837	529
921.238	513.6
921.639	519
922.019	530.4
922.42	525.8
922.822	531.4
923.224	531
923.625	520.2
924.027	526.2
924.429	538.2
924.81	522.8
925.212	530
925.615	524.4
926.017	521.2
926.42	538.2
926.801	523.4
927.204	518
927.607	525
928.01	534.6
928.413	522.8
928.795	516.4
929.199	524.6
929.602	519.6
930.006	522.8
930.388	525.2
930.792	526.6
931.196	527.2
931.579	554.8
931.983	516.4
932.388	561.4
932.771	526.2
933.176	511.6
933.58	527.8
933.964	534.2
934.369	516.4
934.774	526.2
935.158	523.4
935.563	530
935.947	526.2
936.353	530.2
936.759	521.8
937.143	525
937.549	523.6
937.934	534.2
938.34	539.6
938.746	516.4
939.131	520.4
939.538	511.2
939.923	529.8
940.33	510.6
940.716	525.2
941.123	519
941.508	532
941.916	528
942.302	515.8
942.709	514
943.096	509.2
943.503	526
943.89	514.8
944.298	514.8
944.685	542.8
945.072	522.8
945.48	533.2
945.867	518.4
946.276	515
946.663	548.2
947.051	534
947.46	525.4
947.848	520.2
948.257	519.2
948.645	516.8
949.033	517
949.443	511.2
949.831	553.8
950.22	511
950.63	525.4
951.018	552.2
951.407	517.8
951.796	518.2
952.207	529.8
952.596	528
952.985	514.8
953.375	561.8
953.786	527
954.176	519.6
954.566	529.2
954.956	511.6
955.367	518.2
955.758	537.8
956.148	515.8
956.539	530.8
956.929	516
957.341	511
957.732	512
958.123	519.8
958.515	504.4
958.906	527.2
959.297	522.6
959.689	517.2
960.102	524.6
960.494	527.2
960.886	516.8
961.278	519
961.67	539
962.062	549.6
962.455	522.4
962.847	507.4
963.24	514.8
963.633	520.6
964.026	510.2
964.419	520
964.812	532.4
965.206	512.2
965.599	522.8
965.993	516
966.386	517.8
966.78	533.4
967.174	525.4
967.569	512.8
967.963	512.4
968.357	518.8
968.752	520.2
969.146	517.6
969.541	517.8
969.936	516.2
970.331	521.4
970.705	523.4
971.1	520.6
971.496	520.4
971.892	513.8
972.287	523.2
972.683	521.6
973.079	520.8
973.454	525.6
973.85	523.8
974.247	533.8
974.643	539.2
975.04	525.8
975.415	522.8
975.812	512.6
976.209	518.8
976.607	511.2
976.982	523.6
977.38	540.2
977.778	523.8
978.175	516.8
978.552	518.8
978.95	522.4
979.348	533.6
979.725	561.8
980.123	511.6
980.522	520.2
980.899	511.8
981.298	516.8
981.697	518.8
982.075	520
982.474	518
982.852	516
983.251	518
983.651	516.4
984.029	520.6
984.429	521
984.808	511.8
985.208	519.2
985.609	515.8
985.987	507
986.388	518.8
986.768	527.2
987.168	512.2
987.548	528.2
987.949	521
988.329	524
988.731	507.8
989.111	521.2
989.491	514.2
989.893	522.4
990.273	526.8
990.676	511
991.057	506
991.459	515.6
991.84	522.8
992.221	514
992.624	533.6
993.006	523
993.388	520.2
993.791	521.4
994.173	525
994.576	543
994.959	517.8
995.341	511.6
995.724	511.8
996.128	514.6
996.511	516.2
996.894	513.6
997.298	509.6
997.681	518.2
998.065	509.8
998.448	511.2
998.854	519
999.237	514.2
999.621	524
1000.01	528.6
1000.39	519.6
1000.8	513
1001.18	527.6
1001.56	527.4
1001.95	526.4
1002.33	524.4
1002.72	517.2
1003.13	515.2
1003.51	519.2
1003.9	517.8
1004.28	531
1004.67	510.6
1005.06	512.8
1005.44	551
1005.83	507.4
1006.21	510.4
1006.6	511.4
1006.99	528.6
1007.37	525
1007.76	519.4
1060.12	515.8
1060.51	508.4
1060.89	521.8
1061.28	526.6
1061.67	523.8
1062.06	516.4
1062.45	514.8
1062.83	512.4
1063.22	520
1063.61	550.8
1064	523.8
1064.39	515.4
1064.78	514.4
1065.14	526
1065.53	516.8
1065.92	517.6
1066.31	517.6
1066.7	521.2
1067.09	524.8
1067.46	528
1067.85	515.8
1068.24	514.4
1068.63	522.8
1069.02	517.2
1069.39	524.2
1069.78	511.8
1070.17	522.2
1070.57	514.8
1070.93	512
1071.33	519.8
1071.72	512.6
1072.11	507.4
1072.48	528
1072.87	519.8
1073.26	515
1073.64	517.8
1074.03	510.8
1074.4	519.6
1074.79	517.6
1075.19	522.4
1075.56	515.6
1075.95	528.2
1076.34	523.8
1076.72	514.2
1077.11	523.8
1077.48	529
1077.88	524
1078.25	521
1078.64	517
1079.02	515.2
1079.41	527.2
1079.78	514.6
1080.18	515.8
1080.55	568.2
1080.95	514
1081.32	512.8
1081.72	519.4
1082.09	519
1082.49	512.6
1082.86	513.2
1083.24	510
1083.63	512.6
1084.01	522.6
1084.38	526.4
1084.78	513.4
1085.16	516.8
1085.55	527.2
1085.93	529.6
1086.31	519.8
1086.7	544.4
1087.08	519
1087.46	514.2
1087.83	509.2
1088.23	517.8
1088.61	512.8
1088.99	522.2
1089.36	526.8
1089.76	521
1090.14	518
1090.52	526.6
1090.9	504.4
1091.27	531.4
1091.67	540.2
1092.05	523.4
1092.43	512.8
1092.81	521.4
1093.19	520.6
1093.57	514.4
1093.95	507.4
1094.35	520.6
1094.73	528.2
1095.11	511.4
1095.49	512.4
1095.87	516.2
1096.25	523.2
1096.63	524.2
1097.01	514.6
1097.39	516.4
1097.77	515.6
1098.15	518.8
1098.53	513.8
1098.91	522.6
1099.29	512.4
1099.68	537.2
1100.06	524.6
1100.44	522.8
1100.82	525.4
1101.18	523.6
1101.56	516.4
1101.95	517.2
1102.33	518.4
1102.71	524.8
1103.1	510.6
1103.48	507
1103.86	506
1104.22	523.6
1104.61	514.6
1104.99	518.2
1105.38	515.4
1105.76	521.2
1106.12	513.6
1106.51	542.2
1106.89	520.4
1107.26	516.2
1107.64	515.8
1108.03	514
1108.41	524.8
1108.78	517.4
1109.16	524.8
1109.55	522.6
1109.91	513.2
1110.3	512.2
1110.69	526.6
1111.05	515.2
1111.44	519
1111.8	521.2
1112.19	518.6
1112.58	515.2
1112.94	508
1113.33	517
1113.7	520.2
1114.09	509.4
1114.45	511.4
1114.84	518.6
1115.21	517.6
1115.6	513.8
1115.96	523.6
1116.35	518.6
1116.72	508.8
1117.11	529.4
1117.48	510.6
1117.85	525.8
1118.24	529.8
1118.6	524.4
1118.99	507.6
1119.36	522.2
1119.73	511.6
1120.12	517.8
1120.49	508.8
1120.86	518.2
1121.25	521.4
1121.62	506.2
1121.99	507.8
1122.38	517.6
1122.76	514.8
1123.13	512.4
1123.5	515.8
1123.89	522.8
1124.26	504.4
1124.63	515.8
1125	521.2
1125.4	512.2
1125.77	513.6
1126.14	503
1126.51	510
1126.88	517.8
1127.26	512.2
1127.63	502.4
1128.02	513.2
1128.4	518.2
1128.77	513.6
1129.14	527.6
1129.52	516.8
1129.89	518.4
1130.26	513.4
1130.64	502.2
1131.01	508.2
