#lambda/nm	C1
208.295	464.4
208.67	427.8
209.045	391.8
209.419	397.6
209.794	563.2
210.169	539.8
210.544	658
210.919	568.8
211.295	559.4
211.67	569
212.045	561.2
212.421	558
212.796	598
213.172	557.4
213.547	546.2
213.923	557.2
214.299	563
214.675	569.4
215.051	566.8
215.427	570.2
215.803	579.6
216.179	570.2
216.555	551.2
216.932	566.6
217.308	564.6
217.684	555.2
218.061	567.2
218.438	564.4
218.814	547.2
219.191	574.6
219.568	553.6
219.945	563.8
220.322	568.4
220.699	564.8
221.076	575.4
221.453	561.2
221.83	557.8
222.208	554.2
222.585	551.2
222.962	563.4
223.34	563.2
223.717	560.2
224.095	554.6
224.473	558.8
224.851	560.4
225.229	555.2
225.607	579
225.985	548.2
226.363	563.6
226.741	569.2
227.119	565.8
227.497	567.4
227.876	546.4
228.254	566
228.633	575.4
229.011	567
229.39	573
229.769	571.8
230.148	559.8
230.527	579.6
230.905	558.4
231.284	568
231.664	559.2
232.043	576.2
232.422	564
232.801	560.8
233.181	562.8
233.56	559.4
233.94	554
234.319	556
234.699	567.8
235.079	595.4
235.458	592.8
235.838	572
236.218	560
236.598	555.2
236.978	555.6
237.358	555.2
237.738	562
238.119	566
238.499	554.2
238.88	560.8
239.26	585.8
239.641	555.8
240.021	559
240.402	562.8
240.783	560.4
241.163	564.4
241.544	568.2
241.925	564.2
242.306	577
242.687	558.4
243.069	563.4
243.45	564.4
243.831	558.4
244.212	556.2
244.594	597.8
244.975	574
245.357	570.8
245.739	560.4
246.12	562.4
246.502	574.6
246.884	564.6
247.266	568.2
247.648	567.6
248.03	579.8
248.412	565.6
248.794	566.2
249.176	557
249.559	576
249.941	556.2
250.323	545.6
250.706	561.8
251.089	565.6
251.471	570.2
251.854	568
252.237	567.8
252.62	572.8
253.002	570.4
253.385	562.6
253.769	574
254.152	563.2
254.535	572.2
254.918	554.6
255.301	561.8
255.685	558.2
256.068	560.2
256.452	588.8
256.835	576.8
257.219	570.4
257.603	577.6
257.986	556.4
258.37	571.8
258.754	549
259.138	566.2
259.522	571
259.906	552.2
260.29	564.6
260.675	574.4
261.059	564
261.443	561.8
261.828	564.2
262.212	564.6
262.597	559
262.981	562
263.366	574.2
263.751	563.4
264.136	559.6
264.521	557.6
264.906	550.4
265.291	573.4
265.676	570.4
266.061	570.6
266.446	582.8
266.831	560.4
267.217	584.4
267.602	562.4
267.987	560
268.373	558.4
268.759	567.4
269.144	566.6
269.53	562
269.916	561.6
270.302	556.2
270.688	563.4
271.074	570.4
271.46	567.6
271.846	594.6
272.232	567
272.618	556.8
273.004	559.4
273.391	568.4
273.777	577.4
274.164	558.4
274.55	568.6
274.937	568
275.324	564.8
275.71	570.4
276.097	558
276.484	553
276.871	563.2
277.258	576.2
277.645	557.6
278.032	564.4
278.419	569.4
278.807	560.4
279.194	550.6
279.581	559.6
279.969	568.4
280.356	560.2
280.744	567.6
281.131	585.4
281.519	571.2
281.907	564.2
282.295	555.8
282.682	578.8
283.07	565.2
283.458	572.4
283.846	582.8
284.235	568.2
284.623	564.8
285.011	554.8
285.399	563.8
285.788	558.6
286.176	554.8
286.565	565.8
286.953	561
287.342	558.4
287.731	560.2
288.119	556
288.508	561.8
288.897	564.8
289.286	556
289.675	562.6
290.064	568
290.453	557.6
290.821	558
291.21	581.8
291.599	558
291.989	567.8
292.378	573.6
292.768	581
293.157	562
293.547	567
293.936	568.4
294.326	559.4
294.716	561.8
295.106	556
295.496	567.6
295.886	571.6
296.276	570.2
296.666	560.4
297.056	563.6
297.446	550.2
297.836	575
298.227	556.4
298.617	557.4
299.008	572.4
299.398	557.8
299.789	561.2
300.179	567.4
300.57	573.6
300.961	565.4
301.352	560.6
301.742	574
302.133	562.2
302.524	560
302.915	567.8
303.307	558.4
303.698	571.4
304.089	567.6
304.48	566.2
304.872	564.4
305.263	560.8
305.655	562.2
306.046	575
306.438	573.2
306.829	559.2
307.221	582.6
307.613	576.6
308.005	572.2
308.397	580.4
308.789	591.6
309.181	591
309.573	583.4
309.965	581
310.357	559.8
310.749	561.8
311.142	560.2
311.534	560.2
311.926	573
312.319	561
312.711	560.2
313.104	572
313.497	567.2
313.889	601.6
314.282	579.6
314.675	577.8
315.068	564.4
315.461	571.6
315.854	596.2
316.247	566.2
316.64	563.2
317.033	559.2
317.405	572
317.798	570.2
318.192	572.4
318.585	563.8
318.979	567.8
319.372	559.8
319.766	559.2
320.16	575.4
320.553	571.8
320.947	572.6
321.341	549.2
321.735	559.8
322.129	543.6
322.523	582.2
322.917	555.2
323.311	571.4
323.705	558.4
324.099	565
324.494	582
324.888	567.4
325.282	553.6
325.677	574.6
326.071	567
326.466	575.2
326.861	568.2
327.255	572.8
327.65	574.4
328.045	581.8
328.44	565.6
328.835	565.8
329.23	562.2
329.625	582
330.02	556.8
330.415	584.8
330.81	566.2
331.206	571.4
331.601	556.8
331.996	573.4
332.37	583.4
332.766	558
333.161	586
333.557	559
333.953	562.4
334.348	890.6
334.744	563.2
335.14	556
335.536	569
335.932	567
336.328	559
336.724	569.2
337.12	558.2
337.516	566.6
337.913	562.8
338.309	573.2
338.705	564
339.102	572.8
339.498	557.4
339.895	578.6
340.291	563
340.688	568.6
341.085	554.6
341.481	564.6
341.878	555.4
342.275	573.6
342.672	550.6
343.069	561.6
343.466	561.4
343.842	573.4
344.239	554.2
344.636	557.4
345.033	560.2
345.431	561.8
345.828	576
346.225	559.6
346.623	599.4
347.02	558.8
347.418	565.8
347.816	573.8
348.213	553.8
348.611	567
349.009	557.8
349.407	578.4
349.805	562.4
350.203	563
350.601	570.6
350.999	559.6
351.397	611.2
351.795	562.6
352.193	571.4
352.57	570.8
352.969	570.8
353.367	558.4
353.766	552.6
354.164	565
354.563	569.6
354.961	563.8
355.36	559.6
355.759	556.2
356.158	560.4
356.557	555.6
356.956	556.4
357.355	551.8
357.754	564.4
358.153	562.8
358.552	575.2
358.951	557.2
359.35	565.8
359.75	554.2
360.149	554.8
360.527	549.4
360.926	552.8
361.326	565.6
361.726	565
362.125	551.4
362.525	559.4
362.925	554.4
363.325	564
363.724	559.2
364.124	548.6
364.524	558.4
364.924	557.4
365.324	558.6
365.725	544.6
366.125	555
366.525	559.4
366.904	547.2
367.304	532.8
367.705	564
368.105	566
368.506	545.4
368.906	560
369.307	553.4
369.708	559.8
370.108	551.8
370.509	566.8
370.91	550.4
371.311	555.8
371.712	559
372.113	548.2
372.514	544.4
372.894	559.8
373.295	548.6
373.696	565.2
374.097	566.4
374.499	585
374.9	560.2
375.301	553
375.703	556.2
376.105	551.4
376.506	559.8
376.908	560
377.309	559
377.711	551.8
378.113	548.2
378.493	550.8
378.895	558.2
379.297	561
379.699	538
380.102	556.4
380.504	557.2
380.906	551.8
381.308	568
381.71	549
382.113	553.2
382.515	543.2
382.918	562
383.299	550
383.701	569.8
384.104	557.2
384.507	535.4
384.909	550
385.312	541.2
385.715	541
386.118	552.8
386.521	549.4
386.924	565.4
387.327	552
387.709	541.2
388.112	550.8
388.515	545.8
388.918	546.8
389.322	545.4
389.725	542.4
390.129	573.2
390.532	554
390.936	547.8
391.339	544
391.743	561.8
392.125	534.4
392.529	563.4
392.933	562
393.337	556.2
393.74	550.2
394.144	551.6
394.548	547.8
394.953	550.4
395.357	558.4
395.761	559.6
396.144	552
396.548	556
396.952	561.6
397.357	556.2
397.761	550.6
398.166	546.2
398.57	553.4
398.975	553.2
399.379	563.2
399.763	600.2
400.168	554.2
400.572	560.8
400.977	552.2
401.382	575.8
401.787	566.4
402.192	567.4
402.597	565.2
403.002	539.8
403.386	573.2
403.791	571.4
404.197	559.2
404.602	549.4
405.007	560.2
405.413	550.4
405.818	552.2
406.224	557.2
406.608	552.8
407.014	551.8
407.42	569.2
407.825	556.8
408.231	561
408.637	562.6
409.043	570
409.449	546
409.834	556
410.24	552.6
410.646	563.2
411.052	561
411.458	548.6
411.865	557.2
412.271	553.8
412.677	558.6
413.062	554.8
413.469	540
413.875	580
414.282	569.2
414.689	556.6
415.095	557.2
415.502	547
415.888	548.8
416.294	534.2
416.701	589.4
417.108	544.8
417.515	558.4
417.923	553
418.33	567.4
418.715	560.2
419.123	544.2
419.53	558.8
419.937	554.2
420.345	573.6
420.752	551.6
421.16	566
421.546	556
421.953	564.6
422.361	545.2
422.769	558
423.177	556.2
423.585	577.4
423.992	576.2
424.379	565
424.787	562.8
425.195	577.6
425.603	552
426.011	566.4
426.419	576
426.806	555.2
427.214	564.8
427.623	572.4
428.031	578.4
428.44	567.4
428.848	569.2
429.235	568.8
429.644	551
430.053	565.2
430.461	574
430.87	580.6
431.279	561.6
431.666	555.4
432.075	565.4
432.484	564.6
432.893	559.6
433.302	573.4
433.711	587.4
434.099	557.6
434.508	560.2
434.918	555.4
435.327	565.6
435.737	553
436.125	556.2
436.534	558.6
436.944	558.8
437.353	571.2
437.763	594
438.173	556
438.561	575.8
438.971	556.6
439.381	569.8
439.791	575.4
440.201	556
440.589	572
440.999	576.4
441.409	582.2
441.819	566
442.23	584.8
442.619	587.4
443.029	582.8
443.439	595.2
443.85	600
444.26	603.2
444.649	591
445.06	589
445.471	590.8
445.881	597
446.292	607.6
446.682	612.4
447.092	585.2
447.503	637
447.914	591.8
448.325	604.6
448.715	606.6
449.126	595.4
449.537	598.2
449.948	598
450.338	604.4
450.75	609.6
451.161	607.6
451.572	620.6
451.984	607.8
452.374	602.6
452.786	602
453.197	613
453.609	619.6
453.999	600.6
454.411	606
454.823	625
455.235	626.4
455.647	604.6
456.037	609.4
456.449	608.4
456.862	617
457.274	625.2
457.665	611.6
458.077	629
458.489	645.2
458.902	627.2
459.293	631.6
459.705	617.6
460.118	625.2
460.53	627.2
460.921	621.8
461.334	627.8
461.747	634.6
462.16	629.8
462.551	635.6
462.964	625.4
463.377	615.8
463.79	625.2
464.182	636.4
464.595	625.4
465.008	636.6
465.421	641.2
465.813	620.6
466.226	633.2
466.64	630.8
467.053	669.4
467.445	645
467.859	655.2
468.272	636
468.686	648
469.078	634.4
469.492	634.2
469.906	643.6
470.298	645.2
470.712	630.2
471.126	653.6
471.54	622.4
471.933	632.6
472.347	637.2
472.761	637.8
473.175	635.6
473.568	645.6
473.982	635.6
474.397	637.4
474.79	644
475.204	650.8
475.619	638.2
476.033	647.6
476.426	632.8
476.841	632.4
477.256	658.4
477.649	630.4
478.064	640
478.479	628.2
478.872	637.6
479.287	622.2
479.702	633.8
480.118	633.2
480.511	636.2
480.927	636.2
481.342	637.8
481.736	642.4
482.151	635.6
482.566	650.4
482.96	636.6
483.376	641.2
483.792	628.2
484.186	630.6
484.602	636.8
485.017	641.8
485.412	630.2
485.827	648.4
486.243	640.8
486.638	652
487.054	644.2
487.47	650.8
487.865	633.8
488.281	630.8
488.697	636.6
489.092	633.4
489.508	627
489.925	635.8
490.32	630.4
490.736	640.8
491.153	634.6
491.548	637.6
491.964	644.8
492.381	618.4
492.776	633.8
493.193	630.6
493.61	640.4
494.006	631.4
494.422	636.2
494.84	616
495.235	646
495.652	623.8
496.069	627.2
496.465	617.4
496.883	631.6
497.3	651.4
497.696	616.2
498.113	629.4
498.509	623.2
498.927	619
499.344	617.2
499.741	617
500.158	622
500.576	629.2
500.973	625.2
501.39	621
501.787	611.8
502.205	624.2
502.623	615.4
503.02	608.2
503.438	612
503.856	617.6
504.253	614.8
504.671	621.4
505.068	611.6
505.486	614.4
505.905	634.4
506.302	616.8
506.72	619.6
507.118	607.8
507.536	609.6
507.955	602.2
508.352	616
508.771	606.8
509.169	614.8
509.587	603
510.006	607.6
510.404	605.8
510.823	596.6
511.221	601.4
511.64	605.8
512.038	619
512.457	604.6
512.877	611.4
513.275	605.2
513.694	598.8
514.092	598.2
514.512	600.8
514.91	603.6
515.33	601
515.749	588.8
516.148	594.6
516.568	608.6
516.966	597.2
517.386	586.6
517.785	604.4
518.205	590.2
518.603	596.8
519.024	583.2
519.444	596.6
519.843	599.8
520.263	608.8
520.662	594.2
521.082	597
521.481	599.4
521.902	605
522.301	593.6
522.722	591.2
523.121	601.2
523.542	588.4
523.963	589.6
524.362	590.8
524.783	591
525.183	579.4
525.604	590.4
526.003	580.6
526.425	582.2
526.824	588
527.246	591.6
527.646	587.8
528.067	579.6
528.467	585.6
528.888	598.2
529.289	576
529.71	578.2
530.11	579.8
530.532	585.6
530.932	574.4
531.354	577.2
531.755	611.8
532.176	589.4
532.577	587.2
532.999	579.6
533.4	572.4
533.822	596.4
534.223	590.8
534.645	586.2
535.046	579
535.468	581.2
535.869	590.2
536.292	573.8
536.693	602
537.115	582
537.516	574.8
537.939	575.2
538.34	593.6
538.742	592.4
539.165	579.4
539.566	576.2
539.989	563
540.391	572.8
540.814	573.8
541.216	577.2
541.639	575.2
542.041	589.4
542.464	569.6
542.866	574.4
543.268	568.4
543.691	584.2
544.093	577.8
544.517	589.4
544.919	567.6
545.343	595.8
545.745	568.4
546.147	579.6
546.571	573.2
546.974	559.4
547.398	567.4
547.8	579.8
548.224	560
548.627	564
549.03	571.4
549.454	568.6
549.857	554.6
550.281	574.2
550.684	567
551.087	580.2
551.512	571.8
551.915	570
552.34	562.8
552.743	561.6
553.146	571
553.571	569
553.975	582
554.399	557.2
554.803	609.2
555.207	569.6
555.632	559
556.036	570.2
556.461	558.4
556.865	566
557.268	558.8
557.694	560.2
558.098	574.4
558.502	576.4
558.927	558.6
559.332	555
559.736	562.2
560.162	563.2
560.566	553.4
560.992	572.6
561.396	563.4
561.801	559
562.227	563.2
562.631	559.4
563.036	559.2
563.462	569.4
563.867	561.4
564.272	551.2
564.698	566.2
565.103	548.6
565.508	572.8
565.935	560.4
566.34	552.2
566.745	571.2
567.172	559.6
567.577	585
567.982	574.4
568.409	553.6
568.815	549.8
569.22	547.6
569.626	555.2
570.053	537.4
570.459	563
570.865	567.2
571.292	560.8
571.698	557.8
572.104	548.4
572.531	548.6
572.937	569.8
573.343	555.8
573.75	547.8
574.177	557.4
574.583	558.8
574.99	551.4
575.396	561.4
575.824	547
576.231	565.2
576.637	553.2
577.065	579.4
577.472	549.8
577.879	548.8
578.286	565.2
578.714	549.8
579.121	548.6
579.528	552.2
579.935	556.2
580.364	544.2
580.771	534.6
581.178	543.8
581.585	550.6
582.014	561.8
582.421	538.8
582.829	551.8
583.236	553.6
583.644	540.2
584.073	547
584.481	547
584.889	547.4
585.296	556.6
585.726	547.4
586.134	539.4
586.542	545.8
586.95	563
587.358	543
587.787	552.6
588.196	559.2
588.604	546.4
589.012	550.4
589.421	538
589.851	546.2
590.259	551
590.668	540.8
591.076	575.2
591.485	545.4
591.894	536.8
592.324	561.4
592.733	560.4
593.142	542.4
593.551	547.6
593.96	547.2
594.369	536.4
594.8	543.8
595.209	545.6
595.618	526.6
596.028	540.6
596.437	538.4
596.847	551
597.256	551.2
597.687	558
598.097	545.6
598.507	531.2
598.917	546.4
599.327	560
599.736	552.2
600.146	567.2
600.556	539.8
600.988	558.8
601.398	542.6
601.808	556
602.219	532.8
602.629	548.2
603.039	547.4
603.45	565.2
603.86	541.4
604.271	553.8
604.703	542.8
605.114	537.8
605.525	549.4
605.935	548.2
606.346	568
606.757	549
607.168	547.4
607.579	539.6
607.99	549
608.402	545
608.813	548.4
609.224	538
609.636	534.6
610.047	537.2
610.48	543.6
610.892	552.8
611.303	553
611.715	543.4
612.127	540.2
612.539	540.8
612.95	538.2
613.362	531.4
613.774	537.4
614.186	527.8
614.599	541.8
615.011	549.8
615.423	546.2
615.835	537
616.248	537.2
616.66	553.4
617.073	537
617.485	544.4
617.898	545.6
618.311	553
618.723	544.8
619.136	573.2
619.549	560.6
619.962	563.4
620.375	537.8
620.788	555.6
621.201	547.8
621.614	548.4
622.028	546.4
622.441	543.4
622.854	556
623.268	544
623.681	551.2
624.095	534.6
624.509	556.6
624.922	550.8
625.336	536.2
625.728	543.2
626.142	555.2
626.556	560.8
626.97	553.8
627.384	551.6
627.799	547.4
628.213	563
628.627	542.4
629.041	545
629.456	542.4
629.87	554.8
630.285	555.4
630.699	555.8
631.093	548.8
631.507	552.2
631.922	549
632.337	552.8
632.752	530
633.167	548.8
633.582	541.2
633.997	544
634.412	541.4
634.806	546.2
635.221	547
635.637	559.4
636.052	539.4
636.468	544.2
636.883	565
637.299	542
637.715	536
638.109	544.6
638.525	533.2
638.941	553.2
639.357	548
639.773	562.4
640.189	545.8
640.584	542
641	545.8
641.416	534
641.832	543
642.249	542
642.665	543
643.06	550.6
643.477	550.8
643.894	533.4
644.31	541.2
644.727	540.6
645.123	543.8
645.54	534.6
645.957	546.4
646.374	555.6
646.77	545.2
647.187	561.8
647.604	543
648.021	530.4
648.439	533.6
648.835	540.4
649.252	537.2
649.67	540.4
650.088	541.2
650.484	542
650.902	549.4
651.32	547.8
651.738	535
652.134	545
652.552	551.6
652.971	544.2
653.389	551.6
653.786	551.8
654.204	566
654.622	543.2
655.019	544.4
655.438	543.6
655.857	541.4
656.275	541.8
656.673	537.8
657.091	547
657.51	529.6
657.908	551
658.327	558.2
658.746	528.6
659.144	537
659.563	549.2
659.982	536.4
660.38	536
660.8	541
661.219	547.8
661.617	546.4
662.037	531
662.457	552.4
662.855	522.2
663.275	564.4
663.695	534.8
664.094	533.2
664.514	542.6
664.934	538.8
665.333	539.6
665.753	529.6
666.152	529.4
666.572	529
666.993	545
667.392	540
667.812	539.2
668.212	535.4
668.632	550.4
669.053	531.8
669.453	529
669.874	530.4
670.273	536.8
670.694	533
671.116	553.2
671.515	540.4
671.937	532.2
672.337	530.2
672.758	535
673.158	546
673.58	531
673.98	540.2
674.402	545.6
674.824	537
675.224	527
675.646	532.8
676.047	532.4
676.469	533.6
676.869	530.8
677.292	533.4
677.693	530.6
678.115	529
678.516	542.2
678.939	535
679.34	530.4
679.762	545.2
680.164	535.2
680.586	527.4
680.988	538
681.411	550
681.812	531.8
682.236	526.4
682.637	533.4
683.061	531.4
683.462	545.6
683.864	532.8
684.288	538.6
684.69	533.2
685.114	548.8
685.516	537.2
685.94	522.8
686.342	539.8
686.766	526.8
687.168	531.8
687.571	552.8
687.995	540.6
688.398	523
688.822	524
689.225	546.8
689.628	546
690.052	532
690.456	536.4
690.88	535.6
691.284	526.8
691.687	541.8
692.112	524
692.515	525.4
692.919	539.2
693.344	540.2
693.747	530.6
694.173	529.2
694.577	543.8
694.98	532.8
695.406	532.8
695.81	535.4
696.214	532
696.64	537.6
697.044	540.8
697.448	537
697.874	540.8
698.279	530.2
698.684	519.6
699.11	525.6
699.514	529.8
699.919	526.2
700.324	531.4
700.75	541.8
701.156	531.6
701.561	547.2
701.987	534.2
702.393	547.8
702.798	540.6
703.203	536.8
703.63	526
704.036	529.8
704.442	536.2
704.847	523.2
705.274	532.6
705.68	536
706.086	537.8
706.492	527
706.92	522.6
707.326	538.4
707.732	529.6
708.139	522
708.545	521.6
708.973	529.6
709.38	532.2
709.786	517.8
710.193	546.6
710.6	531.2
711.028	523.8
711.435	530
711.842	524.8
712.249	528.4
712.656	532
713.064	546.2
713.492	531.6
713.9	533.6
714.307	534
714.715	529.8
715.123	529
715.53	528.6
715.938	540
716.367	531.6
716.775	529.4
717.184	531.4
717.592	533.8
718	539.4
718.408	562.8
718.816	578
719.225	531.2
719.633	529.6
720.042	524
720.472	531.2
720.881	550.2
721.29	527.8
721.699	521.2
722.108	528.8
722.517	534
722.926	526.2
723.335	532.2
723.744	528.2
724.154	532.4
724.563	537.2
724.973	527.8
725.382	532
725.792	531.2
726.202	523.6
726.612	540.6
727.022	535
727.432	525.6
779.813	538.4
780.223	580.8
780.634	525.8
781.044	527.6
781.454	530.8
781.865	543.6
782.276	525.8
782.686	539.2
783.097	532.8
783.508	532
783.919	538.6
784.33	541
784.741	533.4
785.152	521.8
785.563	516.8
785.974	523.2
786.386	542.4
786.776	534
787.188	535.6
787.599	519.2
788.011	538.8
788.423	534.4
788.835	518.4
789.247	527.8
789.659	526.8
790.071	525.2
790.483	568.2
790.874	524.6
791.286	537.2
791.699	528
792.111	531.4
792.524	537.8
792.937	535.8
793.349	520.4
793.741	526.8
794.154	525.8
794.567	546.8
794.98	527.8
795.393	511.4
795.785	547.4
796.198	530
796.612	535.2
797.026	532.2
797.439	518.6
797.831	526.6
798.245	527
798.659	529.2
799.073	525.6
799.487	526
799.88	537.6
800.294	528.6
800.708	532.8
801.123	529.4
801.516	548.6
801.93	525
802.345	518.4
802.76	523.4
803.153	548.2
803.568	539.4
803.983	544.4
804.377	540.2
804.792	522.4
805.207	516.6
805.601	531.4
806.016	560
806.432	523.4
806.826	561.8
807.242	547.6
807.658	534.4
808.052	521.6
808.468	528.8
808.884	520.8
809.279	536.4
809.695	533
810.111	550.6
810.506	529.2
810.922	547
811.339	526.2
811.734	536.2
812.151	527.4
812.546	519.8
812.963	526.2
813.38	535.2
813.776	531.4
814.193	551
814.589	525.8
815.006	521.4
815.402	529.8
815.82	525.8
816.237	522.2
816.633	531.8
817.051	520.4
817.448	527
817.866	515.2
818.262	545.4
818.68	519
819.077	524
819.495	529.4
819.892	567
820.311	515
820.708	526
821.127	521
821.524	535
821.943	528.8
822.34	538.4
822.759	528.4
823.157	528
823.576	527.6
823.974	534.6
824.393	550.4
824.791	519.4
825.189	517
825.609	524.6
826.007	527.2
826.427	515.6
826.826	517.6
827.246	530.4
827.644	519.4
828.043	532
828.463	520.8
828.862	536
829.261	529.8
829.682	517.6
830.081	525.4
830.502	518.6
830.901	537.2
831.301	541.8
831.722	512.6
832.121	530
832.521	526.4
832.943	518.8
833.342	528.2
833.742	525.2
834.164	529.6
834.564	519
834.965	528.8
835.386	522.8
835.787	522.2
836.188	523.2
836.588	531.4
837.01	529
837.411	521.4
837.812	535.6
838.213	530.6
838.636	521.8
839.037	590.8
839.438	533.6
839.84	527.6
840.263	537.2
840.664	529.2
841.066	526
841.468	529.8
841.891	528.2
842.293	540.8
842.695	531.2
843.098	539.8
843.5	523.8
843.902	533
844.326	532.4
844.729	525.6
845.131	543.2
845.534	530.2
845.937	539
846.34	537
846.764	527.4
847.167	523.6
847.571	521.4
847.974	525.4
848.377	526.4
848.781	571.4
849.184	535.4
849.588	527.4
849.992	525.8
850.396	532.4
850.821	540.4
851.225	521.8
851.63	526.2
852.034	535.4
852.438	525.6
852.843	574.8
853.247	511.2
853.652	525.4
854.057	537.8
854.462	529.6
854.867	521.4
855.272	554.4
855.677	535
856.082	520.8
856.487	510.8
856.893	522.4
857.298	527.4
857.704	515.8
858.11	531
858.516	533.4
858.922	531.2
859.328	535
859.734	527
860.14	530.8
860.525	522.4
860.931	516.8
861.338	520
861.745	521.4
862.151	530.8
862.558	524
862.965	520.6
863.372	525
863.779	525.8
864.186	544.4
864.572	539.2
864.98	539.8
865.387	559
865.795	506.4
866.203	532.8
866.61	520.2
867.018	535
867.405	534.8
867.813	527.2
868.221	529.8
868.63	514.8
869.038	532.6
869.425	566.2
869.834	528.4
870.243	523.8
870.652	517.6
871.039	518.4
871.448	527.6
871.857	531.4
872.266	529.2
872.654	530
873.064	524
873.473	530.4
873.883	517.2
874.271	523
874.681	539.2
875.091	518
875.48	534.8
875.89	549
876.3	521.2
876.689	515.2
877.1	520.8
877.51	529.4
877.9	545.4
878.31	529.4
878.721	550.4
879.111	681.8
879.522	525
879.933	518.4
880.323	519.2
880.734	522.8
881.125	526.6
881.536	527.4
881.948	519.6
882.338	529.4
882.75	531.6
883.141	523.6
883.553	530
883.944	549.4
884.356	536.2
884.769	528.2
885.16	522.8
885.573	534.4
885.964	526.4
886.377	531.8
886.768	514.4
887.181	530.6
887.573	519.6
887.987	531.2
888.378	538.6
888.792	526.8
889.184	568
889.598	524.2
889.99	524
890.383	522.2
890.797	520
891.19	544.8
891.604	525.2
891.997	525.2
892.411	516.2
892.805	520
893.198	526.2
893.613	512.4
894.006	530.2
894.421	525.2
894.815	525.8
895.209	521.6
895.624	560
896.018	543.2
896.412	523.2
896.828	520.8
897.222	530.6
897.617	520.8
898.033	542.8
898.427	527.4
898.822	530.6
899.239	512.4
899.634	519
900.029	542.4
900.424	515.2
900.841	514.8
901.236	528.4
901.632	525.4
902.027	568.8
902.445	531
902.841	521.6
903.237	518.6
903.633	538
904.05	533.8
904.447	529
904.843	540.6
905.24	525.2
905.636	524.6
906.033	521.8
906.451	538.8
906.848	518.8
907.246	518.6
907.643	527.8
908.04	536.4
908.438	539.6
908.835	536.2
909.254	530.6
909.652	528.6
910.05	523.2
910.448	525
910.846	519.4
911.244	509.2
911.643	523.2
912.041	520.6
912.44	533
912.839	521.2
913.237	522.2
913.636	513.4
914.035	523.8
914.434	520.8
914.834	534
915.233	532.4
915.633	525.4
916.032	511
916.432	525
916.832	526.8
917.232	521.4
917.632	513.8
918.032	528.2
918.432	518.2
918.833	522.6
919.233	514.6
919.634	507.8
920.035	523.4
920.436	519.8
920.837	522.6
921.238	521
921.639	516.2
922.019	519.2
922.42	527.6
922.822	520.8
923.224	518.6
923.625	518.2
924.027	523
924.429	538.6
924.81	534.4
925.212	532.6
925.615	529.6
926.017	522.4
926.42	533.8
926.801	531.2
927.204	525
927.607	526.8
928.01	536.4
928.413	536.6
928.795	505.8
929.199	529.6
929.602	528
930.006	516.4
930.388	519.2
930.792	521
931.196	529.2
931.579	557.2
931.983	518.4
932.388	566.4
932.771	525.4
933.176	513.2
933.58	526.4
933.964	532
934.369	517.4
934.774	523
935.158	519.8
935.563	526
935.947	522.4
936.353	535.8
936.759	525.2
937.143	526.6
937.549	529.6
937.934	532.6
938.34	543
938.746	517
939.131	525
939.538	518.4
939.923	530.6
940.33	519.4
940.716	517.6
941.123	532.8
941.508	533.8
941.916	547.2
942.302	518.2
942.709	517.4
943.096	520
943.503	526
943.89	528.8
944.298	516
944.685	542.2
945.072	519.2
945.48	533
945.867	510.2
946.276	507.6
946.663	539
947.051	534.6
947.46	538.6
947.848	520.6
948.257	520.8
948.645	521
949.033	519.4
949.443	516.8
949.831	556.8
950.22	510.6
950.63	526.2
951.018	548.4
951.407	521
951.796	516.2
952.207	524
952.596	528.6
952.985	505.8
953.375	570.4
953.786	522
954.176	511.6
954.566	527
954.956	509.2
955.367	519.6
955.758	533
956.148	519
956.539	526.8
956.929	513.4
957.341	501.4
957.732	520.8
958.123	527
958.515	508.2
958.906	532
959.297	515.2
959.689	516.8
960.102	508.8
960.494	520
960.886	509.2
961.278	517.6
961.67	542
962.062	557
962.455	520.8
962.847	508.8
963.24	521.8
963.633	520
964.026	511.4
964.419	519.8
964.812	536.6
965.206	516.8
965.599	515.4
965.993	525
966.386	523.2
966.78	529.8
967.174	520.4
967.569	523.6
967.963	519.2
968.357	517.8
968.752	522.6
969.146	518
969.541	510.8
969.936	521.4
970.331	522.6
970.705	519.6
971.1	520.6
971.496	533.6
971.892	517
972.287	519.4
972.683	526
973.079	523.8
973.454	539.6
973.85	519.6
974.247	527.4
974.643	543.8
975.04	516.4
975.415	523.6
975.812	513.8
976.209	528
976.607	517.6
976.982	528.8
977.38	544.4
977.778	529.2
978.175	522.8
978.552	515.4
978.95	527
979.348	519.2
979.725	560.4
980.123	520.8
980.522	513.6
980.899	513.4
981.298	514.4
981.697	524.6
982.075	513.8
982.474	514.6
982.852	522.4
983.251	536.4
983.651	514.6
984.029	532.2
984.429	523.2
984.808	517.6
985.208	518
985.609	517.6
985.987	513.6
986.388	518.4
986.768	528.8
987.168	516.6
987.548	527.4
987.949	524.4
988.329	520.8
988.731	506.6
989.111	523.2
989.491	520
989.893	513.4
990.273	523.2
990.676	510.8
991.057	515
991.459	516
991.84	514
992.221	508
992.624	535
993.006	525.8
993.388	515.8
993.791	521.2
994.173	534.4
994.576	543.4
994.959	513.2
995.341	521.8
995.724	529
996.128	509.2
996.511	510.4
996.894	516.2
997.298	515
997.681	533.6
998.065	521.8
998.448	517
998.854	527.6
999.237	516
999.621	522.2
1000.01	527.4
1000.39	523.8
1000.8	517
1001.18	523
1001.56	523.4
1001.95	527.6
1002.33	527.4
1002.72	511.8
1003.13	517.6
1003.51	519.6
1003.9	512
1004.28	534
1004.67	516.8
1005.06	512.6
1005.44	553.8
1005.83	512.4
1006.21	518.2
1006.6	522.4
1006.99	532.4
1007.37	525
1007.76	522.4
1060.12	509
1060.51	520.6
1060.89	523.2
1061.28	526.4
1061.67	523.6
1062.06	518.8
1062.45	517.8
1062.83	515
1063.22	522.4
1063.61	558.2
1064	521.8
1064.39	515.4
1064.78	513.2
1065.14	524.4
1065.53	522.2
1065.92	522.2
1066.31	518.8
1066.7	527.2
1067.09	530
1067.46	526.2
1067.85	522.6
1068.24	522.4
1068.63	522
1069.02	522.4
1069.39	517
1069.78	524.2
1070.17	506
1070.57	513.4
1070.93	517.2
1071.33	513.2
1071.72	513.2
1072.11	517.2
1072.48	515.2
1072.87	520.6
1073.26	519.4
1073.64	521.2
1074.03	510.6
1074.4	518.6
1074.79	522.6
1075.19	518.6
1075.56	516.6
1075.95	517.4
1076.34	520.2
1076.72	516.2
1077.11	524.2
1077.48	534.4
1077.88	527.6
1078.25	518.2
1078.64	518.2
1079.02	529.2
1079.41	525.2
1079.78	522
1080.18	519.8
1080.55	572.4
1080.95	521.6
1081.32	510.4
1081.72	525.8
1082.09	530.4
1082.49	517.2
1082.86	516
1083.24	513.2
1083.63	511.8
1084.01	531.2
1084.38	519.4
1084.78	512.4
1085.16	518.4
1085.55	533
1085.93	530.4
1086.31	514.4
1086.7	551.6
1087.08	513.8
1087.46	517.8
1087.83	510
1088.23	524.4
1088.61	519
1088.99	514.2
1089.36	509.4
1089.76	512.6
1090.14	518.4
1090.52	514
1090.9	514.8
1091.27	530
1091.67	533.2
1092.05	521.4
1092.43	519.8
1092.81	530.4
1093.19	518.2
1093.57	506.8
1093.95	507
1094.35	523
1094.73	525.2
1095.11	516.6
1095.49	519.4
1095.87	512.2
1096.25	527.2
1096.63	519.6
1097.01	513.4
1097.39	517.8
1097.77	525.2
1098.15	522.4
1098.53	510.6
1098.91	517.6
1099.29	517
1099.68	534
1100.06	527.4
1100.44	508.6
1100.82	521.4
1101.18	522
1101.56	510.4
1101.95	517
1102.33	523.8
1102.71	521.2
1103.1	505.6
1103.48	505
1103.86	508.2
1104.22	520.6
1104.61	512
1104.99	513.8
1105.38	514.4
1105.76	524
1106.12	515.4
1106.51	551
1106.89	518.4
1107.26	524
1107.64	524.4
1108.03	509.2
1108.41	516.4
1108.78	514.8
1109.16	516.2
1109.55	533.4
1109.91	508.2
1110.3	501.6
1110.69	523.2
1111.05	512
1111.44	515.6
1111.8	510.4
1112.19	524.2
1112.58	530
1112.94	516.6
1113.33	520
1113.7	512.6
1114.09	518
1114.45	511.6
1114.84	513
1115.21	526.2
1115.6	511
1115.96	523.8
1116.35	523.8
1116.72	508
1117.11	527.2
1117.48	518.4
1117.85	514.4
1118.24	528
1118.6	512.6
1118.99	512.6
1119.36	527.6
1119.73	524.6
1120.12	524
1120.49	514
1120.86	522
1121.25	516.8
1121.62	515.8
1121.99	514.8
1122.38	521
1122.76	517.6
1123.13	513.4
1123.5	520.2
1123.89	523.4
1124.26	508.6
1124.63	511.8
1125	512.8
1125.4	511.4
1125.77	519.4
1126.14	513.6
1126.51	519.2
1126.88	523.6
1127.26	510.8
1127.63	504.6
1128.02	517.2
1128.4	507.6
1128.77	506
1129.14	512.2
1129.52	512.4
1129.89	525.4
1130.26	517.4
1130.64	505.4
1131.01	510.8
