#lambda/nm	C1
208.295	464.4
208.67	426.6
209.045	393.4
209.419	395
209.794	556.4
210.169	548.2
210.544	665
210.919	564
211.295	556.6
211.67	566.2
212.045	555.6
212.421	553.2
212.796	592.6
213.172	550.2
213.547	556.4
213.923	555.4
214.299	557.8
214.675	566.8
215.051	568.8
215.427	571.2
215.803	577.4
216.179	562.8
216.555	563
216.932	570
217.308	554.2
217.684	553.8
218.061	577.4
218.438	564
218.814	556.8
219.191	569.4
219.568	547.8
219.945	561
220.322	561.2
220.699	563.6
221.076	572.2
221.453	575.6
221.83	560.2
222.208	549.8
222.585	555.2
222.962	554.4
223.34	557.6
223.717	560.6
224.095	554
224.473	553.6
224.851	557.4
225.229	550.6
225.607	583.6
225.985	552.6
226.363	558.4
226.741	555.6
227.119	557.6
227.497	584.2
227.876	553.4
228.254	562.8
228.633	564
229.011	563.4
229.39	565
229.769	564.4
230.148	563.2
230.527	580.6
230.905	561
231.284	565.4
231.664	558.2
232.043	566.2
232.422	569.2
232.801	560.6
233.181	568.6
233.56	558.6
233.94	559
234.319	546.8
234.699	562.2
235.079	592.6
235.458	595.8
235.838	584.6
236.218	551.2
236.598	552.2
236.978	550.4
237.358	546.6
237.738	560
238.119	566.4
238.499	552.2
238.88	560.8
239.26	577.8
239.641	555.2
240.021	556.8
240.402	557.6
240.783	557.6
241.163	565.4
241.544	564.6
241.925	569.2
242.306	580
242.687	570
243.069	570.2
243.45	562.2
243.831	562.2
244.212	564.4
244.594	594.4
244.975	574
245.357	566
245.739	556
246.12	562.4
246.502	575.2
246.884	565
247.266	555.4
247.648	558.6
248.03	585
248.412	561.8
248.794	563.4
249.176	556.6
249.559	572.4
249.941	555.6
250.323	559.8
250.706	552.6
251.089	554.6
251.471	566.8
251.854	561.6
252.237	555.8
252.62	561.2
253.002	553.8
253.385	564.4
253.769	568.8
254.152	557.6
254.535	566
254.918	555
255.301	564.8
255.685	567.8
256.068	550.8
256.452	583.4
256.835	570.4
257.219	568.8
257.603	566.4
257.986	550.6
258.37	561.6
258.754	548
259.138	564.6
259.522	570.6
259.906	553.4
260.29	555
260.675	559.4
261.059	557.6
261.443	555
261.828	569.2
262.212	567.6
262.597	546.4
262.981	558.4
263.366	568.2
263.751	560.4
264.136	556.2
264.521	551
264.906	552.6
265.291	571.8
265.676	553.6
266.061	572.4
266.446	570.6
266.831	557.2
267.217	577
267.602	568.6
267.987	562.6
268.373	557.6
268.759	569.4
269.144	567.6
269.53	562.2
269.916	558.6
270.302	553.6
270.688	568
271.074	572.2
271.46	576.4
271.846	589.8
272.232	559.8
272.618	549.6
273.004	551.6
273.391	572.4
273.777	571.4
274.164	556.8
274.55	566
274.937	560
275.324	554.2
275.71	560.8
276.097	567.6
276.484	544
276.871	560.6
277.258	560.4
277.645	547.6
278.032	552.6
278.419	557.6
278.807	557.6
279.194	550.8
279.581	556.6
279.969	568.6
280.356	564.2
280.744	560
281.131	584
281.519	564.8
281.907	553
282.295	556.6
282.682	569
283.07	556
283.458	568.4
283.846	571.6
284.235	568
284.623	575.8
285.011	541
285.399	565.2
285.788	565.2
286.176	551.6
286.565	567.2
286.953	555.6
287.342	559
287.731	556.6
288.119	554.4
288.508	557
288.897	563.2
289.286	551
289.675	563.2
290.064	573.2
290.453	555.8
290.821	559.2
291.21	573
291.599	562.4
291.989	561.4
292.378	571
292.768	573
293.157	564.4
293.547	566.4
293.936	561.4
294.326	554.6
294.716	572.2
295.106	567.8
295.496	574.6
295.886	571.2
296.276	556.8
296.666	556
297.056	554.4
297.446	549.4
297.836	571
298.227	564.8
298.617	566.2
299.008	571
299.398	561
299.789	553.4
300.179	570.6
300.57	575.4
300.961	558.8
301.352	565.8
301.742	571.6
302.133	554.8
302.524	561.2
302.915	566.2
303.307	562.4
303.698	570
304.089	564.6
304.48	559.6
304.872	566
305.263	565.6
305.655	558.8
306.046	569.2
306.438	567
306.829	558
307.221	577.8
307.613	564.8
308.005	566.2
308.397	576.4
308.789	582
309.181	589.6
309.573	585
309.965	575.4
310.357	563.8
310.749	563.6
311.142	556.6
311.534	563.8
311.926	572.6
312.319	565.8
312.711	555.2
313.104	573.2
313.497	555.8
313.889	595.6
314.282	574.4
314.675	574.8
315.068	565.6
315.461	566
315.854	584.8
316.247	569.2
316.64	554.4
317.033	557.2
317.405	572
317.798	561.8
318.192	567.6
318.585	549.4
318.979	566.4
319.372	554.6
319.766	560.2
320.16	569.6
320.553	574.8
320.947	578.2
321.341	547.8
321.735	563
322.129	554
322.523	589.2
322.917	553.4
323.311	576.8
323.705	558.6
324.099	571.4
324.494	571.4
324.888	562
325.282	572.2
325.677	569.4
326.071	562.8
326.466	572
326.861	566.8
327.255	570.8
327.65	575
328.045	568.2
328.44	558.4
328.835	564
329.23	560.6
329.625	582.6
330.02	557.4
330.415	584.6
330.81	556.8
331.206	556
331.601	554.6
331.996	565.4
332.37	582.4
332.766	560.4
333.161	583
333.557	559.8
333.953	568.4
334.348	834.2
334.744	559
335.14	557.2
335.536	556.4
335.932	570.4
336.328	561.8
336.724	572
337.12	569.8
337.516	568.8
337.913	558
338.309	572.2
338.705	565.4
339.102	571
339.498	558.4
339.895	590.4
340.291	556.4
340.688	574.4
341.085	557.2
341.481	563.4
341.878	559.8
342.275	579
342.672	557.6
343.069	556
343.466	549.2
343.842	573.8
344.239	544.8
344.636	554
345.033	557.6
345.431	553.4
345.828	564.4
346.225	554
346.623	598.6
347.02	565.4
347.418	569
347.816	571
348.213	550.4
348.611	570.4
349.009	551.4
349.407	567
349.805	549.2
350.203	550.8
350.601	565
350.999	561.8
351.397	593.8
351.795	560.8
352.193	567.6
352.57	570.4
352.969	570.2
353.367	551
353.766	553.2
354.164	557.6
354.563	566.2
354.961	555.4
355.36	547.4
355.759	555.6
356.158	548
356.557	554.4
356.956	551.2
357.355	554.6
357.754	559
358.153	561
358.552	572.8
358.951	554.8
359.35	563.8
359.75	561
360.149	547.8
360.527	545.8
360.926	549.2
361.326	552.8
361.726	556.6
362.125	550
362.525	555.6
362.925	546.2
363.325	550.2
363.724	549.8
364.124	554.8
364.524	556.4
364.924	554
365.324	566.4
365.725	539.8
366.125	555.2
366.525	559.4
366.904	539
367.304	548.6
367.705	572.6
368.105	570.6
368.506	553.4
368.906	560.4
369.307	555.6
369.708	558.2
370.108	545.4
370.509	561.6
370.91	547.2
371.311	555.2
371.712	548
372.113	547.4
372.514	537.8
372.894	545.4
373.295	547.8
373.696	558
374.097	556.2
374.499	578.4
374.9	555.4
375.301	546.6
375.703	556.8
376.105	534.4
376.506	549.8
376.908	552.4
377.309	553.8
377.711	554.2
378.113	544.4
378.493	557.4
378.895	545.2
379.297	560.4
379.699	542.2
380.102	555.8
380.504	555.6
380.906	548.2
381.308	573.6
381.71	557
382.113	554.8
382.515	537.8
382.918	553.2
383.299	552.2
383.701	558.6
384.104	554.6
384.507	540.4
384.909	557.2
385.312	538.2
385.715	548.4
386.118	551.8
386.521	547.6
386.924	560.6
387.327	549.6
387.709	536.8
388.112	541
388.515	547.8
388.918	543.8
389.322	558.4
389.725	548
390.129	569
390.532	560.2
390.936	558.2
391.339	539.6
391.743	564.6
392.125	552
392.529	556.6
392.933	572.8
393.337	556
393.74	544
394.144	550.2
394.548	544.8
394.953	549.8
395.357	557.8
395.761	556
396.144	551
396.548	552.4
396.952	556.8
397.357	554.2
397.761	547.2
398.166	545
398.57	549
398.975	542.8
399.379	548.6
399.763	604.8
400.168	550.4
400.572	554.6
400.977	555.4
401.382	570.2
401.787	565
402.192	565.8
402.597	570.2
403.002	533.2
403.386	566.6
403.791	567
404.197	554.6
404.602	562.2
405.007	554.2
405.413	558.2
405.818	550.4
406.224	543.2
406.608	547.8
407.014	539.8
407.42	563.2
407.825	554.6
408.231	563.2
408.637	556.6
409.043	571.6
409.449	551.2
409.834	546.6
410.24	556.6
410.646	569.8
411.052	563.2
411.458	561.2
411.865	557
412.271	558
412.677	557.8
413.062	555.2
413.469	546.2
413.875	580.4
414.282	569.8
414.689	555.8
415.095	565
415.502	549.2
415.888	553.8
416.294	547.2
416.701	587.6
417.108	550.4
417.515	559.6
417.923	558.8
418.33	574.8
418.715	562.6
419.123	545.6
419.53	552.6
419.937	558.6
420.345	561.8
420.752	552.2
421.16	568.4
421.546	549.6
421.953	563.8
422.361	545.2
422.769	552.2
423.177	538.2
423.585	569.6
423.992	568.4
424.379	563.4
424.787	564
425.195	566.6
425.603	547.4
426.011	565.6
426.419	562.2
426.806	559.8
427.214	551
427.623	556.4
428.031	564.4
428.44	555.2
428.848	568.6
429.235	570.2
429.644	556
430.053	563.2
430.461	571.6
430.87	579.2
431.279	569
431.666	548
432.075	555.2
432.484	568.6
432.893	554.2
433.302	575.6
433.711	597.4
434.099	573.2
434.508	571.2
434.918	568.6
435.327	583.2
435.737	583.6
436.125	578.4
436.534	585
436.944	592.8
437.353	604.8
437.763	623.8
438.173	601.2
438.561	617.8
438.971	604.4
439.381	614.6
439.791	630.4
440.201	611.2
440.589	640.4
440.999	646.2
441.409	642
441.819	650.6
442.23	664.4
442.619	663
443.029	669.6
443.439	666.2
443.85	677
444.26	695.8
444.649	689.2
445.06	675.2
445.471	680.6
445.881	691.6
446.292	712.2
446.682	720.6
447.092	684.8
447.503	740.4
447.914	708.4
448.325	711
448.715	703.6
449.126	708.8
449.537	706.2
449.948	725.6
450.338	711
450.75	727.6
451.161	724.2
451.572	717.4
451.984	722.2
452.374	707
452.786	717.4
453.197	722.8
453.609	733.6
453.999	731.8
454.411	724.6
454.823	740.8
455.235	735.2
455.647	732.6
456.037	734
456.449	725.8
456.862	733.2
457.274	741.8
457.665	735.6
458.077	744
458.489	769.4
458.902	746
459.293	747.8
459.705	742.6
460.118	745.8
460.53	752.2
460.921	752.8
461.334	759.8
461.747	746.4
462.16	775
462.551	766.4
462.964	762.2
463.377	745.2
463.79	749.2
464.182	771.8
464.595	755
465.008	767
465.421	761
465.813	764.6
466.226	755.4
466.64	763.4
467.053	803.2
467.445	767
467.859	768.8
468.272	767.2
468.686	778.2
469.078	771
469.492	766.8
469.906	772.2
470.298	770.2
470.712	750
471.126	790
471.54	761
471.933	762.6
472.347	766.2
472.761	755.8
473.175	753.4
473.568	760.2
473.982	757
474.397	768.8
474.79	764.8
475.204	772.2
475.619	765.2
476.033	765.8
476.426	770.4
476.841	752
477.256	775.4
477.649	756.6
478.064	743
478.479	750
478.872	759
479.287	746
479.702	758
480.118	755.4
480.511	751.4
480.927	756.6
481.342	754.2
481.736	755.2
482.151	746
482.566	756
482.96	753.6
483.376	777.2
483.792	750.4
484.186	758.2
484.602	753.6
485.017	742.8
485.412	753.4
485.827	755.8
486.243	744
486.638	754.6
487.054	750.2
487.47	750.6
487.865	737.4
488.281	732.2
488.697	735.4
489.092	733.4
489.508	736.6
489.925	744.4
490.32	722.4
490.736	742.4
491.153	736.4
491.548	743.6
491.964	734.2
492.381	710.4
492.776	741.2
493.193	730.2
493.61	728.2
494.006	730.6
494.422	730.4
494.84	719.8
495.235	747.4
495.652	719.8
496.069	719
496.465	713.6
496.883	716.8
497.3	738.8
497.696	705.8
498.113	718.8
498.509	700.4
498.927	702.8
499.344	706.8
499.741	697.6
500.158	705.6
500.576	707.4
500.973	702.6
501.39	695
501.787	695.8
502.205	699.8
502.623	696.2
503.02	691.2
503.438	675
503.856	688.4
504.253	699
504.671	692.6
505.068	682.6
505.486	679.2
505.905	703
506.302	688.6
506.72	686.8
507.118	675.8
507.536	677.2
507.955	671.4
508.352	671
508.771	672.6
509.169	687.4
509.587	678.6
510.006	683.6
510.404	667
510.823	665
511.221	666.4
511.64	667.6
512.038	675.2
512.457	665.6
512.877	666.8
513.275	657.2
513.694	662.8
514.092	649.4
514.512	663.2
514.91	663
515.33	657.4
515.749	653.2
516.148	665
516.568	659.6
516.966	641.4
517.386	645.2
517.785	655.4
518.205	640.8
518.603	645.2
519.024	635.4
519.444	641
519.843	651.6
520.263	651.4
520.662	642.6
521.082	633.8
521.481	643.4
521.902	636.8
522.301	644
522.722	630
523.121	629.4
523.542	629.6
523.963	632.8
524.362	631.6
524.783	632.4
525.183	628.2
525.604	631.6
526.003	620.8
526.425	616
526.824	634.8
527.246	625.2
527.646	618.2
528.067	614.6
528.467	621.2
528.888	624.6
529.289	624.2
529.71	622.4
530.11	612.6
530.532	619.4
530.932	596.8
531.354	603.6
531.755	645.8
532.176	617.8
532.577	615.4
532.999	611.6
533.4	615.2
533.822	615.2
534.223	619.4
534.645	604.4
535.046	599.6
535.468	601.8
535.869	617.4
536.292	601.4
536.693	632.6
537.115	608
537.516	601.8
537.939	602.8
538.34	627.6
538.742	618
539.165	609
539.566	599.4
539.989	587.4
540.391	599.2
540.814	603.8
541.216	597
541.639	606.8
542.041	608.8
542.464	597.6
542.866	593.8
543.268	591.8
543.691	608.6
544.093	600
544.517	612
544.919	589.2
545.343	623.6
545.745	582.2
546.147	593.2
546.571	592.4
546.974	583.6
547.398	593.8
547.8	605
548.224	581
548.627	580
549.03	593.6
549.454	578.2
549.857	574.2
550.281	581.2
550.684	581.2
551.087	592
551.512	590
551.915	589.8
552.34	583.4
552.743	571
553.146	585.6
553.571	579.6
553.975	599.8
554.399	576.4
554.803	621.2
555.207	582.8
555.632	561.2
556.036	580.4
556.461	571
556.865	582.4
557.268	569.4
557.694	577.2
558.098	587.2
558.502	584.4
558.927	570.8
559.332	581.2
559.736	569.4
560.162	584.8
560.566	573.8
560.992	583.2
561.396	574.4
561.801	572.8
562.227	576.8
562.631	577.4
563.036	572.8
563.462	575
563.867	578
564.272	561
564.698	569
565.103	558.6
565.508	588
565.935	570.4
566.34	558.2
566.745	575.2
567.172	564
567.577	572.6
567.982	576.6
568.409	570.8
568.815	561.6
569.22	566.2
569.626	559.8
570.053	554.8
570.459	571
570.865	572.2
571.292	559.4
571.698	563.6
572.104	547
572.531	557.4
572.937	567.2
573.343	557.4
573.75	559
574.177	570.6
574.583	569.2
574.99	555.8
575.396	564
575.824	551.2
576.231	569.8
576.637	558.8
577.065	589.6
577.472	556
577.879	552.6
578.286	571
578.714	563.4
579.121	558.2
579.528	563.8
579.935	559.6
580.364	561
580.771	554.4
581.178	557.4
581.585	558.8
582.014	564
582.421	566.4
582.829	553.8
583.236	570
583.644	547.8
584.073	558.2
584.481	559.2
584.889	551.8
585.296	558.8
585.726	559.6
586.134	545
586.542	549.2
586.95	571.2
587.358	547.2
587.787	562.8
588.196	555.6
588.604	550.8
589.012	549.2
589.421	546
589.851	542
590.259	559.8
590.668	550.2
591.076	591.2
591.485	541
591.894	553.6
592.324	560.2
592.733	557
593.142	542.8
593.551	544
593.96	575.4
594.369	541.2
594.8	536.6
595.209	550.6
595.618	533.2
596.028	544
596.437	551.4
596.847	552
597.256	549.4
597.687	543.8
598.097	548.6
598.507	538
598.917	551
599.327	548.2
599.736	551
600.146	562.2
600.556	546.2
600.988	562.4
601.398	551.8
601.808	557
602.219	535.2
602.629	552.4
603.039	556.8
603.45	568.4
603.86	540.2
604.271	552
604.703	552.8
605.114	539.4
605.525	547.4
605.935	540.4
606.346	563.8
606.757	544.8
607.168	541.8
607.579	536
607.99	551.4
608.402	546
608.813	541.6
609.224	543.4
609.636	529.6
610.047	540.6
610.48	537.6
610.892	547
611.303	549.6
611.715	549
612.127	530.6
612.539	540.8
612.95	542.4
613.362	535.4
613.774	535
614.186	536.4
614.599	539.4
615.011	545.8
615.423	541.6
615.835	548.4
616.248	534
616.66	546.4
617.073	538.8
617.485	535
617.898	549.8
618.311	543.6
618.723	541.6
619.136	571.2
619.549	558.4
619.962	561.8
620.375	541.6
620.788	553.2
621.201	535.4
621.614	549.2
622.028	534.8
622.441	543.6
622.854	553.4
623.268	539.8
623.681	549
624.095	540.2
624.509	553.6
624.922	546.8
625.336	531.2
625.728	550.6
626.142	548
626.556	555.2
626.97	543.8
627.384	540.2
627.799	544.6
628.213	548
628.627	535.8
629.041	544.8
629.456	543
629.87	542.8
630.285	545.6
630.699	548.2
631.093	538.6
631.507	555.6
631.922	549.4
632.337	556.4
632.752	538.8
633.167	547.4
633.582	544.2
633.997	546
634.412	530.2
634.806	534.6
635.221	528.8
635.637	549.6
636.052	541
636.468	542.8
636.883	558.4
637.299	537
637.715	531.6
638.109	545.2
638.525	534.6
638.941	558.4
639.357	543.4
639.773	543.8
640.189	532.2
640.584	539
641	545.8
641.416	530.6
641.832	546.6
642.249	536.6
642.665	540.8
643.06	539.8
643.477	547.6
643.894	538
644.31	536.6
644.727	533.8
645.123	539.2
645.54	525
645.957	544
646.374	544.6
646.77	533.6
647.187	565.2
647.604	541.2
648.021	522.2
648.439	533.6
648.835	538.2
649.252	536.8
649.67	528.8
650.088	535.4
650.484	538.6
650.902	545.6
651.32	544.8
651.738	541
652.134	546.8
652.552	557.2
652.971	545.4
653.389	535.6
653.786	552.8
654.204	553.2
654.622	532
655.019	538.2
655.438	542.8
655.857	532
656.275	542.6
656.673	540
657.091	542.8
657.51	537
657.908	545.6
658.327	554.8
658.746	528.6
659.144	534.6
659.563	548.4
659.982	535.4
660.38	529.8
660.8	537
661.219	543.8
661.617	537.4
662.037	529
662.457	538.4
662.855	518.2
663.275	559.6
663.695	541.6
664.094	526.8
664.514	535.4
664.934	527.8
665.333	536
665.753	527.8
666.152	522.8
666.572	527.2
666.993	542.6
667.392	530.6
667.812	537.6
668.212	531.8
668.632	540.2
669.053	531.4
669.453	529.4
669.874	532
670.273	536.6
670.694	524.6
671.116	546.6
671.515	538.6
671.937	529.6
672.337	535
672.758	521.6
673.158	536.2
673.58	530.8
673.98	539.4
674.402	545.4
674.824	533.6
675.224	524.8
675.646	521.2
676.047	523.4
676.469	534.2
676.869	541.4
677.292	534.4
677.693	530.2
678.115	518.6
678.516	531.4
678.939	534.4
679.34	538.4
679.762	549
680.164	530
680.586	523.6
680.988	533.6
681.411	556.8
681.812	527.2
682.236	531
682.637	532.2
683.061	527.6
683.462	537
683.864	526.8
684.288	543
684.69	530.6
685.114	540.6
685.516	536.6
685.94	525.8
686.342	543.8
686.766	525.6
687.168	531.6
687.571	549
687.995	529
688.398	524
688.822	528.4
689.225	546.4
689.628	546.8
690.052	533.8
690.456	533.2
690.88	528.2
691.284	529.6
691.687	541.2
692.112	521.2
692.515	525
692.919	537.8
693.344	537.6
693.747	530
694.173	526
694.577	545.6
694.98	534.2
695.406	521.8
695.81	535.4
696.214	536.8
696.64	535
697.044	538.2
697.448	543.8
697.874	527.8
698.279	534.8
698.684	529
699.11	524.2
699.514	527.2
699.919	529.4
700.324	526.2
700.75	534.8
701.156	531.4
701.561	543.8
701.987	540.8
702.393	535.4
702.798	542.2
703.203	528
703.63	536.8
704.036	532.2
704.442	532
704.847	524.8
705.274	529.2
705.68	534.2
706.086	545.2
706.492	522.2
706.92	523.6
707.326	533.4
707.732	528.4
708.139	524.4
708.545	524.2
708.973	529.6
709.38	525.8
709.786	513.2
710.193	541.6
710.6	528.8
711.028	514.2
711.435	529.2
711.842	536.6
712.249	527.6
712.656	527.6
713.064	531.6
713.492	512
713.9	526.8
714.307	534.4
714.715	535.4
715.123	537.6
715.53	527.4
715.938	532.8
716.367	525.8
716.775	524.4
717.184	519.8
717.592	522.4
718	536.8
718.408	566
718.816	566.8
719.225	539.2
719.633	542.8
720.042	521.2
720.472	524.4
720.881	551.6
721.29	537
721.699	524.2
722.108	532.8
722.517	531.4
722.926	527.2
723.335	539.8
723.744	531
724.154	532.4
724.563	537.6
724.973	536.4
725.382	525.6
725.792	531.8
726.202	521.6
726.612	542.2
727.022	535.2
727.432	524.4
779.813	528.6
780.223	563.4
780.634	530.6
781.044	524
781.454	530.8
781.865	539
782.276	516.2
782.686	541
783.097	526.6
783.508	534.2
783.919	540.8
784.33	539.6
784.741	545.8
785.152	523.8
785.563	517.2
785.974	524.2
786.386	536.4
786.776	524.8
787.188	536
787.599	523.4
788.011	539.4
788.423	533.6
788.835	522
789.247	515
789.659	522.4
790.071	530.4
790.483	564.4
790.874	529.4
791.286	545.4
791.699	531
792.111	524.2
792.524	532.4
792.937	526.8
793.349	521.6
793.741	525.4
794.154	520.2
794.567	539
794.98	530.8
795.393	520.2
795.785	539.8
796.198	523.8
796.612	523.2
797.026	524.4
797.439	511.4
797.831	521.8
798.245	518
798.659	524.6
799.073	524
799.487	517.2
799.88	533
800.294	525.4
800.708	538
801.123	529.6
801.516	541
801.93	513.6
802.345	509.6
802.76	528.8
803.153	536.6
803.568	543
803.983	536
804.377	538.8
804.792	514.6
805.207	520
805.601	529
806.016	564.4
806.432	519.4
806.826	551.4
807.242	534.6
807.658	531.6
808.052	531.8
808.468	515.2
808.884	517.8
809.279	520.6
809.695	533.8
810.111	546.6
810.506	525
810.922	540.2
811.339	521.2
811.734	533.6
812.151	519.4
812.546	516.6
812.963	517
813.38	524.4
813.776	520.4
814.193	538.6
814.589	522
815.006	514.2
815.402	513
815.82	516
816.237	528.2
816.633	518.6
817.051	524
817.448	526.8
817.866	512.6
818.262	539.6
818.68	528.2
819.077	517.8
819.495	533
819.892	565.6
820.311	520.6
820.708	520.6
821.127	521
821.524	533.6
821.943	530.4
822.34	545.2
822.759	527.4
823.157	524.6
823.576	540.4
823.974	529.8
824.393	541.4
824.791	523.6
825.189	515.2
825.609	523.8
826.007	521.8
826.427	518.4
826.826	521.4
827.246	527.4
827.644	515.4
828.043	544.2
828.463	526.6
828.862	535.6
829.261	534.4
829.682	508.2
830.081	532
830.502	526.6
830.901	525.8
831.301	540.2
831.722	516.6
832.121	526.8
832.521	522.8
832.943	530.2
833.342	523.6
833.742	520
834.164	527.2
834.564	517
834.965	530.6
835.386	522.8
835.787	524
836.188	522
836.588	523.6
837.01	530.2
837.411	517
837.812	524.2
838.213	529
838.636	517.4
839.037	589.8
839.438	526.6
839.84	532
840.263	531.4
840.664	526.8
841.066	519
841.468	523
841.891	515.8
842.293	538.2
842.695	531.2
843.098	537.2
843.5	525.4
843.902	531.6
844.326	533.8
844.729	519
845.131	534.4
845.534	523.6
845.937	538.8
846.34	542.8
846.764	524.6
847.167	537.8
847.571	520.4
847.974	528.8
848.377	522
848.781	565.2
849.184	532.2
849.588	522.2
849.992	518.4
850.396	522.8
850.821	548.8
851.225	528
851.63	529.2
852.034	543.6
852.438	521.2
852.843	554
853.247	513.6
853.652	515
854.057	539.6
854.462	524.6
854.867	530.4
855.272	554.6
855.677	527.2
856.082	510.8
856.487	520
856.893	531.2
857.298	526.4
857.704	515.4
858.11	532.8
858.516	529.8
858.922	526.6
859.328	534.2
859.734	525.8
860.14	524.4
860.525	519.4
860.931	517.6
861.338	517
861.745	520.6
862.151	529.4
862.558	528.4
862.965	518.8
863.372	522.6
863.779	515.6
864.186	543
864.572	529.8
864.98	539.8
865.387	553
865.795	518.4
866.203	531
866.61	516.2
867.018	533.4
867.405	526.4
867.813	528.2
868.221	532.2
868.63	507.8
869.038	529.4
869.425	555.2
869.834	527
870.243	530.8
870.652	523.6
871.039	522
871.448	513.4
871.857	530.2
872.266	526.4
872.654	529.6
873.064	525.6
873.473	537.4
873.883	521.8
874.271	525.4
874.681	530.8
875.091	515.6
875.48	531.2
875.89	540
876.3	522
876.689	512.8
877.1	523.8
877.51	521.8
877.9	542
878.31	518
878.721	553.8
879.111	663
879.522	523.2
879.933	516.8
880.323	525
880.734	515
881.125	524.2
881.536	514.4
881.948	518.4
882.338	523.2
882.75	529.6
883.141	517.8
883.553	523.6
883.944	545.8
884.356	529.6
884.769	519.8
885.16	531
885.573	526.8
885.964	520.8
886.377	531.2
886.768	516.6
887.181	528.2
887.573	508.4
887.987	525.2
888.378	528.2
888.792	522.6
889.184	567.4
889.598	517.4
889.99	522.8
890.383	519.2
890.797	512.8
891.19	533.4
891.604	511.8
891.997	507
892.411	517.8
892.805	513.8
893.198	528.4
893.613	513.6
894.006	527
894.421	516.4
894.815	519
895.209	516.6
895.624	561.4
896.018	536.6
896.412	516.4
896.828	518.2
897.222	520.8
897.617	515.8
898.033	541.8
898.427	521.2
898.822	523.4
899.239	516.2
899.634	521
900.029	530.6
900.424	516.8
900.841	513.8
901.236	529.8
901.632	529.6
902.027	570.2
902.445	527.2
902.841	517.8
903.237	517.2
903.633	530.4
904.05	528.6
904.447	530.4
904.843	532.4
905.24	515.6
905.636	506.2
906.033	516
906.451	537.2
906.848	519
907.246	520.6
907.643	518
908.04	522.6
908.438	538.4
908.835	521.2
909.254	525.8
909.652	527.6
910.05	515.4
910.448	515.4
910.846	525
911.244	516
911.643	520.4
912.041	521.8
912.44	534.8
912.839	516
913.237	511.2
913.636	507
914.035	518.4
914.434	525.2
914.834	531.6
915.233	536.6
915.633	514.8
916.032	519.4
916.432	519.4
916.832	529.2
917.232	532.6
917.632	513.6
918.032	531.6
918.432	521.4
918.833	519.2
919.233	521.2
919.634	516.2
920.035	526.8
920.436	525.4
920.837	531
921.238	516.6
921.639	523.2
922.019	526.6
922.42	523.4
922.822	522.6
923.224	518.6
923.625	523.4
924.027	521.4
924.429	538
924.81	522.4
925.212	528.6
925.615	521.4
926.017	513.4
926.42	536
926.801	528.4
927.204	514.8
927.607	524.8
928.01	532.6
928.413	528.4
928.795	506.8
929.199	519.8
929.602	512.2
930.006	515.2
930.388	511.4
930.792	529.4
931.196	525.6
931.579	550.6
931.983	516.8
932.388	559
932.771	512.6
933.176	509.8
933.58	528
933.964	529
934.369	516.6
934.774	524.4
935.158	528.2
935.563	528.4
935.947	525
936.353	530.2
936.759	525
937.143	533.4
937.549	525.6
937.934	536.4
938.34	537.6
938.746	521
939.131	516
939.538	522.6
939.923	523.2
940.33	513.2
940.716	527.8
941.123	522
941.508	536.4
941.916	547.8
942.302	528
942.709	513.4
943.096	516.2
943.503	528
943.89	520.6
944.298	516
944.685	546.6
945.072	516.2
945.48	530.2
945.867	518.6
946.276	508.6
946.663	541.4
947.051	532.2
947.46	529.2
947.848	517
948.257	516
948.645	519.8
949.033	520.4
949.443	508.6
949.831	560.4
950.22	511.6
950.63	530
951.018	547.2
951.407	521.4
951.796	509.4
952.207	525
952.596	528.6
952.985	516.2
953.375	557.6
953.786	517
954.176	512.4
954.566	524.2
954.956	509.6
955.367	511.8
955.758	536
956.148	507.2
956.539	528
956.929	520.4
957.341	516.6
957.732	513.2
958.123	525.8
958.515	517
958.906	524.4
959.297	520.6
959.689	517
960.102	517.2
960.494	519.6
960.886	519.2
961.278	512.6
961.67	544.8
962.062	554
962.455	522
962.847	514
963.24	519
963.633	520.6
964.026	516.6
964.419	520.8
964.812	526
965.206	516.6
965.599	531.2
965.993	521.4
966.386	525.4
966.78	529.4
967.174	522.8
967.569	516.6
967.963	513.4
968.357	520.6
968.752	510
969.146	517.2
969.541	518
969.936	521.4
970.331	522.2
970.705	520.8
971.1	518.6
971.496	530.6
971.892	512.2
972.287	518.4
972.683	525
973.079	519
973.454	526
973.85	517.4
974.247	531.4
974.643	541
975.04	521.8
975.415	523.6
975.812	505.6
976.209	526.6
976.607	512.8
976.982	524
977.38	534.2
977.778	513.8
978.175	514.2
978.552	520.2
978.95	521.2
979.348	527
979.725	562.2
980.123	511.4
980.522	512.2
980.899	512.6
981.298	516.4
981.697	523
982.075	519.6
982.474	508
982.852	520
983.251	511.8
983.651	513.2
984.029	522.2
984.429	518.6
984.808	515.4
985.208	517.6
985.609	513.8
985.987	510.2
986.388	516
986.768	513.6
987.168	513.2
987.548	519.8
987.949	523.6
988.329	521.2
988.731	514.4
989.111	513.6
989.491	513
989.893	526.4
990.273	524.4
990.676	510.8
991.057	511.4
991.459	516
991.84	516
992.221	510.2
992.624	535
993.006	517.4
993.388	515.6
993.791	524.2
994.173	521.2
994.576	546.4
994.959	506.2
995.341	509
995.724	517.2
996.128	521.8
996.511	519.4
996.894	502
997.298	508.4
997.681	519.6
998.065	514.2
998.448	511
998.854	519.8
999.237	507.6
999.621	528.8
1000.01	536.6
1000.39	516
1000.8	509.4
1001.18	512.6
1001.56	513
1001.95	517.2
1002.33	517.6
1002.72	508.8
1003.13	512.2
1003.51	513.8
1003.9	511.6
1004.28	522.8
1004.67	518.4
1005.06	522.6
1005.44	537.8
1005.83	507.6
1006.21	516
1006.6	513
1006.99	529.8
1007.37	524.2
1007.76	518.8
1060.12	505.8
1060.51	507.6
1060.89	523
1061.28	520.6
1061.67	530
1062.06	524.8
1062.45	523
1062.83	513
1063.22	530.2
1063.61	562.4
1064	523.2
1064.39	512
1064.78	519.4
1065.14	522
1065.53	515.4
1065.92	520.4
1066.31	511.6
1066.7	525.4
1067.09	528.2
1067.46	529.6
1067.85	512.6
1068.24	518.4
1068.63	534.6
1069.02	520
1069.39	520.4
1069.78	506.6
1070.17	522
1070.57	512.4
1070.93	515.4
1071.33	514.6
1071.72	519.4
1072.11	521.4
1072.48	512.4
1072.87	517.8
1073.26	515.4
1073.64	513.2
1074.03	505.2
1074.4	520
1074.79	515.4
1075.19	510.6
1075.56	520.6
1075.95	512.6
1076.34	519.8
1076.72	520
1077.11	522.2
1077.48	520.4
1077.88	523.4
1078.25	513.2
1078.64	522.4
1079.02	516.8
1079.41	524.6
1079.78	522.6
1080.18	514
1080.55	571.8
1080.95	510.2
1081.32	517.2
1081.72	520.6
1082.09	514.6
1082.49	514.4
1082.86	520.2
1083.24	508.8
1083.63	505.8
1084.01	515
1084.38	520
1084.78	510.2
1085.16	527.2
1085.55	526.2
1085.93	539.4
1086.31	514.2
1086.7	542.2
1087.08	524
1087.46	520.2
1087.83	500.8
1088.23	514.2
1088.61	521.2
1088.99	520
1089.36	507.4
1089.76	515
1090.14	514.8
1090.52	510.8
1090.9	510.2
1091.27	527.2
1091.67	536.6
1092.05	519.6
1092.43	513.6
1092.81	521.4
1093.19	521.2
1093.57	510.4
1093.95	516.2
1094.35	522
1094.73	517.2
1095.11	513.6
1095.49	501.2
1095.87	521.2
1096.25	520.4
1096.63	528.6
1097.01	515.2
1097.39	514.8
1097.77	509.6
1098.15	516.4
1098.53	507.2
1098.91	519.4
1099.29	515.2
1099.68	531
1100.06	519.8
1100.44	519.4
1100.82	518.8
1101.18	522.6
1101.56	509.2
1101.95	517.8
1102.33	513
1102.71	511
1103.1	509.6
1103.48	512.4
1103.86	521.6
1104.22	521.4
1104.61	508.6
1104.99	513.4
1105.38	507.6
1105.76	520
1106.12	520.2
1106.51	542.2
1106.89	528
1107.26	524.6
1107.64	529.4
1108.03	510.4
1108.41	520.4
1108.78	511.6
1109.16	519.2
1109.55	522.8
1109.91	503
1110.3	499.8
1110.69	531.2
1111.05	513.4
1111.44	520.6
1111.8	519.6
1112.19	520.8
1112.58	520
1112.94	516.8
1113.33	516.8
1113.7	506
1114.09	521.4
1114.45	512
1114.84	511.2
1115.21	522.6
1115.6	507.6
1115.96	514.8
1116.35	522.4
1116.72	522.6
1117.11	525
1117.48	517.6
1117.85	513.8
1118.24	525.2
1118.6	514.6
1118.99	514.6
1119.36	525
1119.73	516
1120.12	518.4
1120.49	510.2
1120.86	519
1121.25	511.6
1121.62	508
1121.99	504.4
1122.38	524.8
1122.76	518.2
1123.13	513.2
1123.5	515.8
1123.89	515.8
1124.26	502.2
1124.63	510.8
1125	515.2
1125.4	507.8
1125.77	510.6
1126.14	505.4
1126.51	510.2
1126.88	516.6
1127.26	513.4
1127.63	495
1128.02	513.6
1128.4	515
1128.77	516.2
1129.14	510.8
1129.52	514.8
1129.89	513.8
1130.26	511.4
1130.64	505.2
1131.01	505.4
