#lambda/nm	C1
208.295	464.8
208.67	433.2
209.045	393
209.419	397.6
209.794	554.4
210.169	545.2
210.544	665.2
210.919	567.6
211.295	561.8
211.67	565.6
212.045	563
212.421	553.4
212.796	587.8
213.172	564
213.547	555.8
213.923	555
214.299	553.2
214.675	567.4
215.051	559.6
215.427	572.2
215.803	586
216.179	565
216.555	552.6
216.932	569.8
217.308	563.6
217.684	563.2
218.061	572.2
218.438	562.6
218.814	565.8
219.191	564.4
219.568	559
219.945	562.8
220.322	568.2
220.699	563.2
221.076	572.2
221.453	567.8
221.83	563.6
222.208	550.8
222.585	555
222.962	557.4
223.34	565.2
223.717	568.2
224.095	557.6
224.473	559
224.851	557.4
225.229	555.6
225.607	580.2
225.985	552.2
226.363	567.2
226.741	557
227.119	555.8
227.497	570.4
227.876	546.2
228.254	563.6
228.633	562.8
229.011	562.6
229.39	566.8
229.769	573.6
230.148	562
230.527	579.6
230.905	559.6
231.284	565
231.664	540.6
232.043	570.2
232.422	559.6
232.801	556
233.181	563.4
233.56	552.8
233.94	558.8
234.319	540.4
234.699	552.2
235.079	594
235.458	592.4
235.838	574.8
236.218	551.2
236.598	544.4
236.978	554.2
237.358	558.4
237.738	556.4
238.119	570.4
238.499	546.6
238.88	559.6
239.26	567.2
239.641	552.6
240.021	546.4
240.402	564.4
240.783	557.2
241.163	555
241.544	562.4
241.925	558.6
242.306	577.4
242.687	562.8
243.069	572
243.45	571.6
243.831	558
244.212	559.2
244.594	592.8
244.975	571
245.357	563.4
245.739	556.4
246.12	558.8
246.502	574.6
246.884	568.2
247.266	556
247.648	563.6
248.03	573.8
248.412	563.4
248.794	565
249.176	545.8
249.559	568.2
249.941	564
250.323	555.6
250.706	556.2
251.089	556.4
251.471	564.8
251.854	564.2
252.237	569.6
252.62	571.4
253.002	559.6
253.385	566.8
253.769	573.6
254.152	560.2
254.535	573.6
254.918	549
255.301	558.2
255.685	551
256.068	554.6
256.452	582.2
256.835	571.8
257.219	577.8
257.603	571.8
257.986	553.2
258.37	569.4
258.754	555.8
259.138	559.2
259.522	569.6
259.906	558
260.29	566.6
260.675	557.6
261.059	565.4
261.443	550.4
261.828	565.2
262.212	563.6
262.597	553
262.981	558.8
263.366	566.6
263.751	567.6
264.136	556
264.521	562.8
264.906	560.2
265.291	567.8
265.676	561.8
266.061	575
266.446	581.4
266.831	569.2
267.217	577
267.602	560.8
267.987	562.4
268.373	557.8
268.759	575.8
269.144	572
269.53	565.8
269.916	557.8
270.302	551.8
270.688	565
271.074	558.2
271.46	575.6
271.846	595
272.232	559.2
272.618	551.6
273.004	564.2
273.391	567.4
273.777	573.4
274.164	564.8
274.55	573.8
274.937	557
275.324	557.8
275.71	567.8
276.097	569.2
276.484	551.6
276.871	563.8
277.258	562.6
277.645	551.6
278.032	555
278.419	552
278.807	557.2
279.194	554
279.581	551
279.969	561.2
280.356	566.6
280.744	555.8
281.131	586
281.519	569.8
281.907	566
282.295	557.8
282.682	573.8
283.07	569.4
283.458	574.2
283.846	568
284.235	577
284.623	567
285.011	555.8
285.399	567.2
285.788	566.8
286.176	555
286.565	570.4
286.953	562.2
287.342	554.8
287.731	558.2
288.119	556.6
288.508	557.4
288.897	562
289.286	546.4
289.675	560.6
290.064	563.6
290.453	549.2
290.821	567.8
291.21	577.2
291.599	562.6
291.989	558.4
292.378	576
292.768	581.6
293.157	563.2
293.547	575.4
293.936	554.6
294.326	558.2
294.716	561.6
295.106	551
295.496	563.2
295.886	559.4
296.276	565.4
296.666	551.4
297.056	558.4
297.446	552.2
297.836	581.2
298.227	549
298.617	551
299.008	569.8
299.398	558.6
299.789	553
300.179	568
300.57	566
300.961	556.2
301.352	556.2
301.742	566.6
302.133	560.2
302.524	562.2
302.915	567.8
303.307	551.4
303.698	572.2
304.089	576.2
304.48	564.6
304.872	568
305.263	555.2
305.655	563.2
306.046	564.4
306.438	570.2
306.829	559.6
307.221	566.8
307.613	572.8
308.005	569
308.397	572.4
308.789	574.8
309.181	583
309.573	574.8
309.965	575.2
310.357	566.2
310.749	560.2
311.142	559.8
311.534	554.4
311.926	569.4
312.319	565
312.711	557.8
313.104	575
313.497	564
313.889	592.4
314.282	579.6
314.675	588.8
315.068	567
315.461	571
315.854	590.4
316.247	572.2
316.64	561.4
317.033	568.2
317.405	566
317.798	568.8
318.192	570.6
318.585	567
318.979	573.6
319.372	562
319.766	558.8
320.16	578.2
320.553	583.4
320.947	574
321.341	565
321.735	557.2
322.129	550.4
322.523	588
322.917	558.2
323.311	571
323.705	569
324.099	558.2
324.494	570.2
324.888	573.2
325.282	563.4
325.677	567.6
326.071	571.6
326.466	564.4
326.861	565.4
327.255	578.2
327.65	576.8
328.045	570.8
328.44	564.8
328.835	554.8
329.23	558.8
329.625	581.2
330.02	558.4
330.415	577.8
330.81	566.4
331.206	559.2
331.601	557
331.996	561.8
332.37	580.4
332.766	556.2
333.161	578.4
333.557	551
333.953	564.6
334.348	794.2
334.744	555
335.14	563.8
335.536	555.4
335.932	567
336.328	564.2
336.724	566.8
337.12	563
337.516	568.6
337.913	555.4
338.309	573.2
338.705	561
339.102	575
339.498	563.6
339.895	573.2
340.291	563.8
340.688	573.4
341.085	556.6
341.481	561
341.878	557.8
342.275	584.6
342.672	556
343.069	552.2
343.466	559
343.842	576.4
344.239	556.6
344.636	567
345.033	549.6
345.431	557
345.828	562
346.225	555.6
346.623	584.8
347.02	566.8
347.418	573.4
347.816	566.6
348.213	554.6
348.611	558.8
349.009	553.4
349.407	574.4
349.805	545.2
350.203	542
350.601	569.2
350.999	554.2
351.397	595.6
351.795	553.6
352.193	569.6
352.57	562.2
352.969	565.4
353.367	547.2
353.766	548.2
354.164	557.8
354.563	573.8
354.961	559.2
355.36	548
355.759	559.6
356.158	548.6
356.557	553.2
356.956	547.2
357.355	543.6
357.754	560.4
358.153	555.4
358.552	589
358.951	561
359.35	574.6
359.75	556.6
360.149	550.6
360.527	539.8
360.926	553.2
361.326	558.2
361.726	559.8
362.125	554.2
362.525	564.6
362.925	552.6
363.325	563.2
363.724	556
364.124	554.4
364.524	549.2
364.924	560.2
365.324	574.2
365.725	541.4
366.125	551.6
366.525	555.4
366.904	548.8
367.304	541.2
367.705	571
368.105	571.4
368.506	558.4
368.906	561
369.307	552.2
369.708	561.6
370.108	545.2
370.509	562.4
370.91	553
371.311	555.4
371.712	557
372.113	554.6
372.514	542.2
372.894	549
373.295	553.6
373.696	560.8
374.097	560.8
374.499	583.8
374.9	544.6
375.301	545.4
375.703	552.2
376.105	543
376.506	548
376.908	560.6
377.309	556
377.711	544.4
378.113	551
378.493	561.6
378.895	546.4
379.297	558.6
379.699	536.6
380.102	553.8
380.504	546.8
380.906	539.4
381.308	573.6
381.71	548.2
382.113	563.2
382.515	547
382.918	559.2
383.299	549.2
383.701	563.6
384.104	552.2
384.507	539.6
384.909	552.4
385.312	545.2
385.715	545.6
386.118	551.4
386.521	539.8
386.924	564.4
387.327	551.4
387.709	539
388.112	539
388.515	554.6
388.918	557
389.322	554.4
389.725	553.4
390.129	572
390.532	559.4
390.936	554.8
391.339	548.6
391.743	553
392.125	550.6
392.529	560.6
392.933	562.4
393.337	558.8
393.74	555
394.144	551.6
394.548	547.2
394.953	546.6
395.357	555.8
395.761	545.4
396.144	545
396.548	550
396.952	556.2
397.357	553.4
397.761	556.2
398.166	551.4
398.57	551.2
398.975	541.8
399.379	545.4
399.763	597.8
400.168	557.4
400.572	553.4
400.977	547.4
401.382	570.8
401.787	565
402.192	571
402.597	563.6
403.002	542.2
403.386	567.8
403.791	578.4
404.197	551.8
404.602	551.8
405.007	551.4
405.413	552.2
405.818	544.6
406.224	548
406.608	549
407.014	551.4
407.42	573.4
407.825	545.6
408.231	562.6
408.637	560.6
409.043	573.4
409.449	549
409.834	547.4
410.24	552.4
410.646	561.6
411.052	565.6
411.458	551.8
411.865	565.6
412.271	563.2
412.677	552.2
413.062	564.6
413.469	544.8
413.875	578.2
414.282	570
414.689	566.6
415.095	562.6
415.502	551.4
415.888	557.8
416.294	535.2
416.701	592
417.108	550
417.515	561.6
417.923	554.6
418.33	580.4
418.715	562.2
419.123	552.4
419.53	551.2
419.937	549.2
420.345	569
420.752	553.6
421.16	559.2
421.546	555.4
421.953	561.2
422.361	544
422.769	557.8
423.177	554.4
423.585	570.8
423.992	572.8
424.379	574.8
424.787	560.8
425.195	576.4
425.603	553
426.011	562.4
426.419	564.8
426.806	558.8
427.214	556.2
427.623	566.2
428.031	562.8
428.44	563.2
428.848	568.6
429.235	573.8
429.644	553.6
430.053	549
430.461	567.6
430.87	582.8
431.279	559.4
431.666	554.4
432.075	560
432.484	562
432.893	565.6
433.302	576.8
433.711	591.6
434.099	560.6
434.508	567.6
434.918	560.2
435.327	581.6
435.737	572.6
436.125	572.8
436.534	578.8
436.944	584.4
437.353	586.2
437.763	606.6
438.173	579
438.561	592.6
438.971	580.4
439.381	593.4
439.791	611.2
440.201	586.6
440.589	620.6
440.999	617
441.409	623.8
441.819	612.6
442.23	636.4
442.619	642.4
443.029	638.2
443.439	646.2
443.85	655.6
444.26	665.2
444.649	660.6
445.06	649.6
445.471	653.4
445.881	661.2
446.292	675.2
446.682	689.6
447.092	662.4
447.503	716.8
447.914	683.8
448.325	675.4
448.715	683.2
449.126	679.8
449.537	678
449.948	679
450.338	684.4
450.75	702.6
451.161	697.8
451.572	692.4
451.984	685.8
452.374	682.4
452.786	698.4
453.197	710.2
453.609	700.8
453.999	685
454.411	698.8
454.823	710.6
455.235	711.8
455.647	715.2
456.037	710.8
456.449	698.4
456.862	700.2
457.274	708
457.665	713
458.077	722.2
458.489	748.8
458.902	717.6
459.293	734.2
459.705	721.4
460.118	709.6
460.53	739.2
460.921	722.2
461.334	724.4
461.747	727.4
462.16	739.4
462.551	739.2
462.964	731
463.377	719
463.79	725.4
464.182	737
464.595	723.4
465.008	735.8
465.421	734.8
465.813	733.2
466.226	732.2
466.64	730
467.053	778.6
467.445	749
467.859	753.2
468.272	738.2
468.686	753.2
469.078	749
469.492	727.8
469.906	750.2
470.298	750.4
470.712	737.2
471.126	753.2
471.54	749.4
471.933	741.6
472.347	752.8
472.761	738.2
473.175	724.6
473.568	743.8
473.982	737.2
474.397	742.4
474.79	736
475.204	743.2
475.619	733.8
476.033	742.2
476.426	734.6
476.841	731.6
477.256	759.2
477.649	732.8
478.064	730
478.479	734.2
478.872	736.6
479.287	717.8
479.702	727.4
480.118	740.2
480.511	736
480.927	734.4
481.342	737
481.736	735.2
482.151	732.2
482.566	739.8
482.96	741
483.376	747
483.792	729.2
484.186	741.2
484.602	719.8
485.017	734.4
485.412	733.2
485.827	741
486.243	730.2
486.638	752.2
487.054	738.6
487.47	739.8
487.865	728.2
488.281	725.2
488.697	720.8
489.092	725.6
489.508	698.2
489.925	731
490.32	702.8
490.736	721.4
491.153	713.2
491.548	712.8
491.964	734
492.381	704.4
492.776	713.8
493.193	711.8
493.61	715.8
494.006	705.6
494.422	713.4
494.84	706.8
495.235	718.6
495.652	714.4
496.069	704.4
496.465	694.8
496.883	701.2
497.3	721.8
497.696	693.2
498.113	712.8
498.509	694
498.927	687.2
499.344	692.4
499.741	694.4
500.158	700.4
500.576	701.6
500.973	692.8
501.39	690.2
501.787	678
502.205	675.4
502.623	677.6
503.02	673.2
503.438	680
503.856	677.4
504.253	680.8
504.671	682.8
505.068	677.6
505.486	679.2
505.905	693
506.302	677.4
506.72	687.8
507.118	664.6
507.536	680.2
507.955	671
508.352	668.2
508.771	670.6
509.169	676.4
509.587	666.6
510.006	666.6
510.404	654.6
510.823	661.4
511.221	665.8
511.64	649.4
512.038	678.2
512.457	656.4
512.877	664
513.275	654
513.694	649.2
514.092	652.6
514.512	653.6
514.91	661.2
515.33	643.2
515.749	651.6
516.148	650.8
516.568	652.2
516.966	646.6
517.386	640
517.785	640.4
518.205	636.4
518.603	632.8
519.024	636.2
519.444	639.4
519.843	650.6
520.263	644.4
520.662	636
521.082	628.2
521.481	633.6
521.902	630.4
522.301	625
522.722	630.6
523.121	619.4
523.542	622.8
523.963	628.6
524.362	620.8
524.783	627.2
525.183	616.2
525.604	625.8
526.003	611.8
526.425	611
526.824	627.2
527.246	629.6
527.646	618.4
528.067	617.4
528.467	616.6
528.888	621.6
529.289	611
529.71	610.2
530.11	604.4
530.532	616.2
530.932	612.4
531.354	602
531.755	645.8
532.176	623.6
532.577	609.4
532.999	611.4
533.4	611.4
533.822	620.2
534.223	610.6
534.645	620.6
535.046	604
535.468	602.6
535.869	618.4
536.292	595.4
536.693	636.8
537.115	609.8
537.516	596.4
537.939	603.4
538.34	615
538.742	621.8
539.165	608
539.566	603.4
539.989	599.6
540.391	592.6
540.814	606.8
541.216	605.4
541.639	600.6
542.041	612.2
542.464	594.8
542.866	595.4
543.268	586
543.691	596.2
544.093	598.8
544.517	612.8
544.919	584.6
545.343	613.4
545.745	585
546.147	598
546.571	594.4
546.974	580
547.398	593.6
547.8	601.8
548.224	577.4
548.627	573.4
549.03	582.6
549.454	581.6
549.857	573.8
550.281	579.6
550.684	581
551.087	595.4
551.512	591.4
551.915	590.4
552.34	576.2
552.743	575.4
553.146	590.6
553.571	578.6
553.975	603.6
554.399	584.2
554.803	627.2
555.207	578
555.632	581.8
556.036	583.6
556.461	572
556.865	576.2
557.268	577.2
557.694	576
558.098	583.6
558.502	590.6
558.927	577
559.332	576.6
559.736	564.8
560.162	574.2
560.566	574.6
560.992	578.6
561.396	580.4
561.801	565.8
562.227	583.4
562.631	569.4
563.036	579
563.462	583.4
563.867	575
564.272	556.8
564.698	572
565.103	561.2
565.508	586
565.935	561.6
566.34	565
566.745	571.4
567.172	565.4
567.577	587.4
567.982	579.2
568.409	566.2
568.815	554.6
569.22	567.6
569.626	568
570.053	560.4
570.459	571
570.865	579.2
571.292	566.4
571.698	570
572.104	550.8
572.531	568.4
572.937	570.8
573.343	567.6
573.75	559.6
574.177	568
574.583	567
574.99	565.2
575.396	572
575.824	561.8
576.231	564.4
576.637	555.2
577.065	579.2
577.472	548.4
577.879	558.8
578.286	567
578.714	548
579.121	557.2
579.528	565.4
579.935	562.8
580.364	553.6
580.771	548
581.178	547
581.585	565.6
582.014	561.4
582.421	552
582.829	557.6
583.236	562
583.644	554.8
584.073	556.4
584.481	550.6
584.889	551.4
585.296	561.8
585.726	548.8
586.134	554.4
586.542	543.2
586.95	570.4
587.358	530.8
587.787	548
588.196	561
588.604	550.8
589.012	547.6
589.421	547.6
589.851	541
590.259	553
590.668	544.8
591.076	581.8
591.485	543.4
591.894	553
592.324	560.4
592.733	562.6
593.142	533.8
593.551	547
593.96	552.4
594.369	542
594.8	542.6
595.209	552.4
595.618	531.4
596.028	539.6
596.437	538.6
596.847	545.8
597.256	552.6
597.687	552
598.097	559.4
598.507	541.2
598.917	540.8
599.327	554.2
599.736	550
600.146	560
600.556	551.4
600.988	553.2
601.398	544.6
601.808	559.8
602.219	534.8
602.629	544.2
603.039	544.4
603.45	566.8
603.86	542.6
604.271	561.6
604.703	548.2
605.114	552
605.525	546.6
605.935	545
606.346	569
606.757	549.8
607.168	545.6
607.579	538.2
607.99	554.2
608.402	544.6
608.813	546.4
609.224	549.2
609.636	538.8
610.047	542.8
610.48	545.2
610.892	549.8
611.303	547.4
611.715	549
612.127	542.2
612.539	543.6
612.95	547.4
613.362	530
613.774	536.8
614.186	536
614.599	543.2
615.011	546
615.423	535.8
615.835	532.8
616.248	537
616.66	549.2
617.073	533.4
617.485	546.4
617.898	544.8
618.311	544.4
618.723	545
619.136	561.6
619.549	556.6
619.962	567.6
620.375	534.8
620.788	540
621.201	530.4
621.614	543.8
622.028	545.4
622.441	541.2
622.854	551.2
623.268	540.4
623.681	545
624.095	543
624.509	551.2
624.922	545.2
625.336	541.2
625.728	541.4
626.142	547.6
626.556	553.4
626.97	551.4
627.384	547
627.799	539.4
628.213	553.6
628.627	541.6
629.041	542.4
629.456	538.2
629.87	543
630.285	549.6
630.699	550.6
631.093	543.2
631.507	554
631.922	547.8
632.337	553.2
632.752	534.8
633.167	542.6
633.582	537
633.997	541.4
634.412	532.8
634.806	540
635.221	534
635.637	549.6
636.052	534.8
636.468	543
636.883	552.6
637.299	536.2
637.715	530.2
638.109	537.6
638.525	532.8
638.941	552
639.357	544.4
639.773	547.4
640.189	528.6
640.584	538.8
641	542.4
641.416	525.2
641.832	538.6
642.249	536.8
642.665	534.6
643.06	545.2
643.477	542.8
643.894	526.4
644.31	539.6
644.727	536.8
645.123	538.8
645.54	531.4
645.957	549.6
646.374	550.6
646.77	538.6
647.187	566.4
647.604	540.6
648.021	531
648.439	526.2
648.835	541.2
649.252	543.4
649.67	545
650.088	534.2
650.484	544.4
650.902	545.4
651.32	549.4
651.738	536.2
652.134	544.4
652.552	552.8
652.971	542.4
653.389	533.2
653.786	548
654.204	554
654.622	535
655.019	542.6
655.438	540.6
655.857	543.4
656.275	543.4
656.673	543.2
657.091	547.4
657.51	531.2
657.908	540.2
658.327	551.6
658.746	530.2
659.144	537.2
659.563	542.2
659.982	542.8
660.38	521.6
660.8	531.8
661.219	546.2
661.617	538.8
662.037	539.2
662.457	546.2
662.855	525.2
663.275	560.2
663.695	530.6
664.094	528.8
664.514	538
664.934	524.6
665.333	546
665.753	533.4
666.152	527.6
666.572	535.4
666.993	541.6
667.392	533.6
667.812	537.4
668.212	530.4
668.632	552.8
669.053	534.4
669.453	536.2
669.874	541.2
670.273	539.2
670.694	524.4
671.116	544.6
671.515	543
671.937	532.2
672.337	529
672.758	540
673.158	539.6
673.58	524.6
673.98	539.6
674.402	546.6
674.824	523
675.224	537.2
675.646	523.6
676.047	531.4
676.469	530.8
676.869	538.8
677.292	535.8
677.693	532.2
678.115	531.6
678.516	537.8
678.939	531.2
679.34	533.8
679.762	541
680.164	538.8
680.586	521.2
680.988	539.8
681.411	558
681.812	527.4
682.236	527.4
682.637	522.8
683.061	523.6
683.462	530.2
683.864	526
684.288	544.2
684.69	511.8
685.114	540.8
685.516	535.4
685.94	530.2
686.342	534.8
686.766	520
687.168	536.6
687.571	549.8
687.995	537.4
688.398	519.4
688.822	534
689.225	554.2
689.628	551.6
690.052	528.8
690.456	531.2
690.88	533.8
691.284	525
691.687	530.2
692.112	530.4
692.515	522.2
692.919	538
693.344	536.2
693.747	524.6
694.173	521.8
694.577	546.4
694.98	533.2
695.406	529
695.81	532.6
696.214	531.4
696.64	530.8
697.044	533.2
697.448	538.4
697.874	532.2
698.279	528.6
698.684	521.8
699.11	522.2
699.514	525.2
699.919	528.6
700.324	531
700.75	544.6
701.156	539.6
701.561	537.6
701.987	533.2
702.393	541.8
702.798	538.6
703.203	523.2
703.63	534.4
704.036	527.8
704.442	532
704.847	525.6
705.274	528.4
705.68	533.8
706.086	531.4
706.492	520.2
706.92	523.6
707.326	537.2
707.732	522.8
708.139	529.8
708.545	523
708.973	525.6
709.38	524.8
709.786	516.8
710.193	546.4
710.6	533
711.028	528.6
711.435	525.6
711.842	525.6
712.249	530
712.656	532
713.064	536.6
713.492	522
713.9	528.4
714.307	537.2
714.715	532.4
715.123	526
715.53	525.4
715.938	536
716.367	526.4
716.775	532.6
717.184	526
717.592	521.4
718	533
718.408	554.6
718.816	563.8
719.225	535.8
719.633	528
720.042	513.6
720.472	526.8
720.881	547
721.29	531
721.699	523.6
722.108	535.2
722.517	530
722.926	527.4
723.335	533.4
723.744	530.4
724.154	539.4
724.563	527.2
724.973	535.8
725.382	526
725.792	525.4
726.202	517.2
726.612	547.6
727.022	530.8
727.432	527.6
779.813	520.4
780.223	569.2
780.634	529
781.044	530.2
781.454	534.6
781.865	541
782.276	518.6
782.686	536.6
783.097	526.6
783.508	530.2
783.919	533
784.33	537.2
784.741	544.6
785.152	530
785.563	514.4
785.974	531.8
786.386	532.8
786.776	528.4
787.188	526.4
787.599	525.4
788.011	535
788.423	535.6
788.835	522
789.247	527.4
789.659	512.4
790.071	522.6
790.483	566.6
790.874	525
791.286	533
791.699	527.8
792.111	523.2
792.524	528.6
792.937	525.8
793.349	514.6
793.741	515.8
794.154	529.6
794.567	546.4
794.98	534.2
795.393	512.8
795.785	534.2
796.198	523.6
796.612	528.8
797.026	525.8
797.439	514.6
797.831	536
798.245	518.4
798.659	521.2
799.073	533.8
799.487	523
799.88	533.6
800.294	528.4
800.708	528.2
801.123	529
801.516	547.6
801.93	516.8
802.345	522.6
802.76	530.6
803.153	542.2
803.568	536.4
803.983	539.6
804.377	530.2
804.792	514.2
805.207	517.4
805.601	524
806.016	558.6
806.432	527.6
806.826	558.6
807.242	542
807.658	533.2
808.052	521.2
808.468	519.6
808.884	524
809.279	532.6
809.695	534
810.111	547
810.506	525.6
810.922	542.2
811.339	518.8
811.734	536.4
812.151	521
812.546	526.2
812.963	514.6
813.38	529.2
813.776	524.6
814.193	538
814.589	518.4
815.006	528.8
815.402	520.4
815.82	523.2
816.237	533
816.633	527
817.051	513.8
817.448	525
817.866	517.4
818.262	542.4
818.68	519.6
819.077	522
819.495	524.8
819.892	559
820.311	525.2
820.708	527.8
821.127	527.6
821.524	541.6
821.943	519.6
822.34	542.2
822.759	524.4
823.157	535
823.576	536.6
823.974	528.6
824.393	547.4
824.791	521.2
825.189	518.8
825.609	521.8
826.007	517.6
826.427	516
826.826	534.6
827.246	520.2
827.644	507.2
828.043	537
828.463	520.6
828.862	535
829.261	530.4
829.682	508.4
830.081	528.6
830.502	515.8
830.901	531
831.301	532
831.722	519
832.121	527.2
832.521	522.2
832.943	519.4
833.342	529.4
833.742	517.8
834.164	523.2
834.564	512
834.965	531.4
835.386	520.8
835.787	521.2
836.188	523
836.588	524
837.01	521.8
837.411	523.4
837.812	531.6
838.213	530.2
838.636	520
839.037	585.8
839.438	523.8
839.84	533.2
840.263	530.6
840.664	523.4
841.066	524
841.468	532.2
841.891	522.6
842.293	530.6
842.695	531.4
843.098	531
843.5	520
843.902	528
844.326	534.2
844.729	521.6
845.131	535.8
845.534	530.4
845.937	536.4
846.34	535.6
846.764	519.2
847.167	529.4
847.571	518.4
847.974	527.8
848.377	524.8
848.781	562.4
849.184	545.8
849.588	519.8
849.992	525.2
850.396	532.2
850.821	535.8
851.225	526.4
851.63	522.6
852.034	544.4
852.438	520.4
852.843	551.8
853.247	509.6
853.652	525.6
854.057	539.4
854.462	533
854.867	523.4
855.272	540.2
855.677	530.4
856.082	519.8
856.487	515.8
856.893	536.8
857.298	516.4
857.704	512.2
858.11	526
858.516	529.8
858.922	519.8
859.328	537.8
859.734	528.4
860.14	527.8
860.525	522.6
860.931	522.2
861.338	520.6
861.745	532.2
862.151	532
862.558	524.8
862.965	512.8
863.372	517.2
863.779	518.8
864.186	538.2
864.572	523
864.98	539.6
865.387	557
865.795	520.6
866.203	533
866.61	508.8
867.018	526.4
867.405	520.8
867.813	516.8
868.221	522.4
868.63	518.2
869.038	531.8
869.425	568.2
869.834	526.8
870.243	525.4
870.652	519.6
871.039	530.4
871.448	524.4
871.857	526.8
872.266	528.8
872.654	529.6
873.064	520
873.473	530.6
873.883	522.2
874.271	517
874.681	530.6
875.091	516.4
875.48	528.4
875.89	543.2
876.3	516
876.689	516
877.1	526.2
877.51	524.2
877.9	548.2
878.31	524.2
878.721	555.6
879.111	660.8
879.522	533.4
879.933	522.6
880.323	510
880.734	520.6
881.125	519.6
881.536	518.4
881.948	527.2
882.338	517.4
882.75	524.4
883.141	519.6
883.553	524.4
883.944	547.2
884.356	522
884.769	516.2
885.16	523.6
885.573	518.8
885.964	518.6
886.377	522.8
886.768	512.2
887.181	523.4
887.573	516.6
887.987	528
888.378	535.2
888.792	531.8
889.184	562.4
889.598	517
889.99	525.8
890.383	521.4
890.797	514.8
891.19	532.8
891.604	517.2
891.997	514.4
892.411	523.2
892.805	516
893.198	517.4
893.613	514.2
894.006	522.2
894.421	511.6
894.815	515.4
895.209	522.2
895.624	560.4
896.018	536.4
896.412	521.2
896.828	529
897.222	527.4
897.617	518.8
898.033	536.8
898.427	527.4
898.822	526
899.239	507
899.634	511.8
900.029	537.4
900.424	515.8
900.841	508.8
901.236	532
901.632	528.6
902.027	576.2
902.445	528
902.841	521.8
903.237	517.4
903.633	534.2
904.05	531.6
904.447	531.2
904.843	521.2
905.24	517
905.636	510
906.033	523.6
906.451	529.4
906.848	518.6
907.246	522.4
907.643	516.2
908.04	531.6
908.438	537.8
908.835	523.6
909.254	521.2
909.652	523.4
910.05	522.2
910.448	513.4
910.846	522.6
911.244	516.6
911.643	530.6
912.041	526.8
912.44	535.8
912.839	518.4
913.237	516.6
913.636	518.4
914.035	529.8
914.434	527.2
914.834	535.8
915.233	527.4
915.633	525.4
916.032	513
916.432	512
916.832	540.2
917.232	518
917.632	510.2
918.032	524.8
918.432	517.8
918.833	524.2
919.233	520
919.634	507.6
920.035	533.2
920.436	520.2
920.837	517.8
921.238	514.4
921.639	521.6
922.019	526.2
922.42	528.6
922.822	523.2
923.224	522.8
923.625	524.2
924.027	518.8
924.429	535.8
924.81	524.8
925.212	522.4
925.615	514.2
926.017	518.4
926.42	531
926.801	527.2
927.204	520.8
927.607	520
928.01	531.2
928.413	519
928.795	511.6
929.199	521.8
929.602	523.8
930.006	516.8
930.388	522.4
930.792	523.4
931.196	521.6
931.579	558
931.983	514.2
932.388	565.4
932.771	522.2
933.176	516
933.58	522.8
933.964	526.2
934.369	520.4
934.774	514
935.158	522.8
935.563	516.4
935.947	524.8
936.353	525.8
936.759	518.8
937.143	525
937.549	531
937.934	528
938.34	541.4
938.746	517.8
939.131	515.6
939.538	524.6
939.923	531
940.33	513
940.716	520
941.123	519.4
941.508	530.8
941.916	539.6
942.302	525.8
942.709	508.2
943.096	508.2
943.503	523.4
943.89	522.4
944.298	505.6
944.685	550.6
945.072	519
945.48	536.8
945.867	514.8
946.276	523.2
946.663	538.6
947.051	530.8
947.46	530
947.848	521
948.257	520
948.645	528.8
949.033	517.8
949.443	518.2
949.831	563.4
950.22	521.4
950.63	528.6
951.018	546.2
951.407	523.4
951.796	512.6
952.207	529.4
952.596	523.4
952.985	519.8
953.375	553.2
953.786	518
954.176	512
954.566	528.8
954.956	514.8
955.367	520.4
955.758	539
956.148	514.6
956.539	524.4
956.929	510.6
957.341	508.8
957.732	520.6
958.123	527.2
958.515	512.8
958.906	518.8
959.297	513.8
959.689	520.6
960.102	512.8
960.494	523.4
960.886	516
961.278	510.8
961.67	537.2
962.062	553.2
962.455	518.6
962.847	510.8
963.24	517.2
963.633	514.8
964.026	507.8
964.419	521.2
964.812	528.4
965.206	513.6
965.599	530.2
965.993	517.6
966.386	513
966.78	533
967.174	527.2
967.569	520.4
967.963	513.2
968.357	515.2
968.752	514.4
969.146	513.6
969.541	513.8
969.936	520.8
970.331	522.4
970.705	524
971.1	516.8
971.496	526.2
971.892	510
972.287	518.2
972.683	512.2
973.079	519
973.454	532.6
973.85	523
974.247	531.4
974.643	534.4
975.04	524
975.415	521.8
975.812	519.8
976.209	521
976.607	507.6
976.982	522.8
977.38	537.4
977.778	517.4
978.175	516.8
978.552	520
978.95	518.8
979.348	521
979.725	559.4
980.123	518.2
980.522	514
980.899	520.2
981.298	513.6
981.697	517.8
982.075	517.2
982.474	513.2
982.852	522.8
983.251	517
983.651	522.4
984.029	529.4
984.429	516.4
984.808	509.6
985.208	514.6
985.609	511.8
985.987	507.6
986.388	513.6
986.768	524.8
987.168	523.6
987.548	518
987.949	520
988.329	521.2
988.731	508.4
989.111	514.8
989.491	515.4
989.893	514.4
990.273	519.8
990.676	517
991.057	512.2
991.459	519.6
991.84	517.2
992.221	515.4
992.624	532.4
993.006	514.4
993.388	516.6
993.791	529.6
994.173	526.4
994.576	551.8
994.959	512.8
995.341	515.2
995.724	515.8
996.128	519.4
996.511	517
996.894	515.8
997.298	516.6
997.681	529.8
998.065	525.4
998.448	516.6
998.854	512.6
999.237	509.4
999.621	527.8
1000.01	532.8
1000.39	523.6
1000.8	511
1001.18	522.2
1001.56	519
1001.95	530.6
1002.33	519.6
1002.72	511.4
1003.13	519.4
1003.51	514.6
1003.9	521.8
1004.28	535.2
1004.67	512.2
1005.06	517.6
1005.44	549.6
1005.83	506.6
1006.21	515.4
1006.6	518.4
1006.99	533.2
1007.37	529.2
1007.76	517.8
1060.12	507.8
1060.51	517.2
1060.89	520.6
1061.28	521
1061.67	526
1062.06	524.8
1062.45	515.4
1062.83	502.6
1063.22	526.4
1063.61	547.6
1064	524.8
1064.39	517.2
1064.78	520
1065.14	522.4
1065.53	525.4
1065.92	515.6
1066.31	512.8
1066.7	523.6
1067.09	532.8
1067.46	524.4
1067.85	513.2
1068.24	510.4
1068.63	520.4
1069.02	510.8
1069.39	517.4
1069.78	514
1070.17	512.8
1070.57	509.8
1070.93	514.4
1071.33	505.6
1071.72	517
1072.11	509
1072.48	517.2
1072.87	505.6
1073.26	524.8
1073.64	511.6
1074.03	509.6
1074.4	508.6
1074.79	510.4
1075.19	517
1075.56	516.2
1075.95	514.6
1076.34	519.4
1076.72	516.4
1077.11	517.8
1077.48	525.6
1077.88	512.4
1078.25	520.6
1078.64	527.8
1079.02	520.4
1079.41	530
1079.78	515.6
1080.18	511.2
1080.55	581.6
1080.95	519.6
1081.32	507.8
1081.72	520.2
1082.09	516.6
1082.49	519.8
1082.86	523
1083.24	507.8
1083.63	506
1084.01	517.8
1084.38	525.4
1084.78	512.2
1085.16	519.2
1085.55	530
1085.93	525.2
1086.31	514.8
1086.7	539.2
1087.08	524.8
1087.46	524.6
1087.83	515.8
1088.23	513.8
1088.61	513.8
1088.99	511.8
1089.36	514.8
1089.76	516.6
1090.14	516.2
1090.52	516.2
1090.9	508.8
1091.27	528.6
1091.67	534.8
1092.05	517.8
1092.43	517.4
1092.81	520
1093.19	533.8
1093.57	510.6
1093.95	513
1094.35	530
1094.73	523.2
1095.11	505.8
1095.49	511.6
1095.87	510.4
1096.25	527.4
1096.63	524.8
1097.01	510.2
1097.39	527.8
1097.77	518.4
1098.15	513.8
1098.53	506.8
1098.91	514.6
1099.29	519.2
1099.68	536.8
1100.06	520.6
1100.44	513.6
1100.82	517.2
1101.18	517.6
1101.56	510.4
1101.95	515.4
1102.33	515.8
1102.71	523
1103.1	505.6
1103.48	507
1103.86	505.8
1104.22	520
1104.61	511.8
1104.99	518.6
1105.38	506.6
1105.76	513
1106.12	512.8
1106.51	543
1106.89	526.2
1107.26	518.6
1107.64	520.8
1108.03	514
1108.41	515.8
1108.78	526.4
1109.16	520.4
1109.55	515.6
1109.91	507.2
1110.3	503.4
1110.69	525.2
1111.05	514.6
1111.44	515.2
1111.8	517.2
1112.19	518
1112.58	519.6
1112.94	517.4
1113.33	518.2
1113.7	509.4
1114.09	508.2
1114.45	514
1114.84	520.2
1115.21	530
1115.6	519.6
1115.96	516.4
1116.35	521.8
1116.72	506.6
1117.11	523.6
1117.48	509.6
1117.85	517.4
1118.24	521
1118.6	515.2
1118.99	503.6
1119.36	524.4
1119.73	509.8
1120.12	521.2
1120.49	504.8
1120.86	520.8
1121.25	511
1121.62	509
1121.99	514.6
1122.38	524.6
1122.76	508
1123.13	508.4
1123.5	512.2
1123.89	527.6
1124.26	501.4
1124.63	515
1125	517.6
1125.4	512.4
1125.77	516.8
1126.14	499
1126.51	516.6
1126.88	513.6
1127.26	506.6
1127.63	503.2
1128.02	512.2
1128.4	510.4
1128.77	510.6
1129.14	516.2
1129.52	504.6
1129.89	520.8
1130.26	505.6
1130.64	508
1131.01	502.8
