#lambda/nm	C1
208.295	472
208.67	435.8
209.045	395.4
209.419	398.4
209.794	561
210.169	553.2
210.544	671.8
210.919	568.4
211.295	558.2
211.67	578.6
212.045	569.6
212.421	562
212.796	607.8
213.172	570.2
213.547	563
213.923	563.2
214.299	572
214.675	570.2
215.051	574
215.427	575
215.803	590.4
216.179	573.8
216.555	569.2
216.932	573.4
217.308	569.6
217.684	568.2
218.061	577.4
218.438	569
218.814	577
219.191	580.2
219.568	563.8
219.945	561.6
220.322	571.2
220.699	576.8
221.076	573.6
221.453	564.2
221.83	569
222.208	564.8
222.585	568.6
222.962	566.4
223.34	576.6
223.717	574.2
224.095	570.6
224.473	566.8
224.851	568.8
225.229	568.2
225.607	582.8
225.985	565
226.363	574.4
226.741	570.8
227.119	569.8
227.497	581.8
227.876	554.8
228.254	574.6
228.633	581.6
229.011	572.4
229.39	579
229.769	578.4
230.148	570.6
230.527	586
230.905	567.6
231.284	577.8
231.664	563.4
232.043	589.2
232.422	580.4
232.801	570.4
233.181	570
233.56	568.2
233.94	567.4
234.319	557.8
234.699	571
235.079	612.4
235.458	609.8
235.838	584.4
236.218	561.2
236.598	563.4
236.978	555.4
237.358	557.4
237.738	562.6
238.119	566
238.499	558.2
238.88	571.6
239.26	579.2
239.641	550.6
240.021	562.2
240.402	567.8
240.783	569.8
241.163	567
241.544	574.4
241.925	575.4
242.306	575
242.687	575.6
243.069	570
243.45	578.2
243.831	562.4
244.212	574
244.594	601.2
244.975	581.8
245.357	576
245.739	568.4
246.12	573.2
246.502	579.2
246.884	562.4
247.266	563.4
247.648	575.4
248.03	595.6
248.412	567
248.794	576
249.176	566.2
249.559	585
249.941	562
250.323	557.2
250.706	562.6
251.089	573
251.471	568.2
251.854	560
252.237	568.6
252.62	575.4
253.002	564
253.385	572.4
253.769	578
254.152	564.6
254.535	581.6
254.918	566.4
255.301	563
255.685	571
256.068	565.2
256.452	592
256.835	578.2
257.219	571.8
257.603	582.6
257.986	558.8
258.37	569.8
258.754	555.6
259.138	567.8
259.522	574.6
259.906	575
260.29	576.2
260.675	571
261.059	570
261.443	559.2
261.828	576.6
262.212	570.8
262.597	560
262.981	574.8
263.366	582
263.751	570.8
264.136	565.4
264.521	564.2
264.906	567.4
265.291	573
265.676	566
266.061	575.6
266.446	590.2
266.831	570.2
267.217	589
267.602	575.8
267.987	573.8
268.373	558.8
268.759	576.6
269.144	572
269.53	565.4
269.916	569.4
270.302	569.8
270.688	574.8
271.074	563
271.46	581.2
271.846	597.6
272.232	570.4
272.618	561.6
273.004	561.4
273.391	581
273.777	579
274.164	573
274.55	580
274.937	573.8
275.324	564
275.71	575.8
276.097	570.4
276.484	559.8
276.871	579
277.258	574.8
277.645	558.6
278.032	564
278.419	569.2
278.807	574
279.194	572.8
279.581	560.8
279.969	572.8
280.356	571.8
280.744	570.2
281.131	585
281.519	571.8
281.907	566.2
282.295	557.4
282.682	575.8
283.07	568.8
283.458	569
283.846	579.6
284.235	578.4
284.623	583.4
285.011	567.8
285.399	573.2
285.788	567.6
286.176	561
286.565	580
286.953	559.2
287.342	563.6
287.731	556
288.119	560.4
288.508	561.6
288.897	562
289.286	550.8
289.675	568.4
290.064	574.4
290.453	565.6
290.821	573.6
291.21	585.8
291.599	566.2
291.989	579.4
292.378	577.6
292.768	585
293.157	571.6
293.547	580.2
293.936	565.4
294.326	569
294.716	573.4
295.106	562.2
295.496	574.8
295.886	574
296.276	574.6
296.666	558.4
297.056	565.8
297.446	556.6
297.836	586
298.227	565
298.617	575.8
299.008	574.8
299.398	564.6
299.789	568.4
300.179	573
300.57	582.2
300.961	564.4
301.352	571.6
301.742	574.4
302.133	569.2
302.524	571.8
302.915	577
303.307	567
303.698	582.4
304.089	576.4
304.48	565.2
304.872	584
305.263	585.4
305.655	562.4
306.046	570
306.438	575.2
306.829	563.6
307.221	581.6
307.613	575.2
308.005	587.8
308.397	587
308.789	596.2
309.181	591.6
309.573	587.8
309.965	583.2
310.357	564.6
310.749	567.4
311.142	565.6
311.534	566
311.926	582.8
312.319	569.6
312.711	564.8
313.104	590
313.497	575.4
313.889	613.8
314.282	591.6
314.675	591.8
315.068	579.8
315.461	582
315.854	602
316.247	578.8
316.64	567.8
317.033	567.6
317.405	578.2
317.798	580.4
318.192	569
318.585	569.6
318.979	570.8
319.372	566.2
319.766	570.2
320.16	583.6
320.553	588.2
320.947	584.8
321.341	571.8
321.735	567
322.129	555.4
322.523	597.4
322.917	562.8
323.311	585
323.705	576.8
324.099	580
324.494	590.8
324.888	579.2
325.282	567.4
325.677	585
326.071	579.4
326.466	579.4
326.861	579.2
327.255	585.8
327.65	582.6
328.045	572.8
328.44	579
328.835	562.2
329.23	565.2
329.625	594
330.02	572.8
330.415	593
330.81	571.4
331.206	579
331.601	564.4
331.996	579.4
332.37	585.6
332.766	561.8
333.161	591.2
333.557	556.2
333.953	570.6
334.348	779
334.744	567.6
335.14	574.6
335.536	562.8
335.932	582.6
336.328	565.2
336.724	573.4
337.12	568.4
337.516	563
337.913	575.4
338.309	583.4
338.705	563.8
339.102	583.8
339.498	573
339.895	582.8
340.291	569
340.688	577.6
341.085	563
341.481	573.8
341.878	571.8
342.275	583
342.672	570.8
343.069	564.6
343.466	552.4
343.842	579.8
344.239	571.8
344.636	573
345.033	566
345.431	562.8
345.828	572.2
346.225	565.4
346.623	598
347.02	572
347.418	573.4
347.816	584.8
348.213	555.8
348.611	575.4
349.009	564.4
349.407	576.4
349.805	565.8
350.203	557.8
350.601	583.2
350.999	568.4
351.397	632.4
351.795	576.4
352.193	573.8
352.57	572
352.969	580.4
353.367	555.2
353.766	562
354.164	563
354.563	573.4
354.961	568
355.36	565.6
355.759	555.4
356.158	559
356.557	560.2
356.956	555.2
357.355	561.4
357.754	569
358.153	572
358.552	587
358.951	570.6
359.35	572.4
359.75	567
360.149	561
360.527	554
360.926	554.2
361.326	566.2
361.726	571.6
362.125	557
362.525	574.6
362.925	562.6
363.325	566.8
363.724	565.6
364.124	569.4
364.524	562
364.924	565.8
365.324	564
365.725	548.4
366.125	567
366.525	556.4
366.904	558.8
367.304	545.8
367.705	582
368.105	572
368.506	558.8
368.906	562
369.307	557.2
369.708	575
370.108	557.4
370.509	566.2
370.91	553.4
371.311	562.2
371.712	569.4
372.113	564.4
372.514	546.8
372.894	557.4
373.295	554.8
373.696	570.2
374.097	566.2
374.499	598.4
374.9	561.4
375.301	555.4
375.703	562.6
376.105	552.8
376.506	561.4
376.908	564.4
377.309	562.4
377.711	559.6
378.113	557.8
378.493	556.2
378.895	556
379.297	568.8
379.699	558.6
380.102	566.4
380.504	564.4
380.906	562.8
381.308	590.8
381.71	564
382.113	565
382.515	557.2
382.918	563
383.299	559.2
383.701	565
384.104	556.2
384.507	546.6
384.909	556.8
385.312	550.6
385.715	551.8
386.118	560.6
386.521	548.2
386.924	562.6
387.327	554.2
387.709	547.6
388.112	541.4
388.515	558.2
388.918	564.4
389.322	564.4
389.725	559.2
390.129	590
390.532	562.8
390.936	556.8
391.339	552
391.743	573.4
392.125	561.2
392.529	572.4
392.933	572.8
393.337	561
393.74	558
394.144	554.4
394.548	547.6
394.953	558.2
395.357	567.8
395.761	553
396.144	566.2
396.548	557.2
396.952	560.2
397.357	555.6
397.761	552
398.166	552.4
398.57	559.6
398.975	551.4
399.379	565.8
399.763	611.2
400.168	564
400.572	564
400.977	561
401.382	581.2
401.787	570.4
402.192	585.2
402.597	575.2
403.002	558.8
403.386	572
403.791	585.2
404.197	553.8
404.602	566.6
405.007	570.4
405.413	557.2
405.818	557.8
406.224	557.8
406.608	560.6
407.014	545.2
407.42	582.8
407.825	551.6
408.231	569.6
408.637	561.6
409.043	575.4
409.449	559.2
409.834	564.8
410.24	558.2
410.646	569.2
411.052	570.8
411.458	567.6
411.865	571.4
412.271	566.6
412.677	563
413.062	569
413.469	554.2
413.875	586.6
414.282	581
414.689	572.2
415.095	566.4
415.502	562
415.888	565
416.294	545.6
416.701	599.6
417.108	554.6
417.515	567.6
417.923	553.6
418.33	584.4
418.715	569.6
419.123	562.4
419.53	562.6
419.937	572
420.345	575.2
420.752	563.6
421.16	572
421.546	563.4
421.953	572.2
422.361	564.2
422.769	564.8
423.177	558.2
423.585	588.6
423.992	579.6
424.379	575.2
424.787	576.8
425.195	581.4
425.603	570
426.011	578.6
426.419	585.2
426.806	572
427.214	563.4
427.623	578
428.031	584.4
428.44	576.8
428.848	575.2
429.235	579.2
429.644	581
430.053	572.2
430.461	594.6
430.87	595.2
431.279	581.4
431.666	569.8
432.075	589.2
432.484	599.8
432.893	590.2
433.302	613.8
433.711	630.6
434.099	610.6
434.508	616.4
434.918	606.6
435.327	635.6
435.737	636.8
436.125	638.6
436.534	650.6
436.944	658.2
437.353	663.6
437.763	670.6
438.173	661.8
438.561	681.6
438.971	661
439.381	680
439.791	689.8
440.201	678
440.589	703.6
440.999	702.2
441.409	717.8
441.819	708.6
442.23	723.8
442.619	726.6
443.029	722.6
443.439	722
443.85	744
444.26	741.4
444.649	743.6
445.06	736.6
445.471	745.6
445.881	760.6
446.292	753.2
446.682	770.8
447.092	745.2
447.503	798
447.914	758.2
448.325	770
448.715	749.6
449.126	759.8
449.537	773.8
449.948	760.6
450.338	758.6
450.75	782.6
451.161	774.4
451.572	780.4
451.984	772.6
452.374	764.4
452.786	759
453.197	779.2
453.609	775
453.999	762.4
454.411	763.2
454.823	803
455.235	784
455.647	784
456.037	788
456.449	776
456.862	783.4
457.274	790.4
457.665	775.6
458.077	795
458.489	814.8
458.902	777
459.293	788.8
459.705	786.2
460.118	791.4
460.53	793.8
460.921	789.4
461.334	789.6
461.747	788.4
462.16	805.2
462.551	796.2
462.964	800.4
463.377	788.4
463.79	785
464.182	796
464.595	781.6
465.008	780.8
465.421	793.6
465.813	783
466.226	796
466.64	774.6
467.053	824.6
467.445	789.2
467.859	798
468.272	779.6
468.686	793.6
469.078	781.8
469.492	761.6
469.906	786.2
470.298	780
470.712	761.6
471.126	807.4
471.54	773.8
471.933	778.2
472.347	776
472.761	772
473.175	769.2
473.568	774.4
473.982	769.6
474.397	787.2
474.79	769
475.204	786.4
475.619	770
476.033	778.2
476.426	770.6
476.841	763.2
477.256	787.4
477.649	774.4
478.064	762.6
478.479	750
478.872	757.2
479.287	755.4
479.702	752
480.118	751.6
480.511	757.8
480.927	756.2
481.342	753.6
481.736	750
482.151	752.8
482.566	771.2
482.96	750.8
483.376	767
483.792	748.6
484.186	765.2
484.602	745
485.017	749.6
485.412	753
485.827	750.4
486.243	748.4
486.638	768.6
487.054	750.8
487.47	750.8
487.865	730.8
488.281	745.6
488.697	734
489.092	740
489.508	719.4
489.925	739.6
490.32	733.2
490.736	730.4
491.153	731
491.548	739.8
491.964	737.2
492.381	729.2
492.776	731.2
493.193	733
493.61	732.2
494.006	719
494.422	729.8
494.84	718.8
495.235	740.2
495.652	722
496.069	720
496.465	708.2
496.883	710.4
497.3	734.6
497.696	707.6
498.113	719.6
498.509	702.4
498.927	699.4
499.344	698.8
499.741	692.8
500.158	714
500.576	712
500.973	707
501.39	684.8
501.787	695.2
502.205	691.2
502.623	691.4
503.02	689.6
503.438	684.6
503.856	690.6
504.253	687.2
504.671	692
505.068	685.8
505.486	684.4
505.905	702.4
506.302	686.2
506.72	694.6
507.118	667.4
507.536	675.4
507.955	677
508.352	680.2
508.771	675.6
509.169	680.2
509.587	677
510.006	675.2
510.404	658.8
510.823	676.8
511.221	666.2
511.64	668.8
512.038	680
512.457	664.8
512.877	659.4
513.275	657.8
513.694	655.4
514.092	666.4
514.512	666.6
514.91	665
515.33	661.4
515.749	661.8
516.148	655.4
516.568	657.4
516.966	652.4
517.386	653.8
517.785	648.6
518.205	641.2
518.603	644.6
519.024	647.2
519.444	655
519.843	657
520.263	650.4
520.662	641.8
521.082	634.2
521.481	632.8
521.902	636.4
522.301	640.8
522.722	638.8
523.121	641.6
523.542	634.8
523.963	631
524.362	636.2
524.783	638.8
525.183	630
525.604	629.8
526.003	621.4
526.425	624
526.824	632.4
527.246	636
527.646	633.8
528.067	629.6
528.467	625.4
528.888	627.2
529.289	634.2
529.71	615.4
530.11	611.2
530.532	612.8
530.932	614.8
531.354	620.6
531.755	651
532.176	628.2
532.577	624.6
532.999	626.2
533.4	612.6
533.822	623.4
534.223	624.2
534.645	612.6
535.046	608.6
535.468	620.8
535.869	621.4
536.292	609
536.693	637
537.115	610.4
537.516	607.4
537.939	602.6
538.34	626.6
538.742	616.6
539.165	615.6
539.566	608.4
539.989	599.2
540.391	603
540.814	601
541.216	609.6
541.639	604.8
542.041	612.6
542.464	599.6
542.866	599.2
543.268	600.6
543.691	605.6
544.093	611.6
544.517	620.4
544.919	594
545.343	624
545.745	587.6
546.147	597.4
546.571	602
546.974	596.2
547.398	591.4
547.8	612.4
548.224	596.6
548.627	590.8
549.03	597.8
549.454	590.2
549.857	576.8
550.281	580.4
550.684	583.6
551.087	599.6
551.512	589
551.915	593.2
552.34	592.8
552.743	588.6
553.146	587.4
553.571	588.4
553.975	609.4
554.399	579.4
554.803	642.8
555.207	587.2
555.632	587.8
556.036	586.6
556.461	577.6
556.865	581
557.268	587.2
557.694	587.8
558.098	582
558.502	597
558.927	575.6
559.332	574.6
559.736	592.6
560.162	582
560.566	578.6
560.992	583
561.396	572
561.801	567.2
562.227	584.4
562.631	568.4
563.036	574.4
563.462	584.4
563.867	576.2
564.272	563.6
564.698	579
565.103	575.4
565.508	601
565.935	578.6
566.34	563.8
566.745	588.8
567.172	582.8
567.577	589.8
567.982	585.4
568.409	584.2
568.815	563.2
569.22	578.4
569.626	579.2
570.053	561.2
570.459	581.2
570.865	582.8
571.292	581.8
571.698	571.8
572.104	552.8
572.531	561.8
572.937	568.6
573.343	566
573.75	564.6
574.177	571
574.583	565.8
574.99	569.6
575.396	572
575.824	565.4
576.231	573.4
576.637	559.6
577.065	592.2
577.472	557.6
577.879	558.8
578.286	576.2
578.714	557.6
579.121	565.2
579.528	562.4
579.935	571.4
580.364	557.4
580.771	552.2
581.178	563.8
581.585	568.8
582.014	565.8
582.421	560.2
582.829	562.8
583.236	566.6
583.644	560.2
584.073	565.8
584.481	567.4
584.889	560.8
585.296	573.2
585.726	566.4
586.134	561.6
586.542	558.2
586.95	582.2
587.358	552
587.787	561.6
588.196	570.8
588.604	555
589.012	560.6
589.421	556.4
589.851	548.8
590.259	556.8
590.668	556
591.076	590.6
591.485	562.4
591.894	554.4
592.324	578.2
592.733	576.4
593.142	548.2
593.551	558.8
593.96	585.6
594.369	552.6
594.8	555.8
595.209	553.6
595.618	550
596.028	547.8
596.437	557.2
596.847	557.4
597.256	558.2
597.687	566.4
598.097	555.8
598.507	551.8
598.917	557.4
599.327	558.6
599.736	559
600.146	577.8
600.556	564.2
600.988	561.2
601.398	549.8
601.808	566.6
602.219	550.4
602.629	566.8
603.039	558
603.45	575
603.86	556.8
604.271	572.8
604.703	559.6
605.114	558.6
605.525	559.8
605.935	565.2
606.346	574.6
606.757	566.2
607.168	562.6
607.579	552.2
607.99	566.8
608.402	559.8
608.813	561
609.224	552
609.636	550.4
610.047	553.6
610.48	556.4
610.892	568.8
611.303	560.4
611.715	560
612.127	540.2
612.539	560.6
612.95	559
613.362	548
613.774	550.8
614.186	556.4
614.599	556.4
615.011	572.8
615.423	563
615.835	550.8
616.248	549.2
616.66	562.6
617.073	543.6
617.485	553
617.898	562.4
618.311	560.2
618.723	559
619.136	587.2
619.549	576.8
619.962	578.8
620.375	558.4
620.788	568
621.201	557.6
621.614	561.6
622.028	559.4
622.441	557.6
622.854	567.2
623.268	549
623.681	556.2
624.095	560.6
624.509	558.2
624.922	557.4
625.336	547.6
625.728	560.4
626.142	566.8
626.556	573.2
626.97	556.8
627.384	547.8
627.799	552
628.213	560.4
628.627	555.8
629.041	560.8
629.456	550
629.87	548.6
630.285	567.6
630.699	561.6
631.093	554
631.507	551
631.922	566.2
632.337	573.2
632.752	549.8
633.167	554.8
633.582	555
633.997	549.2
634.412	546
634.806	552.2
635.221	542
635.637	569
636.052	545.6
636.468	559.6
636.883	563
637.299	553.4
637.715	539.4
638.109	549.8
638.525	543.6
638.941	566.6
639.357	559.8
639.773	560.6
640.189	546.6
640.584	551.6
641	555
641.416	542.4
641.832	559.8
642.249	545.2
642.665	558.2
643.06	556.6
643.477	557
643.894	533.8
644.31	558.2
644.727	554.2
645.123	547.6
645.54	548.4
645.957	555.8
646.374	566.4
646.77	546.4
647.187	581
647.604	549
648.021	530.8
648.439	550.6
648.835	552.2
649.252	551.2
649.67	550.6
650.088	554.4
650.484	548.2
650.902	562.8
651.32	555.2
651.738	544.6
652.134	557
652.552	562.4
652.971	555.8
653.389	547.4
653.786	545.2
654.204	571.2
654.622	543.4
655.019	545.4
655.438	552.6
655.857	552.8
656.275	553
656.673	542.6
657.091	556
657.51	536
657.908	553
658.327	564
658.746	534.2
659.144	544
659.563	553.2
659.982	553.8
660.38	535.6
660.8	539.8
661.219	554
661.617	557.6
662.037	541.8
662.457	554.4
662.855	533.2
663.275	575.8
663.695	551.4
664.094	542.8
664.514	545.8
664.934	537
665.333	545.8
665.753	534.8
666.152	544.8
666.572	537.4
666.993	560.6
667.392	538.6
667.812	544.4
668.212	551
668.632	551.4
669.053	544
669.453	541.8
669.874	542.8
670.273	536.2
670.694	534
671.116	556.6
671.515	553
671.937	540
672.337	536.8
672.758	538.4
673.158	544.6
673.58	545
673.98	544.4
674.402	552.8
674.824	539.8
675.224	542.2
675.646	536.8
676.047	536.8
676.469	544.8
676.869	557.4
677.292	545
677.693	533.6
678.115	545.6
678.516	548
678.939	549
679.34	542.6
679.762	558
680.164	539.4
680.586	532.8
680.988	546.2
681.411	560.6
681.812	538
682.236	540
682.637	533.4
683.061	535.6
683.462	542.4
683.864	533.4
684.288	548.2
684.69	539.6
685.114	549.6
685.516	537.2
685.94	533.8
686.342	550.4
686.766	528.4
687.168	539.8
687.571	555.4
687.995	554.4
688.398	536
688.822	547.2
689.225	552.6
689.628	552.4
690.052	536.6
690.456	537.8
690.88	535
691.284	539.2
691.687	548.6
692.112	532
692.515	534.8
692.919	542.4
693.344	545.2
693.747	544.6
694.173	541.2
694.577	552.6
694.98	546
695.406	546.8
695.81	543
696.214	543.6
696.64	550.6
697.044	539.2
697.448	551.6
697.874	536.2
698.279	542.6
698.684	529.6
699.11	541
699.514	543.2
699.919	541.6
700.324	535.6
700.75	542.2
701.156	546
701.561	550
701.987	541
702.393	547.4
702.798	547.2
703.203	540.6
703.63	535.2
704.036	534.8
704.442	530.2
704.847	536.4
705.274	534.8
705.68	545
706.086	550.2
706.492	537.8
706.92	539
707.326	547.2
707.732	538.4
708.139	531.4
708.545	534.4
708.973	545.4
709.38	543.6
709.786	533.4
710.193	560.6
710.6	550.8
711.028	532.4
711.435	545
711.842	544.2
712.249	540.4
712.656	543.2
713.064	548
713.492	534.8
713.9	534.2
714.307	540.6
714.715	544
715.123	540.8
715.53	550.2
715.938	557.8
716.367	542.4
716.775	538
717.184	535
717.592	534
718	550.6
718.408	568.4
718.816	580.2
719.225	540.6
719.633	535
720.042	532
720.472	537.6
720.881	555.6
721.29	547.4
721.699	537.4
722.108	543.2
722.517	536
722.926	532
723.335	545.6
723.744	539.2
724.154	539.6
724.563	537.6
724.973	537
725.382	542.2
725.792	541.4
726.202	528.4
726.612	562.4
727.022	542.2
727.432	534.4
779.813	538.4
780.223	575.8
780.634	537.6
781.044	534.4
781.454	540
781.865	558
782.276	531
782.686	550
783.097	544
783.508	533
783.919	544.4
784.33	552.2
784.741	552.8
785.152	537.2
785.563	529.4
785.974	536.6
786.386	551
786.776	534.4
787.188	536
787.599	523.6
788.011	551
788.423	547.8
788.835	538.6
789.247	535.8
789.659	542.8
790.071	536.2
790.483	578.8
790.874	543
791.286	546.6
791.699	532.6
792.111	542.6
792.524	543.8
792.937	542.4
793.349	530.8
793.741	536
794.154	535.4
794.567	549.2
794.98	533
795.393	527
795.785	549.6
796.198	533.8
796.612	536.2
797.026	530.6
797.439	525.2
797.831	535
798.245	536
798.659	536.8
799.073	532.2
799.487	527.4
799.88	539.2
800.294	534.8
800.708	536.6
801.123	538
801.516	558.4
801.93	528.2
802.345	526
802.76	537.8
803.153	554.2
803.568	546
803.983	546.8
804.377	544.6
804.792	527
805.207	527.2
805.601	533.2
806.016	575.8
806.432	524
806.826	558.8
807.242	544.2
807.658	533.4
808.052	530.2
808.468	533.2
808.884	528
809.279	534.6
809.695	550
810.111	552.2
810.506	532
810.922	554.6
811.339	534
811.734	539
812.151	530.8
812.546	531
812.963	535
813.38	539.6
813.776	541.2
814.193	554.8
814.589	531.2
815.006	535.4
815.402	532.4
815.82	533
816.237	535
816.633	540.4
817.051	524.4
817.448	542.6
817.866	530.4
818.262	553
818.68	529.4
819.077	529.4
819.495	534
819.892	569.4
820.311	522.4
820.708	536.2
821.127	527.6
821.524	536.2
821.943	532
822.34	544.8
822.759	535.8
823.157	535.8
823.576	547.8
823.974	531
824.393	552.4
824.791	535.2
825.189	535.8
825.609	536.8
826.007	530.8
826.427	520.4
826.826	531
827.246	530.6
827.644	526.6
828.043	544.8
828.463	529.4
828.862	540.6
829.261	531.6
829.682	524.2
830.081	541.2
830.502	530.8
830.901	531.4
831.301	543.4
831.722	520.4
832.121	534
832.521	537.4
832.943	532.4
833.342	538.2
833.742	524.8
834.164	528.2
834.564	523.4
834.965	537.4
835.386	537.8
835.787	526
836.188	534.2
836.588	538.4
837.01	534.6
837.411	530.6
837.812	539.4
838.213	533.4
838.636	532.6
839.037	597.8
839.438	535.4
839.84	538
840.263	539
840.664	538.8
841.066	528.2
841.468	543.4
841.891	528.2
842.293	549.6
842.695	543
843.098	547
843.5	528.8
843.902	540
844.326	539
844.729	532
845.131	542.8
845.534	537.4
845.937	544.8
846.34	548.8
846.764	527
847.167	544
847.571	527.4
847.974	530.6
848.377	534.2
848.781	579.4
849.184	550.4
849.588	529.6
849.992	536.2
850.396	536
850.821	554.4
851.225	541.4
851.63	543.4
852.034	554
852.438	535.4
852.843	561.8
853.247	529.4
853.652	533.6
854.057	555
854.462	537.2
854.867	535
855.272	557.6
855.677	540.8
856.082	536.6
856.487	524.2
856.893	537.6
857.298	537.2
857.704	529.4
858.11	541.4
858.516	532.8
858.922	540.8
859.328	544.8
859.734	541.4
860.14	539.2
860.525	530
860.931	526.6
861.338	531.6
861.745	536
862.151	534.8
862.558	537.2
862.965	531
863.372	526.8
863.779	537.2
864.186	550.6
864.572	532
864.98	543.8
865.387	566.6
865.795	526.6
866.203	541
866.61	522.2
867.018	546.6
867.405	540.4
867.813	525.4
868.221	527
868.63	528
869.038	548.2
869.425	571.2
869.834	535.6
870.243	529.2
870.652	527.4
871.039	531.8
871.448	528.6
871.857	537.2
872.266	538.4
872.654	546.6
873.064	529.8
873.473	547.4
873.883	525.8
874.271	523.2
874.681	542.4
875.091	526.2
875.48	538.2
875.89	547
876.3	536.4
876.689	526
877.1	533.8
877.51	528.8
877.9	553
878.31	527.4
878.721	567.6
879.111	681.2
879.522	534.4
879.933	527.2
880.323	523.8
880.734	524.8
881.125	533.4
881.536	525.8
881.948	534.2
882.338	534
882.75	531.2
883.141	536.8
883.553	538.4
883.944	559.4
884.356	545.2
884.769	534
885.16	541
885.573	530.6
885.964	523.4
886.377	530.4
886.768	524.6
887.181	541.2
887.573	525.8
887.987	538.2
888.378	543.8
888.792	538.8
889.184	575.6
889.598	523.8
889.99	529
890.383	533.6
890.797	532.2
891.19	539.8
891.604	532.8
891.997	525.8
892.411	525.4
892.805	529
893.198	531.4
893.613	519
894.006	534.8
894.421	533
894.815	542.8
895.209	529.6
895.624	575.8
896.018	549.4
896.412	534.8
896.828	530.8
897.222	535.6
897.617	533
898.033	552.6
898.427	534
898.822	529.6
899.239	526.4
899.634	530.2
900.029	549.8
900.424	522
900.841	514
901.236	547.4
901.632	535
902.027	578.4
902.445	524.6
902.841	530.2
903.237	524.4
903.633	543
904.05	534.8
904.447	535
904.843	537.8
905.24	523.4
905.636	524.2
906.033	528.6
906.451	549.8
906.848	522
907.246	535.4
907.643	532
908.04	535.8
908.438	545.6
908.835	529.8
909.254	528.4
909.652	535.6
910.05	541.6
910.448	530.6
910.846	534.2
911.244	520
911.643	540
912.041	530.2
912.44	540
912.839	520.8
913.237	524.8
913.636	517.6
914.035	537.4
914.434	528
914.834	537.8
915.233	539.6
915.633	523.8
916.032	527
916.432	523.6
916.832	538.8
917.232	526.2
917.632	529.8
918.032	537.2
918.432	527.4
918.833	534
919.233	526.6
919.634	515.2
920.035	539.8
920.436	533.6
920.837	538.4
921.238	528.4
921.639	531.6
922.019	532.8
922.42	533.2
922.822	540.4
923.224	532.8
923.625	524.2
924.027	534.2
924.429	545.4
924.81	531.2
925.212	544.4
925.615	533.6
926.017	525.4
926.42	538.8
926.801	535.8
927.204	535.6
927.607	527.6
928.01	541.4
928.413	535.4
928.795	517.4
929.199	523.4
929.602	530.2
930.006	526.6
930.388	522
930.792	541.6
931.196	534.8
931.579	564
931.983	528.6
932.388	571.6
932.771	524.4
933.176	523.6
933.58	534
933.964	543.4
934.369	519.6
934.774	535.8
935.158	528.6
935.563	533.4
935.947	537.2
936.353	542.8
936.759	535.4
937.143	534.4
937.549	534.6
937.934	535.8
938.34	553.4
938.746	525.4
939.131	528
939.538	524.4
939.923	532.6
940.33	526.4
940.716	534
941.123	525
941.508	539.2
941.916	542.2
942.302	532
942.709	532.2
943.096	525.2
943.503	531.6
943.89	532.2
944.298	528.4
944.685	557.6
945.072	526
945.48	547.6
945.867	528
946.276	533.4
946.663	552.4
947.051	537
947.46	548.8
947.848	535.6
948.257	528.6
948.645	528.6
949.033	513.2
949.443	512.4
949.831	570.6
950.22	522.2
950.63	528.2
951.018	555.8
951.407	539.2
951.796	522.4
952.207	535.4
952.596	535.4
952.985	521.8
953.375	577.2
953.786	522.4
954.176	522
954.566	540.8
954.956	512.2
955.367	526.4
955.758	554.4
956.148	520.2
956.539	536.4
956.929	523.8
957.341	515.8
957.732	533.4
958.123	534.6
958.515	520.6
958.906	533
959.297	525.6
959.689	534
960.102	523.6
960.494	533.8
960.886	527.8
961.278	529.6
961.67	546.6
962.062	564.2
962.455	533.4
962.847	517
963.24	536.6
963.633	517.8
964.026	525
964.419	537.8
964.812	533.8
965.206	530.6
965.599	533.2
965.993	534.6
966.386	531
966.78	539.8
967.174	533.6
967.569	531.2
967.963	526.2
968.357	520.4
968.752	522.4
969.146	526.6
969.541	524.6
969.936	519.8
970.331	531
970.705	527.2
971.1	523.4
971.496	535.4
971.892	527.6
972.287	527.6
972.683	526.8
973.079	526.2
973.454	541
973.85	528.2
974.247	536.8
974.643	558.4
975.04	534
975.415	532.6
975.812	530.8
976.209	538
976.607	522.4
976.982	538.6
977.38	554.6
977.778	530.2
978.175	527
978.552	531.6
978.95	533
979.348	526.8
979.725	573
980.123	527.6
980.522	531
980.899	529.4
981.298	519
981.697	523.4
982.075	532
982.474	533.6
982.852	527.8
983.251	538.4
983.651	530.4
984.029	534.8
984.429	534
984.808	521.2
985.208	526
985.609	521.8
985.987	516.8
986.388	521.6
986.768	537.4
987.168	523.2
987.548	533
987.949	529.6
988.329	536.6
988.731	522.8
989.111	527.2
989.491	526
989.893	535.4
990.273	545
990.676	522
991.057	517
991.459	533.4
991.84	532.8
992.221	518
992.624	540.2
993.006	527
993.388	531.8
993.791	534
994.173	526
994.576	557.4
994.959	513
995.341	523.4
995.724	521.8
996.128	526.2
996.511	527.6
996.894	532
997.298	521
997.681	531.4
998.065	530.2
998.448	521.2
998.854	535.8
999.237	518.4
999.621	541.8
1000.01	545.8
1000.39	527.2
1000.8	520.2
1001.18	523.8
1001.56	534.8
1001.95	534.4
1002.33	534.2
1002.72	519.8
1003.13	520.8
1003.51	537.4
1003.9	516.6
1004.28	541.8
1004.67	524.6
1005.06	530.4
1005.44	557.6
1005.83	516.2
1006.21	532.2
1006.6	518
1006.99	532.4
1007.37	529.4
1007.76	529
1060.12	519.2
1060.51	513
1060.89	532.8
1061.28	532.6
1061.67	533.6
1062.06	533.8
1062.45	528.2
1062.83	516.2
1063.22	527.8
1063.61	559.2
1064	537
1064.39	526.4
1064.78	529.4
1065.14	533.4
1065.53	528.8
1065.92	527.4
1066.31	521.2
1066.7	537.2
1067.09	536.2
1067.46	531.8
1067.85	533.2
1068.24	527
1068.63	533.8
1069.02	513.6
1069.39	529
1069.78	521
1070.17	528
1070.57	516.2
1070.93	529.6
1071.33	521.6
1071.72	522.2
1072.11	522
1072.48	524.4
1072.87	526.4
1073.26	521.6
1073.64	523.6
1074.03	517.6
1074.4	520.4
1074.79	523.8
1075.19	534.4
1075.56	532
1075.95	531
1076.34	528
1076.72	527.2
1077.11	530.4
1077.48	536.4
1077.88	533.2
1078.25	533.8
1078.64	537.6
1079.02	533
1079.41	538.8
1079.78	525.2
1080.18	534.2
1080.55	588.2
1080.95	528.8
1081.32	518.2
1081.72	524.6
1082.09	529
1082.49	516.8
1082.86	527.8
1083.24	519.2
1083.63	519.8
1084.01	522.4
1084.38	522.6
1084.78	519.2
1085.16	524.4
1085.55	537
1085.93	534.8
1086.31	521.8
1086.7	548
1087.08	527.8
1087.46	530.2
1087.83	520
1088.23	531.6
1088.61	529.2
1088.99	535.2
1089.36	532.6
1089.76	536.2
1090.14	522.2
1090.52	523.8
1090.9	521.2
1091.27	541.8
1091.67	546.2
1092.05	531.2
1092.43	519.2
1092.81	536.2
1093.19	531.8
1093.57	529
1093.95	524
1094.35	536.6
1094.73	530.6
1095.11	524.2
1095.49	530.2
1095.87	529.4
1096.25	542
1096.63	539.8
1097.01	523
1097.39	538
1097.77	529.4
1098.15	529.6
1098.53	519
1098.91	527
1099.29	527
1099.68	543.6
1100.06	529.4
1100.44	518.4
1100.82	527.4
1101.18	531.8
1101.56	520.8
1101.95	521.2
1102.33	522.8
1102.71	534.6
1103.1	514.2
1103.48	516.2
1103.86	520.4
1104.22	529
1104.61	523.2
1104.99	524.4
1105.38	517.8
1105.76	524.8
1106.12	525.8
1106.51	558.2
1106.89	540.2
1107.26	527
1107.64	530.8
1108.03	523.6
1108.41	526.6
1108.78	530.2
1109.16	530
1109.55	526.4
1109.91	527.6
1110.3	505.2
1110.69	536.6
1111.05	528.6
1111.44	527.6
1111.8	529.6
1112.19	527
1112.58	532.8
1112.94	511.6
1113.33	527.6
1113.7	513.6
1114.09	525
1114.45	521.8
1114.84	522
1115.21	523.4
1115.6	525.6
1115.96	527.2
1116.35	533.4
1116.72	521.6
1117.11	529
1117.48	528.8
1117.85	528.8
1118.24	532
1118.6	528.8
1118.99	527.6
1119.36	534.8
1119.73	518.8
1120.12	525.8
1120.49	515.6
1120.86	535.8
1121.25	517.4
1121.62	512.6
1121.99	519.8
1122.38	544.4
1122.76	527.2
1123.13	525.6
1123.5	529.2
1123.89	535.2
1124.26	521
1124.63	523.4
1125	520.8
1125.4	517.8
1125.77	520.6
1126.14	517.2
1126.51	526
1126.88	525.2
1127.26	531.6
1127.63	519.4
1128.02	525
1128.4	517.8
1128.77	529.8
1129.14	522.2
1129.52	530.8
1129.89	526.8
1130.26	514.8
1130.64	513.8
1131.01	516.4
