#lambda/nm	C1
208.295	474
208.67	430.8
209.045	392.2
209.419	396.8
209.794	564.6
210.169	542.2
210.544	665
210.919	577.8
211.295	562.2
211.67	562
212.045	555.6
212.421	560.8
212.796	597.4
213.172	569
213.547	565.2
213.923	559.2
214.299	560
214.675	572
215.051	576.4
215.427	573
215.803	587.6
216.179	572.8
216.555	560.8
216.932	576.8
217.308	575.6
217.684	560.2
218.061	571
218.438	565.4
218.814	568
219.191	574.6
219.568	559.2
219.945	563.8
220.322	562.4
220.699	564.2
221.076	570
221.453	572.6
221.83	562.2
222.208	575.2
222.585	559
222.962	564
223.34	574.2
223.717	569.2
224.095	561.4
224.473	567.8
224.851	552.4
225.229	556.6
225.607	579.6
225.985	557.8
226.363	571.6
226.741	564.8
227.119	564.8
227.497	579.4
227.876	558.6
228.254	565.8
228.633	567.4
229.011	572.8
229.39	567.2
229.769	572.2
230.148	575.6
230.527	581
230.905	571.6
231.284	578.4
231.664	567.6
232.043	579.4
232.422	580.2
232.801	570.8
233.181	573.4
233.56	572.4
233.94	565.6
234.319	548.6
234.699	563.6
235.079	605.2
235.458	608.8
235.838	587.2
236.218	565.8
236.598	563.4
236.978	563.6
237.358	557.8
237.738	561
238.119	569.6
238.499	559.4
238.88	561.8
239.26	581.6
239.641	550.8
240.021	560.6
240.402	567
240.783	560.4
241.163	568.6
241.544	569.8
241.925	566.4
242.306	582.4
242.687	572.4
243.069	568.2
243.45	571.6
243.831	564.6
244.212	562.8
244.594	594.6
244.975	579.6
245.357	573.4
245.739	564.6
246.12	568.8
246.502	580.4
246.884	560.2
247.266	567.8
247.648	578.4
248.03	591
248.412	565.2
248.794	570.4
249.176	561.8
249.559	583.8
249.941	561.8
250.323	558.8
250.706	561.4
251.089	563.4
251.471	558.6
251.854	571
252.237	569
252.62	579
253.002	564.2
253.385	564
253.769	583.8
254.152	573.6
254.535	572.8
254.918	564.4
255.301	564.6
255.685	571.4
256.068	557.4
256.452	588.2
256.835	579
257.219	574.8
257.603	578.8
257.986	559.8
258.37	570.2
258.754	554.4
259.138	569
259.522	576.8
259.906	568
260.29	568
260.675	560.6
261.059	571.8
261.443	559
261.828	574.2
262.212	573.6
262.597	558.2
262.981	564.8
263.366	574
263.751	567.6
264.136	554
264.521	560.6
264.906	563
265.291	584
265.676	568.2
266.061	571.2
266.446	589.8
266.831	564.4
267.217	581.8
267.602	576.2
267.987	569
268.373	571.6
268.759	583.2
269.144	566.2
269.53	570.8
269.916	566.4
270.302	560.4
270.688	572.6
271.074	567.6
271.46	583.8
271.846	600.8
272.232	574
272.618	560.2
273.004	564.4
273.391	576.6
273.777	577
274.164	570.4
274.55	581
274.937	574
275.324	559.4
275.71	570.4
276.097	575.2
276.484	556.4
276.871	570.4
277.258	568.8
277.645	562.6
278.032	568.4
278.419	562
278.807	568.6
279.194	560.8
279.581	563.2
279.969	572.6
280.356	570.2
280.744	564.8
281.131	597
281.519	578.4
281.907	569.6
282.295	569.6
282.682	578
283.07	568.8
283.458	577.6
283.846	576.8
284.235	574.6
284.623	579.6
285.011	560.2
285.399	571.6
285.788	565.6
286.176	556.8
286.565	575.8
286.953	566.6
287.342	564.6
287.731	558.4
288.119	566.4
288.508	561.2
288.897	574.4
289.286	553.2
289.675	566.2
290.064	578.2
290.453	558.8
290.821	565.2
291.21	587.2
291.599	562.2
291.989	563.6
292.378	572.8
292.768	580.8
293.157	572.8
293.547	568
293.936	562.6
294.326	561.8
294.716	573
295.106	561.6
295.496	574.8
295.886	582.6
296.276	566.2
296.666	563.6
297.056	561.4
297.446	553.2
297.836	585.2
298.227	571.2
298.617	566.6
299.008	584.4
299.398	570.2
299.789	566.8
300.179	572
300.57	584.8
300.961	573
301.352	557.2
301.742	576
302.133	571.8
302.524	572.8
302.915	570
303.307	562.4
303.698	589.8
304.089	580.4
304.48	567
304.872	571.2
305.263	568
305.655	568.4
306.046	574.2
306.438	575
306.829	563
307.221	583.8
307.613	569.8
308.005	574
308.397	580.2
308.789	595.6
309.181	591
309.573	579
309.965	580
310.357	570.6
310.749	573
311.142	561.6
311.534	563.4
311.926	577.8
312.319	573
312.711	559
313.104	582.8
313.497	567
313.889	605
314.282	596.4
314.675	581.6
315.068	571.6
315.461	577.6
315.854	599.6
316.247	583
316.64	569.6
317.033	566
317.405	574.6
317.798	570
318.192	572.4
318.585	566.6
318.979	570.2
319.372	555.2
319.766	562.4
320.16	581.2
320.553	580
320.947	585.6
321.341	559.8
321.735	573.4
322.129	556.8
322.523	593.6
322.917	557.8
323.311	582.8
323.705	565.2
324.099	574
324.494	576.8
324.888	575
325.282	567.4
325.677	582.8
326.071	574.4
326.466	581.6
326.861	578.2
327.255	585
327.65	589.4
328.045	584.8
328.44	573.6
328.835	570.4
329.23	570.6
329.625	589.4
330.02	561.2
330.415	591.8
330.81	568.6
331.206	577
331.601	568.8
331.996	574
332.37	584.6
332.766	551.2
333.161	596.6
333.557	575
333.953	569.4
334.348	825.2
334.744	574.2
335.14	561
335.536	560
335.932	577.2
336.328	575
336.724	582.6
337.12	570
337.516	572.2
337.913	570.2
338.309	574.6
338.705	563.4
339.102	575.4
339.498	567.6
339.895	578.8
340.291	559.4
340.688	575.2
341.085	565
341.481	561.2
341.878	563.2
342.275	588.6
342.672	565
343.069	559.6
343.466	551.2
343.842	580.6
344.239	562.2
344.636	569
345.033	555.4
345.431	560.4
345.828	568.2
346.225	562.2
346.623	597
347.02	570.8
347.418	570.8
347.816	576.8
348.213	556.4
348.611	573.2
349.009	560.6
349.407	582.2
349.805	558.2
350.203	552.2
350.601	576
350.999	566.4
351.397	630.6
351.795	560.6
352.193	571.6
352.57	568
352.969	569.8
353.367	555.4
353.766	560.4
354.164	563.2
354.563	580.6
354.961	565.2
355.36	564.6
355.759	566
356.158	556.4
356.557	556
356.956	554.2
357.355	552.6
357.754	567.6
358.153	566.2
358.552	595.2
358.951	555.2
359.35	575.4
359.75	564
360.149	554.4
360.527	546.6
360.926	561.4
361.326	564.6
361.726	570.2
362.125	560.4
362.525	570.2
362.925	561.2
363.325	566.8
363.724	566.6
364.124	550.6
364.524	552.2
364.924	554
365.324	573.8
365.725	553.8
366.125	561.8
366.525	563.4
366.904	559.6
367.304	549.4
367.705	580.8
368.105	578.2
368.506	558.2
368.906	559.4
369.307	552.6
369.708	563
370.108	551.2
370.509	571.4
370.91	552
371.311	557
371.712	563.2
372.113	565.6
372.514	553.4
372.894	563.4
373.295	552.8
373.696	563
374.097	571.8
374.499	586.6
374.9	563.4
375.301	553.4
375.703	569.2
376.105	564.2
376.506	563.8
376.908	567.8
377.309	560.8
377.711	567
378.113	558.6
378.493	554.2
378.895	555.4
379.297	562
379.699	551
380.102	556
380.504	563.4
380.906	548
381.308	577.6
381.71	552
382.113	560.8
382.515	561.8
382.918	569.8
383.299	566.4
383.701	562.2
384.104	559.8
384.507	548
384.909	559.2
385.312	545
385.715	556.8
386.118	556.8
386.521	552.8
386.924	577
387.327	551.8
387.709	547
388.112	550.6
388.515	558.8
388.918	555.2
389.322	561
389.725	559.6
390.129	574.6
390.532	562.4
390.936	551.6
391.339	548.6
391.743	564
392.125	555.2
392.529	561.6
392.933	565.8
393.337	558.2
393.74	546.8
394.144	557.4
394.548	555.8
394.953	552.4
395.357	566.2
395.761	550.6
396.144	561
396.548	558.2
396.952	554.6
397.357	565.6
397.761	559
398.166	554.6
398.57	566.2
398.975	552
399.379	558.8
399.763	604.4
400.168	553.6
400.572	557.2
400.977	558.6
401.382	579.6
401.787	561.8
402.192	573.2
402.597	578.4
403.002	550.2
403.386	577.2
403.791	567.8
404.197	549.2
404.602	561.6
405.007	564.6
405.413	566.8
405.818	559.4
406.224	557.4
406.608	551
407.014	547.8
407.42	572.2
407.825	559.8
408.231	563.8
408.637	569.6
409.043	578.4
409.449	555
409.834	557.8
410.24	564
410.646	570.6
411.052	568.6
411.458	559.8
411.865	568.6
412.271	562.8
412.677	556.4
413.062	568.4
413.469	562.8
413.875	588
414.282	573.6
414.689	562.4
415.095	571.4
415.502	554.6
415.888	562.6
416.294	550.6
416.701	593
417.108	552
417.515	570.4
417.923	562.2
418.33	573.4
418.715	573
419.123	557.8
419.53	555.4
419.937	559.6
420.345	573.2
420.752	560.4
421.16	571.8
421.546	554.4
421.953	563.2
422.361	549.6
422.769	569.6
423.177	560.8
423.585	583.8
423.992	586.2
424.379	572.6
424.787	574.6
425.195	579.8
425.603	559
426.011	581.2
426.419	571.2
426.806	571.2
427.214	567.2
427.623	571.6
428.031	574.8
428.44	568
428.848	574
429.235	582.2
429.644	573.2
430.053	576
430.461	588.6
430.87	600.8
431.279	594
431.666	581.2
432.075	594.8
432.484	599.4
432.893	589
433.302	616.6
433.711	632
434.099	605.4
434.508	616.6
434.918	611.8
435.327	626.2
435.737	639
436.125	635.8
436.534	644.2
436.944	652.6
437.353	649.6
437.763	677.6
438.173	660.6
438.561	685.4
438.971	666
439.381	688.4
439.791	697.2
440.201	672.8
440.589	703.6
440.999	720.8
441.409	718.4
441.819	718.6
442.23	723
442.619	734.8
443.029	735.2
443.439	736.2
443.85	750.2
444.26	755.8
444.649	751.2
445.06	752.2
445.471	749.8
445.881	752.6
446.292	779.2
446.682	788.2
447.092	744.4
447.503	810
447.914	764
448.325	768.4
448.715	772.4
449.126	764.6
449.537	776.8
449.948	773.6
450.338	772.2
450.75	784.4
451.161	776.8
451.572	785.8
451.984	783.2
452.374	765.8
452.786	777.8
453.197	790.6
453.609	787.8
453.999	773
454.411	782.4
454.823	786.6
455.235	793.6
455.647	792.6
456.037	807
456.449	775.8
456.862	793.4
457.274	789
457.665	786
458.077	801.4
458.489	824.8
458.902	793.4
459.293	793.8
459.705	788.2
460.118	788.8
460.53	802.4
460.921	793
461.334	797.6
461.747	789.6
462.16	821.6
462.551	816.4
462.964	813.4
463.377	776.8
463.79	797
464.182	789.4
464.595	789.8
465.008	802.8
465.421	805.6
465.813	787.6
466.226	808.2
466.64	790.6
467.053	843.6
467.445	810.8
467.859	807.2
468.272	803.2
468.686	810.8
469.078	801.6
469.492	784.8
469.906	798.2
470.298	792.8
470.712	791.8
471.126	810.2
471.54	781.4
471.933	786.4
472.347	786.4
472.761	787.6
473.175	776.8
473.568	792.4
473.982	774.4
474.397	784
474.79	785.8
475.204	785
475.619	782
476.033	782.8
476.426	780.8
476.841	762.2
477.256	799.4
477.649	766.6
478.064	778.6
478.479	773.2
478.872	774.2
479.287	768.8
479.702	769.2
480.118	769.2
480.511	771.2
480.927	764.6
481.342	767.2
481.736	770.4
482.151	763.8
482.566	783.4
482.96	772.4
483.376	771.4
483.792	759
484.186	767.2
484.602	757.2
485.017	773.2
485.412	757.8
485.827	760.6
486.243	760
486.638	769.8
487.054	760.8
487.47	766.4
487.865	743.2
488.281	740.4
488.697	730.4
489.092	731.6
489.508	731.8
489.925	747.4
490.32	734
490.736	739.6
491.153	737.6
491.548	742.6
491.964	750.4
492.381	724.4
492.776	740.2
493.193	732
493.61	740.8
494.006	735.8
494.422	741.6
494.84	724.6
495.235	742.6
495.652	728.8
496.069	726.6
496.465	718.6
496.883	717.6
497.3	737.2
497.696	724.2
498.113	726.8
498.509	711
498.927	709.8
499.344	700
499.741	696
500.158	716.8
500.576	709
500.973	719.8
501.39	701.8
501.787	696.2
502.205	691.4
502.623	691.2
503.02	691.6
503.438	701.2
503.856	688.4
504.253	697.4
504.671	695.4
505.068	689.2
505.486	686.4
505.905	702.8
506.302	695
506.72	701.2
507.118	673.4
507.536	689.2
507.955	676
508.352	685.4
508.771	688.4
509.169	686.6
509.587	670.6
510.006	671.8
510.404	661.2
510.823	661.8
511.221	667
511.64	662.2
512.038	687.4
512.457	665
512.877	670.4
513.275	657.2
513.694	668
514.092	657.2
514.512	668.2
514.91	673.8
515.33	669.6
515.749	659.4
516.148	659.2
516.568	647.4
516.966	654.6
517.386	651.4
517.785	651
518.205	651.8
518.603	640.8
519.024	644.4
519.444	657.4
519.843	653.2
520.263	654.8
520.662	645.8
521.082	652.4
521.481	639.2
521.902	638.6
522.301	644.6
522.722	632.6
523.121	640.6
523.542	639.6
523.963	637.6
524.362	637.6
524.783	645.8
525.183	629.2
525.604	635.4
526.003	626.8
526.425	638.4
526.824	632.6
527.246	641.8
527.646	636.2
528.067	637.6
528.467	631.4
528.888	626.8
529.289	628.4
529.71	620
530.11	610.4
530.532	626
530.932	618
531.354	618.8
531.755	651.4
532.176	615
532.577	615
532.999	611.8
533.4	614
533.822	627.2
534.223	621.6
534.645	609.8
535.046	611.8
535.468	613.6
535.869	627
536.292	601.6
536.693	634.6
537.115	616
537.516	607
537.939	605.2
538.34	625.4
538.742	618.8
539.165	609.8
539.566	603
539.989	602.8
540.391	595.2
540.814	609
541.216	603.6
541.639	602.2
542.041	601.2
542.464	588.4
542.866	602
543.268	595.6
543.691	611.8
544.093	601.6
544.517	614.4
544.919	585.8
545.343	618.6
545.745	591.6
546.147	596
546.571	591.8
546.974	592.6
547.398	593.2
547.8	602
548.224	594.8
548.627	586.2
549.03	600.6
549.454	581.8
549.857	585.6
550.281	590.8
550.684	589.2
551.087	599
551.512	588.8
551.915	598.6
552.34	587.8
552.743	585.4
553.146	592.4
553.571	593
553.975	615.6
554.399	581.6
554.803	629
555.207	575.8
555.632	575.6
556.036	588.6
556.461	582.8
556.865	586.4
557.268	578.4
557.694	582
558.098	583.6
558.502	593.8
558.927	576.8
559.332	576.8
559.736	583
560.162	589.4
560.566	582.8
560.992	580.4
561.396	579.8
561.801	579.4
562.227	580.4
562.631	578.4
563.036	568.6
563.462	586
563.867	577
564.272	561.2
564.698	589.2
565.103	561.6
565.508	593.6
565.935	574.4
566.34	571.8
566.745	586.8
567.172	573
567.577	598.2
567.982	581
568.409	583.8
568.815	569.6
569.22	577.2
569.626	589
570.053	556.8
570.459	583.2
570.865	576.2
571.292	576.6
571.698	576
572.104	558.4
572.531	562.2
572.937	576.6
573.343	566
573.75	560.6
574.177	572
574.583	574
574.99	566.2
575.396	579
575.824	564
576.231	576.4
576.637	561.4
577.065	593.2
577.472	568
577.879	571.2
578.286	573.2
578.714	562.4
579.121	560.6
579.528	568.4
579.935	577
580.364	568.4
580.771	555.6
581.178	549
581.585	565.4
582.014	564.4
582.421	557.8
582.829	565
583.236	564.6
583.644	561
584.073	551.4
584.481	564.2
584.889	553.6
585.296	561.8
585.726	563.6
586.134	552
586.542	557.4
586.95	581.6
587.358	546.2
587.787	560
588.196	570.8
588.604	552.8
589.012	558.2
589.421	546.6
589.851	553.8
590.259	566
590.668	559.4
591.076	593.4
591.485	547.2
591.894	555.6
592.324	569.6
592.733	577.2
593.142	545
593.551	558.8
593.96	567.8
594.369	550.4
594.8	549.2
595.209	549
595.618	546
596.028	546.4
596.437	537.4
596.847	549.4
597.256	562.8
597.687	561.8
598.097	554.2
598.507	535.8
598.917	556.8
599.327	560
599.736	557.6
600.146	559.2
600.556	550.4
600.988	564.4
601.398	545.6
601.808	562.8
602.219	548.2
602.629	555
603.039	552
603.45	578.4
603.86	565
604.271	567.4
604.703	556.6
605.114	554.6
605.525	551.2
605.935	557
606.346	569.2
606.757	553.6
607.168	552.8
607.579	539.6
607.99	569.8
608.402	551.4
608.813	554.4
609.224	542.4
609.636	544.2
610.047	546.6
610.48	552.2
610.892	555.4
611.303	555.8
611.715	548.8
612.127	543.4
612.539	545.4
612.95	554.8
613.362	544
613.774	545.2
614.186	537
614.599	540
615.011	552.8
615.423	553.2
615.835	544.2
616.248	546.6
616.66	551.4
617.073	538.4
617.485	545.8
617.898	557.6
618.311	550
618.723	544
619.136	576.2
619.549	571
619.962	569.4
620.375	550
620.788	555.2
621.201	542.4
621.614	556.8
622.028	545.6
622.441	553.2
622.854	560.4
623.268	540.6
623.681	552.4
624.095	556
624.509	555
624.922	556.2
625.336	542.6
625.728	550.4
626.142	562
626.556	561.2
626.97	552.6
627.384	545.4
627.799	546.6
628.213	562.4
628.627	541.6
629.041	544.4
629.456	544.2
629.87	547
630.285	561.4
630.699	554.2
631.093	545.8
631.507	551.6
631.922	551.2
632.337	559.8
632.752	540.4
633.167	546.8
633.582	542.4
633.997	540
634.412	539
634.806	553.6
635.221	540.4
635.637	555.2
636.052	537.2
636.468	550.4
636.883	563.6
637.299	546
637.715	528.2
638.109	549.2
638.525	536.2
638.941	547.4
639.357	541.8
639.773	555.4
640.189	537.2
640.584	543.4
641	536.4
641.416	534
641.832	542.2
642.249	544.4
642.665	537
643.06	545.6
643.477	556.6
643.894	532.2
644.31	545
644.727	546.2
645.123	547.2
645.54	537
645.957	544.2
646.374	559
646.77	540
647.187	569.2
647.604	547.8
648.021	533.6
648.439	547
648.835	549.8
649.252	543
649.67	543.2
650.088	550.8
650.484	543.4
650.902	544.2
651.32	558.8
651.738	544.8
652.134	547.8
652.552	561.8
652.971	548.2
653.389	551
653.786	556.2
654.204	571.8
654.622	541
655.019	542.4
655.438	547
655.857	538.8
656.275	551.8
656.673	542.2
657.091	545.4
657.51	542.2
657.908	556
658.327	556.8
658.746	534.4
659.144	543
659.563	555.6
659.982	548.8
660.38	533.4
660.8	538.8
661.219	551.2
661.617	560.6
662.037	543.2
662.457	556.4
662.855	536.4
663.275	566.8
663.695	546.8
664.094	540.4
664.514	544.6
664.934	537
665.333	549.8
665.753	542.8
666.152	537.2
666.572	530.6
666.993	550.6
667.392	538.2
667.812	539.2
668.212	533
668.632	549.6
669.053	541.8
669.453	547.4
669.874	539.6
670.273	533.6
670.694	531.6
671.116	549
671.515	557.8
671.937	542.8
672.337	538.8
672.758	534.2
673.158	550
673.58	528.4
673.98	547.2
674.402	548.6
674.824	532.6
675.224	532
675.646	530.8
676.047	539.6
676.469	535
676.869	549.2
677.292	545.6
677.693	543
678.115	531.8
678.516	542.4
678.939	551.8
679.34	543.6
679.762	549.8
680.164	542
680.586	531.2
680.988	547.8
681.411	554.6
681.812	538
682.236	534.4
682.637	531.2
683.061	522.8
683.462	553
683.864	538.8
684.288	559.4
684.69	535.2
685.114	549
685.516	540.4
685.94	535
686.342	546.6
686.766	542
687.168	536
687.571	555.6
687.995	544.4
688.398	543.2
688.822	538.4
689.225	555
689.628	559.2
690.052	541
690.456	540.8
690.88	539.6
691.284	525.8
691.687	540.4
692.112	538.6
692.515	528.4
692.919	543.2
693.344	534.2
693.747	537
694.173	533
694.577	541.4
694.98	534.2
695.406	530.6
695.81	543.6
696.214	546.2
696.64	539.6
697.044	543.8
697.448	547
697.874	537.8
698.279	535
698.684	531.4
699.11	525
699.514	540.2
699.919	541.2
700.324	531.6
700.75	546.6
701.156	537.6
701.561	545.6
701.987	540.4
702.393	554.6
702.798	537.6
703.203	539
703.63	534
704.036	535
704.442	538.6
704.847	521.2
705.274	535.4
705.68	538.2
706.086	545.2
706.492	528.8
706.92	534.4
707.326	538.4
707.732	532.8
708.139	535.8
708.545	529.8
708.973	531.4
709.38	539.4
709.786	523.4
710.193	549.8
710.6	533.6
711.028	537.6
711.435	536.2
711.842	534.6
712.249	539
712.656	535.6
713.064	548
713.492	535.2
713.9	537.8
714.307	539.8
714.715	544
715.123	542.8
715.53	536.2
715.938	544.8
716.367	544.6
716.775	531.6
717.184	529.6
717.592	537.2
718	544.6
718.408	565.2
718.816	578.8
719.225	539.2
719.633	535
720.042	529.4
720.472	541
720.881	557.4
721.29	543.4
721.699	527
722.108	545.8
722.517	538.2
722.926	533
723.335	548.2
723.744	532.6
724.154	542
724.563	534.6
724.973	543.2
725.382	542
725.792	527.8
726.202	532
726.612	562.2
727.022	530.4
727.432	534
779.813	525.8
780.223	571.4
780.634	529
781.044	529.4
781.454	539.8
781.865	553
782.276	523
782.686	544.8
783.097	528.2
783.508	524.2
783.919	539.8
784.33	550.4
784.741	547.6
785.152	536
785.563	530.4
785.974	531
786.386	546.8
786.776	539.2
787.188	531.6
787.599	525.2
788.011	542.6
788.423	537.6
788.835	534.2
789.247	526.4
789.659	528.2
790.071	529.8
790.483	568.2
790.874	533
791.286	539.6
791.699	536.4
792.111	533.8
792.524	533
792.937	532.2
793.349	527.4
793.741	531.2
794.154	532.8
794.567	558.2
794.98	536.4
795.393	523.8
795.785	546.8
796.198	528
796.612	538
797.026	535.4
797.439	521.8
797.831	529.4
798.245	532.2
798.659	539.6
799.073	533.4
799.487	529.2
799.88	532.4
800.294	541.6
800.708	533.2
801.123	534.6
801.516	555.4
801.93	524.8
802.345	523.2
802.76	534.8
803.153	550.6
803.568	554.6
803.983	543
804.377	538.4
804.792	529.8
805.207	521.6
805.601	538.6
806.016	567.4
806.432	532.2
806.826	565.2
807.242	553.6
807.658	534.8
808.052	533.4
808.468	524.4
808.884	534.6
809.279	537.4
809.695	547.2
810.111	561.4
810.506	534.8
810.922	558.2
811.339	529
811.734	547
812.151	529
812.546	533.8
812.963	532.6
813.38	536.6
813.776	539.4
814.193	552.4
814.589	523
815.006	534
815.402	528
815.82	526.2
816.237	534
816.633	534.4
817.051	524.2
817.448	536.4
817.866	530.2
818.262	551.8
818.68	525.8
819.077	525.8
819.495	530
819.892	567.4
820.311	529.2
820.708	533.2
821.127	532.8
821.524	538.4
821.943	533.8
822.34	550
822.759	539.2
823.157	532.6
823.576	545.2
823.974	538.4
824.393	559.8
824.791	535.4
825.189	525.2
825.609	524.8
826.007	536.4
826.427	516.8
826.826	530.2
827.246	537
827.644	522.6
828.043	534.2
828.463	534.8
828.862	547.2
829.261	525.4
829.682	526.8
830.081	536.4
830.502	523
830.901	534.2
831.301	548.2
831.722	527.6
832.121	534
832.521	530.4
832.943	531.8
833.342	531.2
833.742	521.2
834.164	531.2
834.564	521.2
834.965	531.2
835.386	529
835.787	532.2
836.188	536.8
836.588	536
837.01	537.2
837.411	522.2
837.812	537
838.213	532.8
838.636	533.8
839.037	601.4
839.438	538
839.84	531.2
840.263	539.6
840.664	539
841.066	530.6
841.468	533.8
841.891	533.4
842.293	540.2
842.695	539.8
843.098	536.4
843.5	526.4
843.902	524.6
844.326	530.6
844.729	532.6
845.131	545.8
845.534	526.2
845.937	545.8
846.34	552.6
846.764	524.8
847.167	533.8
847.571	535.4
847.974	525.8
848.377	531.4
848.781	573.2
849.184	542.4
849.588	530.6
849.992	528
850.396	525.6
850.821	548.8
851.225	533.2
851.63	534
852.034	541.4
852.438	526.2
852.843	599.6
853.247	519.2
853.652	521.6
854.057	540.8
854.462	534.8
854.867	534
855.272	555.8
855.677	540.4
856.082	529.8
856.487	520.8
856.893	538.2
857.298	541
857.704	532.4
858.11	534
858.516	540
858.922	534.4
859.328	544.2
859.734	536
860.14	536
860.525	533
860.931	522.4
861.338	538.4
861.745	531.4
862.151	544.2
862.558	540
862.965	529.6
863.372	529
863.779	534.8
864.186	547
864.572	537.4
864.98	549.6
865.387	566.8
865.795	526.2
866.203	536.6
866.61	525.8
867.018	539.8
867.405	545
867.813	534
868.221	528.8
868.63	529.6
869.038	541.6
869.425	574.2
869.834	540.8
870.243	525.8
870.652	522.6
871.039	530
871.448	532.2
871.857	537.8
872.266	539.4
872.654	536
873.064	538.4
873.473	539.6
873.883	524.6
874.271	525.4
874.681	538.6
875.091	522
875.48	535.6
875.89	546.8
876.3	526.4
876.689	519.2
877.1	537.2
877.51	538.8
877.9	550.6
878.31	532.8
878.721	556.4
879.111	660.8
879.522	540.2
879.933	522
880.323	523
880.734	527.6
881.125	534.6
881.536	521.8
881.948	520
882.338	535.8
882.75	530
883.141	527.4
883.553	536.2
883.944	546.8
884.356	530.8
884.769	525.8
885.16	532.4
885.573	533.4
885.964	521.4
886.377	530.8
886.768	516.6
887.181	525.8
887.573	527.8
887.987	533.6
888.378	546.8
888.792	527
889.184	570
889.598	526.4
889.99	534.6
890.383	531
890.797	521.4
891.19	537.8
891.604	523.4
891.997	531.8
892.411	518.6
892.805	524
893.198	528.6
893.613	519.8
894.006	533.8
894.421	525.8
894.815	524
895.209	527
895.624	566.4
896.018	547
896.412	520.4
896.828	525.8
897.222	528.4
897.617	528
898.033	545.8
898.427	535.4
898.822	536.6
899.239	524.8
899.634	522.4
900.029	548.2
900.424	528.8
900.841	524.8
901.236	542.6
901.632	534.4
902.027	583.6
902.445	534.4
902.841	522.8
903.237	534.8
903.633	540.6
904.05	534.6
904.447	530.2
904.843	531.4
905.24	530.2
905.636	517.4
906.033	530.4
906.451	542
906.848	525
907.246	525.4
907.643	543
908.04	532.6
908.438	544
908.835	530.6
909.254	533.8
909.652	535.4
910.05	523.8
910.448	514.6
910.846	533.8
911.244	524
911.643	537
912.041	531.4
912.44	548
912.839	522.2
913.237	521.6
913.636	519.6
914.035	529.8
914.434	529.6
914.834	545.4
915.233	535.8
915.633	529.6
916.032	522.4
916.432	522.6
916.832	537.6
917.232	530.4
917.632	516.4
918.032	530.6
918.432	527.4
918.833	527.4
919.233	523.2
919.634	515.6
920.035	545.6
920.436	528
920.837	526
921.238	518.4
921.639	527.2
922.019	529.4
922.42	533.6
922.822	535.2
923.224	528.8
923.625	529.2
924.027	530.4
924.429	545.4
924.81	525.6
925.212	539.4
925.615	526.8
926.017	528.2
926.42	541.2
926.801	527.6
927.204	539
927.607	543
928.01	540
928.413	535.4
928.795	515
929.199	530.8
929.602	529.6
930.006	519.6
930.388	524.2
930.792	530.6
931.196	526.2
931.579	571.6
931.983	526
932.388	572.2
932.771	533.2
933.176	527.8
933.58	522.6
933.964	536.4
934.369	524.6
934.774	537.4
935.158	518.2
935.563	531.4
935.947	528.2
936.353	534.6
936.759	526
937.143	530.6
937.549	532.8
937.934	543.4
938.34	553.8
938.746	523
939.131	533.4
939.538	525.2
939.923	529.8
940.33	524.4
940.716	527.8
941.123	533.6
941.508	528.6
941.916	547.6
942.302	532.2
942.709	527
943.096	522.4
943.503	530
943.89	529.8
944.298	519.6
944.685	555.2
945.072	528.2
945.48	539.8
945.867	518
946.276	524.2
946.663	548
947.051	542.2
947.46	542.8
947.848	535.4
948.257	522
948.645	523
949.033	519.8
949.443	513
949.831	566
950.22	521.2
950.63	538
951.018	560.8
951.407	527.6
951.796	520.2
952.207	534.4
952.596	531
952.985	519
953.375	576.8
953.786	527.6
954.176	516.6
954.566	534.2
954.956	511.2
955.367	524
955.758	547.4
956.148	524
956.539	544.2
956.929	517.8
957.341	521.4
957.732	527
958.123	535.4
958.515	514.8
958.906	528.6
959.297	524.4
959.689	529
960.102	522.2
960.494	532.4
960.886	526.4
961.278	524.6
961.67	553.2
962.062	564.2
962.455	527.8
962.847	522.6
963.24	532.4
963.633	523.6
964.026	508.4
964.419	533.2
964.812	541
965.206	522.6
965.599	534
965.993	527.2
966.386	527.8
966.78	534.8
967.174	537.8
967.569	528.6
967.963	529.8
968.357	511.6
968.752	522.6
969.146	523.6
969.541	527.4
969.936	526.4
970.331	529.6
970.705	527.8
971.1	527.4
971.496	532
971.892	523.4
972.287	531.2
972.683	530
973.079	526.6
973.454	544.4
973.85	528.6
974.247	541.6
974.643	543.8
975.04	536
975.415	526.4
975.812	516.6
976.209	538.8
976.607	522.2
976.982	535.4
977.38	549.8
977.778	533.2
978.175	517.6
978.552	529.8
978.95	527.8
979.348	530.2
979.725	566.4
980.123	520
980.522	514.8
980.899	518.2
981.298	528
981.697	524.2
982.075	523.2
982.474	517.8
982.852	534.8
983.251	530.6
983.651	523.2
984.029	524.2
984.429	523.8
984.808	520.2
985.208	528.4
985.609	526.6
985.987	517.4
986.388	520
986.768	526.8
987.168	516.8
987.548	533.8
987.949	523
988.329	531.2
988.731	519.2
989.111	521.4
989.491	515.4
989.893	528.8
990.273	537.8
990.676	514.8
991.057	524.4
991.459	523.4
991.84	524
992.221	517.6
992.624	542.4
993.006	529.8
993.388	528.6
993.791	536
994.173	532.6
994.576	560
994.959	515.8
995.341	523.2
995.724	529.2
996.128	526.8
996.511	539.2
996.894	528.8
997.298	520
997.681	536
998.065	526
998.448	522.8
998.854	536.2
999.237	523.6
999.621	533.2
1000.01	537.6
1000.39	529
1000.8	523.4
1001.18	529
1001.56	537
1001.95	534.2
1002.33	533
1002.72	518.4
1003.13	526
1003.51	523.4
1003.9	520.6
1004.28	534.2
1004.67	526.2
1005.06	529.2
1005.44	550.8
1005.83	515.2
1006.21	524.4
1006.6	526.2
1006.99	536.4
1007.37	530.2
1007.76	528.4
1060.12	518.8
1060.51	522.8
1060.89	529.8
1061.28	541.6
1061.67	531
1062.06	526.6
1062.45	529
1062.83	520.2
1063.22	540
1063.61	561.2
1064	527.4
1064.39	529.6
1064.78	515.8
1065.14	531.8
1065.53	528.2
1065.92	523.2
1066.31	515
1066.7	528.2
1067.09	536.8
1067.46	549.2
1067.85	520.8
1068.24	520
1068.63	526.6
1069.02	525.2
1069.39	529.2
1069.78	524
1070.17	525
1070.57	521.4
1070.93	527.4
1071.33	521.2
1071.72	529
1072.11	513.4
1072.48	522.4
1072.87	525.2
1073.26	524.8
1073.64	519
1074.03	515
1074.4	521.6
1074.79	523.2
1075.19	524.4
1075.56	530.6
1075.95	531
1076.34	528.6
1076.72	524.4
1077.11	521
1077.48	536.2
1077.88	532.6
1078.25	526.2
1078.64	532.4
1079.02	527.6
1079.41	523.8
1079.78	525.2
1080.18	516.8
1080.55	589.6
1080.95	512.2
1081.32	520.8
1081.72	526.6
1082.09	524.6
1082.49	518
1082.86	524.6
1083.24	521
1083.63	516
1084.01	524.8
1084.38	527.6
1084.78	511.4
1085.16	526
1085.55	535.2
1085.93	533.4
1086.31	513
1086.7	545.6
1087.08	521.6
1087.46	524.2
1087.83	510.4
1088.23	536.6
1088.61	523.2
1088.99	524.6
1089.36	521.4
1089.76	517.8
1090.14	523.8
1090.52	525.8
1090.9	526.2
1091.27	530
1091.67	553.8
1092.05	533.6
1092.43	522.6
1092.81	525.6
1093.19	535.8
1093.57	523.6
1093.95	517
1094.35	532.4
1094.73	532.4
1095.11	516
1095.49	522.4
1095.87	524.6
1096.25	530.8
1096.63	534.6
1097.01	521.4
1097.39	527.8
1097.77	515.2
1098.15	526.4
1098.53	518.8
1098.91	523.8
1099.29	527
1099.68	546
1100.06	534
1100.44	525.4
1100.82	521.6
1101.18	525.6
1101.56	527.2
1101.95	521
1102.33	522.6
1102.71	522.2
1103.1	514.6
1103.48	517.4
1103.86	526.2
1104.22	522.8
1104.61	520.8
1104.99	521.4
1105.38	513.4
1105.76	525.6
1106.12	522.6
1106.51	560
1106.89	529.6
1107.26	522.4
1107.64	532
1108.03	521.6
1108.41	524.6
1108.78	518.6
1109.16	523.8
1109.55	535.8
1109.91	518
1110.3	513.6
1110.69	540
1111.05	528.4
1111.44	524.4
1111.8	522.4
1112.19	535.4
1112.58	530.6
1112.94	513.8
1113.33	523.6
1113.7	520.4
1114.09	515.4
1114.45	522.4
1114.84	524.2
1115.21	527.8
1115.6	521.6
1115.96	534
1116.35	532.2
1116.72	514
1117.11	536.6
1117.48	527.6
1117.85	521
1118.24	537
1118.6	522
1118.99	517.2
1119.36	522.2
1119.73	516.2
1120.12	528.6
1120.49	512.2
1120.86	523
1121.25	525
1121.62	509.2
1121.99	514.2
1122.38	531
1122.76	518
1123.13	518.4
1123.5	528.2
1123.89	531.2
1124.26	513.2
1124.63	529.6
1125	524.8
1125.4	515.2
1125.77	512.6
1126.14	503
1126.51	517.2
1126.88	527.4
1127.26	525.2
1127.63	506.6
1128.02	521.6
1128.4	513.4
1128.77	516.4
1129.14	531.4
1129.52	525
1129.89	524.4
1130.26	523.6
1130.64	514.4
1131.01	517.4
