#lambda/nm	C1
208.295	461.8
208.67	425.8
209.045	392
209.419	390.4
209.794	561
210.169	546
210.544	667.2
210.919	561.4
211.295	566
211.67	571.2
212.045	557.4
212.421	565
212.796	602.2
213.172	562.2
213.547	560.4
213.923	558.8
214.299	562.4
214.675	573.2
215.051	576
215.427	579
215.803	585.2
216.179	566.6
216.555	559.6
216.932	576.2
217.308	570.4
217.684	579.2
218.061	575.4
218.438	564.8
218.814	564.6
219.191	573.2
219.568	554
219.945	571.8
220.322	572.4
220.699	566.6
221.076	579.8
221.453	571.6
221.83	561.8
222.208	576.6
222.585	557.6
222.962	570
223.34	575.2
223.717	568.6
224.095	571.8
224.473	566
224.851	559
225.229	563.2
225.607	585.8
225.985	547.2
226.363	578
226.741	571.2
227.119	570.4
227.497	580.8
227.876	564.2
228.254	574
228.633	574.4
229.011	571.6
229.39	578.8
229.769	571.4
230.148	579
230.527	590.2
230.905	570.6
231.284	578
231.664	566.8
232.043	580.8
232.422	579
232.801	567
233.181	567.4
233.56	562.8
233.94	567.8
234.319	563.2
234.699	570.6
235.079	602.4
235.458	594.4
235.838	589.6
236.218	560.4
236.598	565.6
236.978	557.2
237.358	561.4
237.738	563.6
238.119	578.2
238.499	560
238.88	571.4
239.26	582.4
239.641	562
240.021	564
240.402	563.6
240.783	567.6
241.163	564.6
241.544	566.8
241.925	560.8
242.306	587
242.687	573.2
243.069	570
243.45	570
243.831	556.8
244.212	570
244.594	607.4
244.975	582
245.357	570.4
245.739	562
246.12	569.4
246.502	576.2
246.884	568.8
247.266	560.4
247.648	569.2
248.03	590.4
248.412	567.6
248.794	576.6
249.176	558
249.559	564.6
249.941	565.6
250.323	556
250.706	564.2
251.089	569
251.471	572.4
251.854	571.6
252.237	569.4
252.62	576.8
253.002	569.4
253.385	566.4
253.769	586.8
254.152	570.8
254.535	585.4
254.918	556.8
255.301	571.8
255.685	567.8
256.068	560.4
256.452	591.8
256.835	577.8
257.219	576
257.603	576.2
257.986	561.2
258.37	566.2
258.754	561.8
259.138	572.6
259.522	578.8
259.906	566.6
260.29	568.4
260.675	561.6
261.059	567.6
261.443	562.2
261.828	567.8
262.212	572.2
262.597	557.8
262.981	557.6
263.366	568.8
263.751	575
264.136	566
264.521	553.8
264.906	555.8
265.291	573.4
265.676	565
266.061	582.4
266.446	575.6
266.831	568
267.217	577.6
267.602	573.8
267.987	568.2
268.373	559.4
268.759	574
269.144	565.8
269.53	563.4
269.916	563.8
270.302	562
270.688	565.4
271.074	572.8
271.46	578.2
271.846	591.4
272.232	569.6
272.618	560.8
273.004	567.6
273.391	582
273.777	585.6
274.164	570.8
274.55	581.2
274.937	570.4
275.324	572.6
275.71	574
276.097	573.4
276.484	570.8
276.871	569.4
277.258	576.4
277.645	558.4
278.032	564.6
278.419	566.8
278.807	573.8
279.194	571
279.581	559
279.969	575.2
280.356	567
280.744	565.8
281.131	595.6
281.519	578.6
281.907	561
282.295	564.6
282.682	575.4
283.07	577
283.458	575.6
283.846	587
284.235	583.2
284.623	575.6
285.011	559.6
285.399	579.8
285.788	563.6
286.176	559.8
286.565	578.6
286.953	567.6
287.342	568
287.731	571
288.119	565.4
288.508	567.2
288.897	575.4
289.286	550.8
289.675	571.8
290.064	586.2
290.453	571.6
290.821	581.4
291.21	584.8
291.599	563.8
291.989	569.2
292.378	577.8
292.768	584.6
293.157	577.8
293.547	570
293.936	560
294.326	564.8
294.716	575
295.106	574.6
295.496	571.4
295.886	580.8
296.276	569.6
296.666	566.2
297.056	567.8
297.446	556
297.836	582
298.227	561.8
298.617	569.6
299.008	576.2
299.398	562
299.789	565
300.179	575.4
300.57	582
300.961	565
301.352	563.4
301.742	574.2
302.133	571.6
302.524	570.6
302.915	568.2
303.307	559.4
303.698	578.2
304.089	569.6
304.48	567.8
304.872	572.6
305.263	568.6
305.655	566.8
306.046	571
306.438	574
306.829	559
307.221	585
307.613	581.6
308.005	573.6
308.397	582
308.789	583
309.181	594.4
309.573	583
309.965	572.8
310.357	566
310.749	559.8
311.142	560.6
311.534	567
311.926	579.8
312.319	571.4
312.711	554.4
313.104	579.2
313.497	565
313.889	604.4
314.282	584.6
314.675	589.8
315.068	570.4
315.461	575.4
315.854	603.4
316.247	569.6
316.64	566
317.033	569.4
317.405	578.2
317.798	568.8
318.192	569
318.585	569.4
318.979	576.6
319.372	561.4
319.766	566.2
320.16	582
320.553	589
320.947	587
321.341	563.4
321.735	574.2
322.129	560.4
322.523	597
322.917	562.8
323.311	576.8
323.705	569.8
324.099	577
324.494	584.8
324.888	579.4
325.282	569.6
325.677	580.2
326.071	583
326.466	585.4
326.861	576.8
327.255	574.2
327.65	585.6
328.045	586
328.44	575.6
328.835	573.4
329.23	562.6
329.625	586.8
330.02	571.6
330.415	583.8
330.81	573
331.206	575.8
331.601	569.6
331.996	579.8
332.37	593
332.766	563
333.161	588.8
333.557	564.2
333.953	570.8
334.348	845.6
334.744	573.4
335.14	565.8
335.536	569.8
335.932	580
336.328	578
336.724	580.2
337.12	576.2
337.516	572.6
337.913	570.8
338.309	583.8
338.705	566.6
339.102	582.2
339.498	561.8
339.895	588.4
340.291	563.2
340.688	581.8
341.085	560.4
341.481	560.4
341.878	568.4
342.275	596.8
342.672	562
343.069	567.4
343.466	558.2
343.842	582.6
344.239	567
344.636	573.2
345.033	555.4
345.431	562.4
345.828	569.6
346.225	561.4
346.623	598
347.02	561
347.418	575.8
347.816	580.4
348.213	571
348.611	566.6
349.009	550.4
349.407	573.6
349.805	551.8
350.203	555
350.601	581.4
350.999	561.8
351.397	621.4
351.795	563.6
352.193	575.2
352.57	569
352.969	577.4
353.367	557.2
353.766	559.2
354.164	567.6
354.563	579.8
354.961	566.2
355.36	564
355.759	563
356.158	560.2
356.557	554.2
356.956	563.4
357.355	553.8
357.754	570.8
358.153	575
358.552	582.4
358.951	567
359.35	569
359.75	555.8
360.149	554.6
360.527	546.4
360.926	553.4
361.326	568.4
361.726	559.2
362.125	555.8
362.525	567.6
362.925	556.6
363.325	566
363.724	562.6
364.124	553
364.524	556
364.924	562
365.324	571.4
365.725	551.6
366.125	555
366.525	559.4
366.904	562
367.304	544.6
367.705	578.8
368.105	580.8
368.506	562.2
368.906	570
369.307	570.4
369.708	560.2
370.108	551.2
370.509	570.8
370.91	555.8
371.311	554.4
371.712	566
372.113	568.6
372.514	547.8
372.894	558.6
373.295	554.8
373.696	572.4
374.097	569.2
374.499	582.2
374.9	563.4
375.301	549.8
375.703	564
376.105	554.4
376.506	569.4
376.908	560.6
377.309	555.6
377.711	569
378.113	563.6
378.493	562.4
378.895	549.2
379.297	572.4
379.699	550
380.102	566.4
380.504	557.4
380.906	558.8
381.308	584
381.71	559.6
382.113	565.6
382.515	559.2
382.918	563
383.299	558.8
383.701	575.2
384.104	570
384.507	547.8
384.909	563
385.312	552.2
385.715	552.8
386.118	562
386.521	554.4
386.924	568.4
387.327	553.2
387.709	553.8
388.112	546.4
388.515	569
388.918	555.6
389.322	562.4
389.725	556.6
390.129	583.4
390.532	566.8
390.936	561
391.339	553
391.743	571
392.125	558.4
392.529	570.6
392.933	579
393.337	560.8
393.74	559.2
394.144	561
394.548	549.2
394.953	557.8
395.357	564.6
395.761	553.4
396.144	558
396.548	552.4
396.952	554.2
397.357	562.4
397.761	556.4
398.166	550.4
398.57	557
398.975	555.6
399.379	565.2
399.763	602.4
400.168	561.4
400.572	558.4
400.977	556.4
401.382	585
401.787	567.8
402.192	573.2
402.597	573.4
403.002	549.2
403.386	574
403.791	574.4
404.197	559.2
404.602	556.4
405.007	555.6
405.413	557.4
405.818	561
406.224	562
406.608	548.4
407.014	553.4
407.42	569.4
407.825	557.4
408.231	563.6
408.637	558.6
409.043	564.8
409.449	555.2
409.834	552.4
410.24	553.8
410.646	568.2
411.052	567
411.458	561.8
411.865	564.8
412.271	571.8
412.677	560
413.062	569.8
413.469	542.4
413.875	577.4
414.282	574.2
414.689	564.6
415.095	572
415.502	560.2
415.888	569.2
416.294	546.6
416.701	591.2
417.108	550
417.515	567.8
417.923	561.6
418.33	574.6
418.715	565.6
419.123	563
419.53	559.8
419.937	561.6
420.345	567.8
420.752	560.4
421.16	574.8
421.546	565
421.953	570.8
422.361	548.4
422.769	562.6
423.177	563.2
423.585	585.2
423.992	574.4
424.379	580.6
424.787	568.2
425.195	577
425.603	559.4
426.011	580.2
426.419	562.6
426.806	566.2
427.214	561.8
427.623	577.6
428.031	584.6
428.44	571.6
428.848	580.6
429.235	586
429.644	581.4
430.053	573.8
430.461	589.4
430.87	597.6
431.279	593.4
431.666	580.8
432.075	596.6
432.484	595.2
432.893	598.2
433.302	613.4
433.711	640.6
434.099	609.2
434.508	610.2
434.918	612.8
435.327	628.4
435.737	637
436.125	637.6
436.534	646.6
436.944	658.6
437.353	667.8
437.763	685.4
438.173	669.6
438.561	684
438.971	667.4
439.381	681.8
439.791	690.4
440.201	688
440.589	714.8
440.999	721.8
441.409	724.4
441.819	707.4
442.23	737.4
442.619	750.6
443.029	749.4
443.439	746.8
443.85	756.2
444.26	778
444.649	763
445.06	756.2
445.471	755
445.881	763
446.292	781.6
446.682	793
447.092	764.6
447.503	825.8
447.914	775.4
448.325	781.6
448.715	785.4
449.126	784.6
449.537	786
449.948	783
450.338	788.2
450.75	806.2
451.161	795.6
451.572	789.4
451.984	791.4
452.374	785.6
452.786	799.8
453.197	803.6
453.609	803.8
453.999	796.4
454.411	796.8
454.823	805
455.235	804.8
455.647	794
456.037	813.8
456.449	788.8
456.862	799.6
457.274	804
457.665	788.2
458.077	812.6
458.489	826.6
458.902	799
459.293	803
459.705	806
460.118	791.2
460.53	807.2
460.921	806.4
461.334	812.8
461.747	797.6
462.16	812.4
462.551	809.4
462.964	816.4
463.377	786.8
463.79	806.8
464.182	818
464.595	812
465.008	807.4
465.421	822.8
465.813	811
466.226	807.4
466.64	811.4
467.053	859.4
467.445	821.8
467.859	821.2
468.272	820.8
468.686	831.6
469.078	808.2
469.492	803
469.906	807.8
470.298	823.6
470.712	800.6
471.126	823.6
471.54	801
471.933	807.4
472.347	803.4
472.761	794.6
473.175	791.8
473.568	787.6
473.982	800.2
474.397	799
474.79	804.2
475.204	806
475.619	804.4
476.033	800.4
476.426	800
476.841	789.2
477.256	818
477.649	778.2
478.064	777.8
478.479	780
478.872	793
479.287	783
479.702	785.8
480.118	779.2
480.511	781.4
480.927	791.4
481.342	776
481.736	785.2
482.151	768.6
482.566	796.4
482.96	774.4
483.376	784.8
483.792	765.2
484.186	775.8
484.602	776.4
485.017	756.4
485.412	766
485.827	776.6
486.243	781.6
486.638	781.4
487.054	778
487.47	776
487.865	759
488.281	758.8
488.697	753.8
489.092	755.4
489.508	746.6
489.925	771.2
490.32	750.2
490.736	758.8
491.153	758.2
491.548	754.2
491.964	748.8
492.381	730.8
492.776	738.6
493.193	742
493.61	749.4
494.006	737
494.422	749.2
494.84	732.4
495.235	739.8
495.652	731.2
496.069	731.4
496.465	714.2
496.883	739.2
497.3	751.8
497.696	723.4
498.113	737.6
498.509	711.8
498.927	701.8
499.344	720
499.741	713.4
500.158	720.6
500.576	728.2
500.973	716.4
501.39	702
501.787	703.2
502.205	707.6
502.623	694.8
503.02	706.2
503.438	703.6
503.856	696.2
504.253	698.6
504.671	695.2
505.068	697.8
505.486	691.8
505.905	707.2
506.302	696.6
506.72	706.2
507.118	676
507.536	685.4
507.955	699.8
508.352	691.6
508.771	686.2
509.169	687.2
509.587	681.4
510.006	686.4
510.404	673
510.823	672.8
511.221	677.2
511.64	674
512.038	684.8
512.457	674
512.877	676.2
513.275	673.2
513.694	671
514.092	666.2
514.512	671.6
514.91	676.6
515.33	665.2
515.749	656.4
516.148	662.8
516.568	670.8
516.966	661.2
517.386	655.6
517.785	663
518.205	652.6
518.603	657.8
519.024	654
519.444	659.8
519.843	671.2
520.263	658.2
520.662	656.2
521.082	651
521.481	655
521.902	645.8
522.301	659.4
522.722	640.6
523.121	644.2
523.542	639.6
523.963	647
524.362	644.4
524.783	647.4
525.183	647.2
525.604	648.4
526.003	633.2
526.425	638.8
526.824	634
527.246	649
527.646	633
528.067	630.8
528.467	638
528.888	636
529.289	624
529.71	626.2
530.11	621.2
530.532	627.8
530.932	617.6
531.354	615.8
531.755	660
532.176	631
532.577	617.2
532.999	620.4
533.4	622.2
533.822	625.8
534.223	640
534.645	619.6
535.046	617.8
535.468	622.4
535.869	631.8
536.292	611.8
536.693	644.6
537.115	626.2
537.516	620.2
537.939	615.2
538.34	630.4
538.742	621
539.165	615.8
539.566	608.2
539.989	613
540.391	611.6
540.814	608.2
541.216	604.6
541.639	613.8
542.041	613.8
542.464	614.6
542.866	605
543.268	590
543.691	608.4
544.093	609.8
544.517	626.4
544.919	591.2
545.343	620.6
545.745	601.8
546.147	595.2
546.571	593.2
546.974	588.4
547.398	602.4
547.8	611.8
548.224	597.6
548.627	591.8
549.03	596.8
549.454	598.4
549.857	580.2
550.281	587
550.684	589.4
551.087	608.2
551.512	597
551.915	602.2
552.34	593.4
552.743	590.2
553.146	591.8
553.571	583.6
553.975	607.8
554.399	580
554.803	634.6
555.207	590.8
555.632	577.6
556.036	587.4
556.461	587.4
556.865	579.8
557.268	580.2
557.694	574.6
558.098	591.4
558.502	590.8
558.927	586.2
559.332	584.4
559.736	578.2
560.162	584.8
560.566	593.2
560.992	580.6
561.396	585.8
561.801	578
562.227	584.6
562.631	578.4
563.036	581.2
563.462	593.4
563.867	575.2
564.272	565.4
564.698	581.6
565.103	568.2
565.508	597.2
565.935	581.4
566.34	587.6
566.745	586.8
567.172	573.2
567.577	589.4
567.982	586.6
568.409	574.8
568.815	572.2
569.22	581.8
569.626	578.4
570.053	562.8
570.459	582.8
570.865	564
571.292	580.4
571.698	581.6
572.104	565.4
572.531	570.8
572.937	582.8
573.343	571.2
573.75	560.4
574.177	569.6
574.583	579.8
574.99	576.8
575.396	575
575.824	562
576.231	580.6
576.637	566.4
577.065	594.4
577.472	569
577.879	575.8
578.286	580.4
578.714	563.4
579.121	565.4
579.528	568.8
579.935	576.4
580.364	571.6
580.771	555.2
581.178	552.6
581.585	573.6
582.014	563
582.421	551.6
582.829	559.4
583.236	566.4
583.644	555.8
584.073	570.8
584.481	558.4
584.889	559.2
585.296	574.8
585.726	565.4
586.134	552.2
586.542	558.4
586.95	585.8
587.358	558.2
587.787	550.2
588.196	568.6
588.604	555.8
589.012	563.8
589.421	547.6
589.851	552.6
590.259	563.4
590.668	559.2
591.076	598.8
591.485	560.4
591.894	553
592.324	556
592.733	575.4
593.142	547
593.551	550.6
593.96	567
594.369	539
594.8	557.2
595.209	550.2
595.618	539.6
596.028	550
596.437	550.8
596.847	552.2
597.256	559.4
597.687	561.4
598.097	554.4
598.507	547.8
598.917	552
599.327	555
599.736	554.4
600.146	567.8
600.556	548.4
600.988	557.8
601.398	546.8
601.808	558.6
602.219	533.4
602.629	552.8
603.039	554
603.45	581.6
603.86	559.2
604.271	555.4
604.703	557.8
605.114	553.2
605.525	554.6
605.935	557.6
606.346	570
606.757	556
607.168	551.2
607.579	548.8
607.99	557
608.402	550
608.813	558.8
609.224	551.8
609.636	545
610.047	553.2
610.48	555.8
610.892	562.2
611.303	562.6
611.715	545.8
612.127	542.8
612.539	541.8
612.95	548
613.362	539.2
613.774	537.4
614.186	543.6
614.599	540.8
615.011	558.2
615.423	552.4
615.835	561.2
616.248	543.8
616.66	565.8
617.073	549.2
617.485	552.2
617.898	552.8
618.311	557.8
618.723	545.8
619.136	575.4
619.549	560.8
619.962	570.6
620.375	540.2
620.788	544.6
621.201	549.8
621.614	556.4
622.028	540
622.441	548.6
622.854	562.6
623.268	545.6
623.681	550.8
624.095	552.2
624.509	556.4
624.922	555.2
625.336	536.6
625.728	554
626.142	562.4
626.556	565.2
626.97	552.8
627.384	543.4
627.799	551.4
628.213	560.2
628.627	550.6
629.041	550.6
629.456	547.8
629.87	556.2
630.285	559
630.699	553.2
631.093	548.4
631.507	551.4
631.922	558.2
632.337	559.6
632.752	535.2
633.167	543
633.582	548.4
633.997	551.4
634.412	547.6
634.806	545
635.221	547.8
635.637	563.8
636.052	538.8
636.468	555
636.883	558.6
637.299	544
637.715	540.6
638.109	546.6
638.525	538.4
638.941	558
639.357	538.6
639.773	562
640.189	538.4
640.584	539.6
641	542.4
641.416	536.2
641.832	541.4
642.249	540.8
642.665	543.2
643.06	551.8
643.477	554.8
643.894	533.4
644.31	537.6
644.727	547
645.123	535.4
645.54	535.8
645.957	537
646.374	555
646.77	547.6
647.187	573.4
647.604	543.6
648.021	531
648.439	537.4
648.835	542.8
649.252	541.8
649.67	542.6
650.088	540.4
650.484	540.2
650.902	546
651.32	550.4
651.738	537.2
652.134	545.4
652.552	560.8
652.971	550.8
653.389	537
653.786	558.8
654.204	563.2
654.622	533
655.019	541.2
655.438	543.8
655.857	546.4
656.275	548.6
656.673	535.2
657.091	541.2
657.51	542.8
657.908	553.8
658.327	559.6
658.746	536.4
659.144	538.8
659.563	559.6
659.982	544
660.38	538.2
660.8	549.6
661.219	552.8
661.617	551
662.037	540.6
662.457	552
662.855	540.6
663.275	577.2
663.695	546
664.094	545.6
664.514	551.6
664.934	544
665.333	547
665.753	542.4
666.152	535.2
666.572	545
666.993	551.2
667.392	540
667.812	545.4
668.212	537.2
668.632	548.2
669.053	532
669.453	544.8
669.874	549.2
670.273	544
670.694	536.4
671.116	555.2
671.515	554.8
671.937	551.2
672.337	534.8
672.758	540.2
673.158	548.8
673.58	543
673.98	550.4
674.402	553
674.824	549.2
675.224	539.8
675.646	536.4
676.047	539.2
676.469	540
676.869	541.8
677.292	546.2
677.693	529.6
678.115	539.2
678.516	549.8
678.939	541.4
679.34	547
679.762	549.8
680.164	546.2
680.586	541.2
680.988	543
681.411	567.6
681.812	539.8
682.236	528.6
682.637	536.8
683.061	537.8
683.462	548.6
683.864	534.8
684.288	543.6
684.69	531.8
685.114	544.8
685.516	545.4
685.94	534
686.342	548.2
686.766	534.4
687.168	537.2
687.571	561.2
687.995	547
688.398	530
688.822	537.2
689.225	548.6
689.628	552.4
690.052	542.8
690.456	542
690.88	546
691.284	540
691.687	553.8
692.112	533.8
692.515	529.2
692.919	542
693.344	546.6
693.747	541.2
694.173	528.2
694.577	550.2
694.98	532.2
695.406	535.6
695.81	538
696.214	536.4
696.64	540.4
697.044	542.4
697.448	551
697.874	541.4
698.279	535.2
698.684	525.2
699.11	529.8
699.514	535.4
699.919	529.8
700.324	536.8
700.75	545
701.156	540.8
701.561	547
701.987	550.2
702.393	547.2
702.798	548.6
703.203	541.6
703.63	539.2
704.036	531.2
704.442	543.2
704.847	539.8
705.274	535.6
705.68	543.2
706.086	551.4
706.492	531.4
706.92	547
707.326	544.6
707.732	534.2
708.139	541.2
708.545	526
708.973	538.4
709.38	538
709.786	533.2
710.193	554.8
710.6	540
711.028	534.2
711.435	535.8
711.842	537.8
712.249	538
712.656	542.6
713.064	547.2
713.492	533.6
713.9	535.2
714.307	540.6
714.715	545.6
715.123	536.8
715.53	544.2
715.938	541.4
716.367	541.4
716.775	532
717.184	528
717.592	539.8
718	548.2
718.408	578.8
718.816	575.2
719.225	546
719.633	536.6
720.042	535.4
720.472	532
720.881	559.2
721.29	543.2
721.699	532
722.108	537.8
722.517	540.8
722.926	534.4
723.335	548.8
723.744	535.2
724.154	540.6
724.563	545.4
724.973	547.2
725.382	539
725.792	543.2
726.202	530
726.612	557
727.022	537.2
727.432	529
779.813	532.6
780.223	582.8
780.634	538.4
781.044	535.2
781.454	534.4
781.865	542
782.276	536.4
782.686	551.8
783.097	536
783.508	540.2
783.919	541.2
784.33	558.2
784.741	556.6
785.152	536.2
785.563	529
785.974	531.8
786.386	551.6
786.776	532.8
787.188	535.4
787.599	527
788.011	546.4
788.423	543.2
788.835	534
789.247	529.4
789.659	534.6
790.071	534
790.483	571.2
790.874	531.4
791.286	541.8
791.699	539.2
792.111	531.6
792.524	538.4
792.937	537.6
793.349	527
793.741	527
794.154	524.8
794.567	549
794.98	539.4
795.393	526.8
795.785	549
796.198	529
796.612	541.8
797.026	529.6
797.439	522.4
797.831	520.4
798.245	529
798.659	528.8
799.073	531.6
799.487	528
799.88	534
800.294	531
800.708	539.8
801.123	529.2
801.516	555
801.93	525
802.345	519.4
802.76	534.2
803.153	545.8
803.568	550.6
803.983	546.2
804.377	530.8
804.792	525.2
805.207	529.4
805.601	536.6
806.016	567
806.432	533.6
806.826	566.4
807.242	554.4
807.658	545.8
808.052	530.4
808.468	529.2
808.884	525
809.279	534.8
809.695	548.4
810.111	554.4
810.506	538.8
810.922	553.4
811.339	531
811.734	547.8
812.151	534.4
812.546	533.2
812.963	533.4
813.38	539.6
813.776	537.8
814.193	546
814.589	530.6
815.006	532.4
815.402	538.4
815.82	530.4
816.237	533.8
816.633	541.4
817.051	517.8
817.448	540.6
817.866	528.6
818.262	561.4
818.68	536
819.077	529.4
819.495	541.4
819.892	568.2
820.311	531.4
820.708	538.2
821.127	533
821.524	546.8
821.943	540.2
822.34	552.6
822.759	536.8
823.157	543
823.576	552.4
823.974	537.8
824.393	556.4
824.791	531.6
825.189	528.2
825.609	540.8
826.007	537
826.427	525.6
826.826	532.8
827.246	536
827.644	521
828.043	547.4
828.463	528.8
828.862	533.2
829.261	535.2
829.682	525.6
830.081	539.6
830.502	523.2
830.901	542.2
831.301	543.4
831.722	525.6
832.121	534.8
832.521	534.8
832.943	536.2
833.342	528.4
833.742	529.4
834.164	529.2
834.564	520.6
834.965	528.6
835.386	529.4
835.787	532.8
836.188	528
836.588	531.8
837.01	536.6
837.411	527.4
837.812	538
838.213	536.2
838.636	523.6
839.037	589.2
839.438	533.8
839.84	532.2
840.263	544.2
840.664	533.2
841.066	542.8
841.468	528.6
841.891	523.8
842.293	540.4
842.695	533.8
843.098	539.4
843.5	526
843.902	535.6
844.326	533.4
844.729	527
845.131	537.4
845.534	535.6
845.937	539.8
846.34	541.2
846.764	526
847.167	531.6
847.571	527.4
847.974	534.6
848.377	526.4
848.781	572.6
849.184	545.4
849.588	530.4
849.992	528.4
850.396	527.8
850.821	549.4
851.225	535.4
851.63	535.6
852.034	552
852.438	532.6
852.843	609
853.247	524.4
853.652	528.8
854.057	542.6
854.462	537.8
854.867	543.4
855.272	560.6
855.677	544.8
856.082	525.8
856.487	521
856.893	537.4
857.298	529
857.704	523.2
858.11	535
858.516	544.6
858.922	531.2
859.328	537
859.734	534.2
860.14	536
860.525	529
860.931	528
861.338	531.4
861.745	531.2
862.151	541.2
862.558	537.2
862.965	529.6
863.372	533
863.779	524.4
864.186	559.2
864.572	527.6
864.98	544.8
865.387	566
865.795	526.6
866.203	538.8
866.61	523.4
867.018	537.6
867.405	540.8
867.813	534.6
868.221	536.6
868.63	528.8
869.038	535.4
869.425	561.4
869.834	534
870.243	525.8
870.652	526.8
871.039	529.8
871.448	534.2
871.857	532.2
872.266	539.2
872.654	529.6
873.064	527.4
873.473	543.6
873.883	531.4
874.271	528.4
874.681	544
875.091	518.4
875.48	548
875.89	546.8
876.3	529.6
876.689	524.2
877.1	529.6
877.51	536.4
877.9	551
878.31	529.2
878.721	572.4
879.111	667.8
879.522	536.4
879.933	528
880.323	528.2
880.734	524.6
881.125	535.8
881.536	532.6
881.948	526
882.338	543.6
882.75	542
883.141	523
883.553	532.6
883.944	555.2
884.356	545
884.769	534
885.16	532.2
885.573	528
885.964	526.4
886.377	532.2
886.768	525.2
887.181	524
887.573	521.6
887.987	533.6
888.378	548
888.792	535
889.184	568.2
889.598	528.2
889.99	527.6
890.383	524.6
890.797	522.8
891.19	540.2
891.604	527
891.997	521.2
892.411	519
892.805	527.8
893.198	528.8
893.613	518.8
894.006	526
894.421	529
894.815	524.6
895.209	523.6
895.624	566.2
896.018	542.6
896.412	533
896.828	532.8
897.222	527.8
897.617	532
898.033	551.8
898.427	533.8
898.822	523.4
899.239	523.6
899.634	526.4
900.029	543.6
900.424	521
900.841	520.2
901.236	543.4
901.632	537
902.027	583
902.445	539.2
902.841	529.6
903.237	533.6
903.633	543.8
904.05	544.6
904.447	529.8
904.843	532.6
905.24	532
905.636	521.6
906.033	529.6
906.451	543.2
906.848	519.6
907.246	519.6
907.643	532.6
908.04	527.6
908.438	552.4
908.835	536
909.254	528.2
909.652	533.4
910.05	522.8
910.448	528.8
910.846	533
911.244	519.4
911.643	537
912.041	533.8
912.44	546.6
912.839	532.4
913.237	536.2
913.636	524.8
914.035	548.4
914.434	525.8
914.834	542.6
915.233	533.6
915.633	535
916.032	527.4
916.432	523.4
916.832	540.8
917.232	526.8
917.632	525.6
918.032	536.2
918.432	527.4
918.833	531.2
919.233	527.2
919.634	521.2
920.035	532.8
920.436	524.6
920.837	534
921.238	523
921.639	527
922.019	532
922.42	532.6
922.822	530.4
923.224	528.4
923.625	526.6
924.027	521.6
924.429	548
924.81	528
925.212	529.6
925.615	527.2
926.017	522
926.42	543.4
926.801	525.8
927.204	530.2
927.607	533.6
928.01	536.6
928.413	530.4
928.795	515.8
929.199	533.8
929.602	525.8
930.006	524
930.388	520.2
930.792	528.6
931.196	532.6
931.579	561.6
931.983	523.6
932.388	575
932.771	517.2
933.176	515.8
933.58	532.2
933.964	540.8
934.369	526.2
934.774	532
935.158	524.4
935.563	525.4
935.947	525.6
936.353	531.4
936.759	522.2
937.143	530
937.549	523.6
937.934	536.4
938.34	543
938.746	518
939.131	517
939.538	518.8
939.923	532
940.33	527
940.716	527
941.123	524
941.508	532.2
941.916	543.8
942.302	541.6
942.709	526.2
943.096	526.6
943.503	532.4
943.89	530.8
944.298	524.8
944.685	554.8
945.072	527.4
945.48	540
945.867	522.4
946.276	528.4
946.663	551.8
947.051	541.8
947.46	531.6
947.848	532.8
948.257	521.8
948.645	535.6
949.033	524
949.443	521.2
949.831	567.6
950.22	522.2
950.63	535.6
951.018	551.6
951.407	528
951.796	520.6
952.207	531.8
952.596	532.4
952.985	525.4
953.375	573
953.786	527.4
954.176	519.4
954.566	536.4
954.956	519.8
955.367	525.8
955.758	552.8
956.148	523.6
956.539	530
956.929	520.4
957.341	521.4
957.732	530.4
958.123	538.8
958.515	518.6
958.906	536.4
959.297	515.6
959.689	524.4
960.102	520.4
960.494	533.6
960.886	530
961.278	528.4
961.67	559
962.062	560.6
962.455	528.2
962.847	524.8
963.24	519
963.633	530.2
964.026	514.8
964.419	529.8
964.812	535.6
965.206	522.8
965.599	536
965.993	528.6
966.386	530.2
966.78	541
967.174	534
967.569	522
967.963	525.6
968.357	526.8
968.752	516.8
969.146	519.4
969.541	517
969.936	533.2
970.331	534.8
970.705	523.8
971.1	529.2
971.496	539.4
971.892	518.4
972.287	528.2
972.683	522.6
973.079	533.4
973.454	538
973.85	533.4
974.247	537.8
974.643	551.6
975.04	532.6
975.415	527.2
975.812	525
976.209	534
976.607	518
976.982	532
977.38	541.6
977.778	525.8
978.175	514.6
978.552	527.4
978.95	529.6
979.348	530.6
979.725	563.6
980.123	520.4
980.522	523.4
980.899	518.4
981.298	513.8
981.697	522
982.075	515.4
982.474	519.4
982.852	529
983.251	529.6
983.651	515.4
984.029	529.8
984.429	520.6
984.808	512.6
985.208	511.2
985.609	510
985.987	512.2
986.388	521.6
986.768	527
987.168	513
987.548	536.2
987.949	532.8
988.329	531
988.731	505
989.111	520.8
989.491	521.6
989.893	522.4
990.273	537.8
990.676	516.2
991.057	520.4
991.459	510.6
991.84	522.2
992.221	514.6
992.624	542.6
993.006	527
993.388	529.8
993.791	529.6
994.173	525.6
994.576	548.4
994.959	518.6
995.341	515.8
995.724	522.6
996.128	528.4
996.511	526
996.894	527.2
997.298	521.6
997.681	532
998.065	530.4
998.448	527.4
998.854	541
999.237	515
999.621	532.6
1000.01	543.8
1000.39	525.8
1000.8	529.4
1001.18	542.2
1001.56	534.4
1001.95	545.6
1002.33	534
1002.72	524.8
1003.13	521.4
1003.51	517.6
1003.9	526.6
1004.28	541.4
1004.67	523
1005.06	532.6
1005.44	560.4
1005.83	520.2
1006.21	527
1006.6	523.4
1006.99	534.6
1007.37	525.2
1007.76	534.8
1060.12	520.8
1060.51	522.8
1060.89	534.4
1061.28	529
1061.67	530.6
1062.06	531.6
1062.45	534.8
1062.83	522.8
1063.22	540.4
1063.61	565.6
1064	530
1064.39	524.6
1064.78	526.2
1065.14	538.2
1065.53	527
1065.92	524
1066.31	516.6
1066.7	530
1067.09	533.8
1067.46	539.2
1067.85	523.4
1068.24	529.2
1068.63	541
1069.02	518.2
1069.39	536.2
1069.78	526.2
1070.17	521.4
1070.57	514.6
1070.93	521.2
1071.33	519.2
1071.72	522.6
1072.11	519.8
1072.48	520
1072.87	530.6
1073.26	525.8
1073.64	519.2
1074.03	520.6
1074.4	521.8
1074.79	517
1075.19	530.8
1075.56	528.4
1075.95	527.6
1076.34	528.6
1076.72	529.2
1077.11	534.2
1077.48	530
1077.88	527
1078.25	524.6
1078.64	528.4
1079.02	527.2
1079.41	530.8
1079.78	520.8
1080.18	512.8
1080.55	581.2
1080.95	520.6
1081.32	517.6
1081.72	528.4
1082.09	524.2
1082.49	516.6
1082.86	520.6
1083.24	513
1083.63	510
1084.01	523
1084.38	525.6
1084.78	517.2
1085.16	525.8
1085.55	536.4
1085.93	538
1086.31	526.8
1086.7	552.2
1087.08	529.8
1087.46	522.8
1087.83	518.8
1088.23	533.8
1088.61	528.2
1088.99	528.8
1089.36	520.6
1089.76	520
1090.14	526.6
1090.52	521.6
1090.9	519.8
1091.27	532
1091.67	550.2
1092.05	531.6
1092.43	515.6
1092.81	519.8
1093.19	531.2
1093.57	522.6
1093.95	519.2
1094.35	535.8
1094.73	533.2
1095.11	514
1095.49	526.2
1095.87	524.2
1096.25	538.2
1096.63	537.6
1097.01	518.8
1097.39	532.4
1097.77	527.8
1098.15	537.6
1098.53	515.6
1098.91	527.4
1099.29	524.2
1099.68	545.4
1100.06	532.8
1100.44	520.2
1100.82	524.8
1101.18	528.2
1101.56	525
1101.95	520.8
1102.33	520
1102.71	532.2
1103.1	520.8
1103.48	510.4
1103.86	514.2
1104.22	524.6
1104.61	523.4
1104.99	518.4
1105.38	514.4
1105.76	522.8
1106.12	521
1106.51	558.8
1106.89	528.2
1107.26	520.6
1107.64	528
1108.03	520.2
1108.41	519.4
1108.78	532.4
1109.16	535
1109.55	528.6
1109.91	524
1110.3	514.2
1110.69	533.8
1111.05	519.6
1111.44	520.2
1111.8	529
1112.19	528.6
1112.58	525.4
1112.94	515.8
1113.33	530.4
1113.7	524.6
1114.09	522.4
1114.45	528.8
1114.84	525.4
1115.21	530.8
1115.6	521
1115.96	526.2
1116.35	526.6
1116.72	518.2
1117.11	536.4
1117.48	520.2
1117.85	526
1118.24	534.6
1118.6	527
1118.99	513
1119.36	522
1119.73	518
1120.12	527
1120.49	514.4
1120.86	529.2
1121.25	522.6
1121.62	511.6
1121.99	507.2
1122.38	526.6
1122.76	525.4
1123.13	517.4
1123.5	524.2
1123.89	524.4
1124.26	512.6
1124.63	522.2
1125	514.2
1125.4	516.2
1125.77	516.6
1126.14	508.6
1126.51	524.6
1126.88	522.8
1127.26	508.2
1127.63	507
1128.02	509.8
1128.4	513.8
1128.77	518
1129.14	522.8
1129.52	518.4
1129.89	521.2
1130.26	511.4
1130.64	511.4
1131.01	524.2
