#lambda/nm	C1
208.295	473
208.67	431.8
209.045	394
209.419	399.4
209.794	570.6
210.169	551.8
210.544	673
210.919	572.6
211.295	550.8
211.67	567.6
212.045	564.2
212.421	566.6
212.796	597.6
213.172	563.6
213.547	566.2
213.923	566.2
214.299	561.2
214.675	574
215.051	577
215.427	569.2
215.803	582.4
216.179	578.4
216.555	563.6
216.932	579.4
217.308	573.2
217.684	568.6
218.061	582.6
218.438	573.8
218.814	577.4
219.191	580
219.568	563.4
219.945	570
220.322	569
220.699	571.6
221.076	573.6
221.453	572.8
221.83	573
222.208	568
222.585	559
222.962	579.6
223.34	575.2
223.717	569.2
224.095	567.4
224.473	571.8
224.851	570
225.229	569
225.607	585
225.985	556
226.363	573.6
226.741	573.8
227.119	564
227.497	581.8
227.876	559.8
228.254	574.6
228.633	576.6
229.011	575.4
229.39	578
229.769	576.4
230.148	582.6
230.527	586.8
230.905	571.8
231.284	580.6
231.664	563.6
232.043	581.2
232.422	587.6
232.801	561
233.181	570.2
233.56	569.8
233.94	562
234.319	565
234.699	570.4
235.079	608
235.458	605.2
235.838	589.2
236.218	565
236.598	566.2
236.978	565.2
237.358	566.6
237.738	569.6
238.119	578.2
238.499	559.8
238.88	572.4
239.26	586.2
239.641	566.4
240.021	564
240.402	572.2
240.783	573.8
241.163	568.8
241.544	574.2
241.925	577.6
242.306	583.6
242.687	572
243.069	578.8
243.45	576.8
243.831	561.8
244.212	567.4
244.594	597
244.975	580.4
245.357	576.2
245.739	566
246.12	567.6
246.502	572
246.884	570.2
247.266	572.6
247.648	568.8
248.03	586
248.412	573.4
248.794	572.6
249.176	572.4
249.559	586
249.941	568
250.323	557
250.706	564.8
251.089	574.6
251.471	571.6
251.854	573.6
252.237	571.2
252.62	577.2
253.002	565.4
253.385	575.4
253.769	590.8
254.152	574.6
254.535	577.4
254.918	562.2
255.301	568
255.685	570.4
256.068	565.8
256.452	590.6
256.835	571
257.219	575.6
257.603	580.2
257.986	560
258.37	577.4
258.754	556.6
259.138	574.6
259.522	586
259.906	571.6
260.29	581
260.675	572.4
261.059	577.8
261.443	566.4
261.828	577.6
262.212	578
262.597	554.4
262.981	567.6
263.366	576.6
263.751	573.8
264.136	572.6
264.521	570.8
264.906	563.8
265.291	574.6
265.676	560.6
266.061	579.8
266.446	590.4
266.831	581.8
267.217	589
267.602	573.6
267.987	574
268.373	564.4
268.759	583.8
269.144	576.6
269.53	573.2
269.916	563.4
270.302	570.2
270.688	581.6
271.074	575
271.46	589
271.846	608
272.232	575.2
272.618	560
273.004	569
273.391	578.8
273.777	585.8
274.164	574.4
274.55	583
274.937	569.6
275.324	575.8
275.71	579.6
276.097	579.6
276.484	568.4
276.871	569.4
277.258	579
277.645	563
278.032	569.2
278.419	573.6
278.807	573.2
279.194	566
279.581	568
279.969	571.6
280.356	570.6
280.744	567.2
281.131	589
281.519	580.8
281.907	560.4
282.295	566.6
282.682	582.4
283.07	569.8
283.458	571
283.846	582
284.235	581.8
284.623	579
285.011	565.6
285.399	574.4
285.788	571.8
286.176	563
286.565	590
286.953	568
287.342	569.4
287.731	568.8
288.119	568
288.508	571.4
288.897	571.8
289.286	561.4
289.675	576
290.064	578
290.453	566.8
290.821	568.4
291.21	588.6
291.599	572.4
291.989	578.2
292.378	586
292.768	584.6
293.157	578.2
293.547	581.6
293.936	576
294.326	565.8
294.716	571.2
295.106	565.2
295.496	578.8
295.886	585.4
296.276	571.4
296.666	568
297.056	558.6
297.446	562.2
297.836	587
298.227	570.2
298.617	571
299.008	576.6
299.398	569
299.789	565
300.179	584.2
300.57	588.4
300.961	573.6
301.352	561
301.742	582
302.133	578.6
302.524	576.4
302.915	572.4
303.307	568.2
303.698	588.8
304.089	583
304.48	576.2
304.872	577.8
305.263	571.8
305.655	567
306.046	577
306.438	576
306.829	570.8
307.221	580.6
307.613	581.4
308.005	586.8
308.397	581.8
308.789	597.8
309.181	596.6
309.573	588.8
309.965	586
310.357	578.2
310.749	568.4
311.142	561.6
311.534	566.2
311.926	575.4
312.319	573
312.711	568.6
313.104	584.8
313.497	568.4
313.889	608.8
314.282	583
314.675	594.2
315.068	575
315.461	575
315.854	599.6
316.247	575.2
316.64	568.4
317.033	574.4
317.405	582.2
317.798	565.2
318.192	580
318.585	568.4
318.979	577
319.372	561.2
319.766	567.2
320.16	582.8
320.553	595.2
320.947	589.2
321.341	561.8
321.735	579
322.129	555.8
322.523	595
322.917	564.2
323.311	584.6
323.705	567.2
324.099	566
324.494	585.4
324.888	578.4
325.282	574.2
325.677	585.8
326.071	580.2
326.466	584.4
326.861	578
327.255	592.2
327.65	585.8
328.045	585.8
328.44	579.6
328.835	567.2
329.23	569.8
329.625	590
330.02	570
330.415	594.6
330.81	567.4
331.206	576
331.601	568.2
331.996	575
332.37	594.8
332.766	562.2
333.161	587.4
333.557	569.6
333.953	571
334.348	828.6
334.744	567.4
335.14	566
335.536	569.8
335.932	578.4
336.328	571.4
336.724	585.2
337.12	571.2
337.516	575.6
337.913	574.8
338.309	588
338.705	565.6
339.102	583.6
339.498	567.8
339.895	576.2
340.291	566.4
340.688	572.8
341.085	566.4
341.481	569.2
341.878	567.4
342.275	595
342.672	560.2
343.069	564.6
343.466	557.8
343.842	587
344.239	561
344.636	568.4
345.033	563.2
345.431	561.2
345.828	570
346.225	564.2
346.623	600.8
347.02	568.4
347.418	581
347.816	588.4
348.213	568
348.611	578.8
349.009	558
349.407	574.4
349.805	555.8
350.203	557
350.601	580.6
350.999	571.2
351.397	626.6
351.795	578.2
352.193	579.6
352.57	565.6
352.969	582.4
353.367	560.8
353.766	564
354.164	571.8
354.563	576.6
354.961	571
355.36	554.8
355.759	568.4
356.158	556.6
356.557	560.2
356.956	563.2
357.355	559.8
357.754	576
358.153	578.4
358.552	594.4
358.951	564.4
359.35	586.6
359.75	569.2
360.149	561.2
360.527	551.4
360.926	565.4
361.326	570.4
361.726	567.6
362.125	557.6
362.525	581.6
362.925	567.2
363.325	570.6
363.724	562.2
364.124	549.6
364.524	560.8
364.924	560
365.324	582.2
365.725	562.6
366.125	573.8
366.525	571.4
366.904	561.8
367.304	551.2
367.705	579.8
368.105	582.4
368.506	564.4
368.906	568.8
369.307	574
369.708	572.8
370.108	558.2
370.509	573
370.91	562.8
371.311	569.2
371.712	559.4
372.113	571.6
372.514	552.4
372.894	565
373.295	559
373.696	568.6
374.097	575
374.499	588.4
374.9	569.6
375.301	562
375.703	567.4
376.105	557.6
376.506	566.6
376.908	566.8
377.309	566.2
377.711	564
378.113	560.4
378.493	563.4
378.895	550
379.297	579.8
379.699	548.4
380.102	555.8
380.504	567
380.906	565.4
381.308	595
381.71	554
382.113	572.2
382.515	560
382.918	564.6
383.299	565.6
383.701	564.2
384.104	567.2
384.507	547.2
384.909	562
385.312	555.6
385.715	541.8
386.118	557.4
386.521	554
386.924	569.2
387.327	555.8
387.709	554.6
388.112	548
388.515	563
388.918	564
389.322	569
389.725	563.6
390.129	583.2
390.532	561.8
390.936	559.2
391.339	554
391.743	562.8
392.125	557
392.529	567.4
392.933	573.2
393.337	560.6
393.74	565.8
394.144	563.4
394.548	558.4
394.953	564.4
395.357	562.8
395.761	553.6
396.144	563.4
396.548	561.2
396.952	557.8
397.357	563.6
397.761	552.8
398.166	560.8
398.57	569.4
398.975	557.8
399.379	560
399.763	611.6
400.168	566.6
400.572	564.8
400.977	559.8
401.382	572
401.787	580.8
402.192	579.8
402.597	580.8
403.002	551.4
403.386	579.8
403.791	577.8
404.197	558.4
404.602	562
405.007	566.8
405.413	570
405.818	570.6
406.224	558.2
406.608	560
407.014	559.6
407.42	581.4
407.825	561.6
408.231	573.2
408.637	569.6
409.043	575.8
409.449	564.8
409.834	555.2
410.24	563.2
410.646	575
411.052	569
411.458	568
411.865	565.4
412.271	569.6
412.677	554.4
413.062	567.8
413.469	551.6
413.875	587.4
414.282	578.4
414.689	566
415.095	570.4
415.502	565.4
415.888	558.8
416.294	547
416.701	599.2
417.108	559.6
417.515	564.2
417.923	564.2
418.33	582.8
418.715	577.4
419.123	557.4
419.53	556.8
419.937	576.2
420.345	582.8
420.752	559.6
421.16	575.4
421.546	561.4
421.953	569.2
422.361	569.8
422.769	558.8
423.177	559.8
423.585	593.2
423.992	585.8
424.379	578.2
424.787	570.4
425.195	579.8
425.603	567.6
426.011	576.6
426.419	574.8
426.806	568.4
427.214	566
427.623	576.6
428.031	580.2
428.44	574.4
428.848	584.4
429.235	576.4
429.644	580.6
430.053	567.8
430.461	586.2
430.87	592.2
431.279	582.8
431.666	571.8
432.075	584.6
432.484	598.6
432.893	589.6
433.302	609.6
433.711	631.6
434.099	601.2
434.508	606.4
434.918	601.8
435.327	619.4
435.737	618.2
436.125	627.8
436.534	620
436.944	632
437.353	640.2
437.763	652
438.173	634.4
438.561	658.4
438.971	631.2
439.381	648.8
439.791	658.8
440.201	646.4
440.589	665.2
440.999	673.4
441.409	670
441.819	658.2
442.23	694
442.619	688.2
443.029	682
443.439	689.8
443.85	697.4
444.26	704
444.649	693
445.06	691.6
445.471	684.8
445.881	704
446.292	714
446.682	726.8
447.092	697.6
447.503	752.8
447.914	714
448.325	704.8
448.715	712
449.126	707.4
449.537	714.6
449.948	717.4
450.338	717.8
450.75	729
451.161	721.6
451.572	725
451.984	711.4
452.374	707
452.786	718
453.197	722.4
453.609	721
453.999	703.8
454.411	714.6
454.823	727
455.235	736
455.647	718.4
456.037	730.4
456.449	715.6
456.862	735
457.274	726.4
457.665	716.8
458.077	724.8
458.489	755.8
458.902	724.6
459.293	732.6
459.705	727.6
460.118	726.2
460.53	740.2
460.921	726.2
461.334	727.8
461.747	727
462.16	747.4
462.551	738.8
462.964	738.6
463.377	713.8
463.79	736.8
464.182	747.2
464.595	721
465.008	739.2
465.421	745.8
465.813	725.2
466.226	727
466.64	723.6
467.053	774.6
467.445	747.8
467.859	749
468.272	731.6
468.686	737.2
469.078	729.6
469.492	721
469.906	722.6
470.298	730.8
470.712	718
471.126	748.2
471.54	713.8
471.933	735.2
472.347	722.4
472.761	710.6
473.175	719
473.568	724
473.982	706.2
474.397	719.2
474.79	720.8
475.204	726
475.619	717.8
476.033	721.2
476.426	720.6
476.841	715.2
477.256	749.8
477.649	713
478.064	711
478.479	697.8
478.872	715.8
479.287	699.8
479.702	712.2
480.118	720.6
480.511	715.2
480.927	714.4
481.342	695.2
481.736	712
482.151	700.6
482.566	711.4
482.96	710.2
483.376	709.4
483.792	703.2
484.186	710.2
484.602	696.6
485.017	706.2
485.412	710.8
485.827	711.4
486.243	701.4
486.638	710.2
487.054	704.6
487.47	706.6
487.865	705
488.281	699.2
488.697	695.6
489.092	694.8
489.508	691.2
489.925	700.8
490.32	680.8
490.736	701.8
491.153	693.6
491.548	695
491.964	703.6
492.381	674.2
492.776	696
493.193	688
493.61	692.2
494.006	681.4
494.422	684.6
494.84	672.4
495.235	689.8
495.652	677.2
496.069	676.8
496.465	671.2
496.883	675.2
497.3	709.8
497.696	675.4
498.113	682
498.509	670.8
498.927	667.6
499.344	660.6
499.741	674
500.158	688.6
500.576	676.4
500.973	666.2
501.39	664.8
501.787	655.6
502.205	664.4
502.623	651.4
503.02	654.6
503.438	650.2
503.856	651.8
504.253	651.8
504.671	656.8
505.068	647
505.486	651.2
505.905	661.2
506.302	646
506.72	670
507.118	636.4
507.536	649.8
507.955	650.4
508.352	636.4
508.771	651.8
509.169	658.6
509.587	637.8
510.006	642.2
510.404	631.2
510.823	635.6
511.221	640.8
511.64	640
512.038	648.2
512.457	633.4
512.877	644.2
513.275	636.4
513.694	634.2
514.092	637
514.512	640.8
514.91	648.8
515.33	630.2
515.749	637.4
516.148	631.2
516.568	632.4
516.966	633.6
517.386	621.4
517.785	632.6
518.205	619.6
518.603	620.2
519.024	624.8
519.444	632.4
519.843	631.4
520.263	627.8
520.662	637.2
521.082	633.6
521.481	630
521.902	630.6
522.301	627.8
522.722	618.8
523.121	615.6
523.542	615.4
523.963	625.8
524.362	621.2
524.783	613.8
525.183	614.8
525.604	624.6
526.003	613.8
526.425	605
526.824	615.4
527.246	611.2
527.646	614.6
528.067	614.6
528.467	608
528.888	616.6
529.289	603
529.71	606
530.11	594.2
530.532	599.8
530.932	609.8
531.354	604.8
531.755	633.4
532.176	603
532.577	600
532.999	604
533.4	606.6
533.822	612.6
534.223	606.8
534.645	608.4
535.046	604.2
535.468	592.2
535.869	611
536.292	593.4
536.693	625.4
537.115	609.2
537.516	593.4
537.939	599.2
538.34	608.4
538.742	606
539.165	592.8
539.566	595.8
539.989	585.4
540.391	592.8
540.814	598.4
541.216	594.6
541.639	592
542.041	601.8
542.464	590.4
542.866	586
543.268	590
543.691	595
544.093	596.8
544.517	606.2
544.919	588.6
545.343	613.2
545.745	577.6
546.147	591.4
546.571	591.8
546.974	580.6
547.398	586
547.8	596.4
548.224	587.4
548.627	579.2
549.03	586
549.454	584.2
549.857	568.6
550.281	574.6
550.684	574.6
551.087	590.4
551.512	588.2
551.915	587.6
552.34	580
552.743	577
553.146	584
553.571	579.6
553.975	602.6
554.399	577.6
554.803	621.2
555.207	574
555.632	577.4
556.036	576.2
556.461	564.4
556.865	585.8
557.268	577.6
557.694	576.4
558.098	586.4
558.502	581
558.927	563.8
559.332	574
559.736	578.2
560.162	580.8
560.566	579.2
560.992	579.8
561.396	575
561.801	572.8
562.227	580.6
562.631	575
563.036	572.4
563.462	584.2
563.867	572.8
564.272	563.4
564.698	583.4
565.103	566
565.508	586
565.935	570.6
566.34	567.4
566.745	585.2
567.172	566.8
567.577	589
567.982	587.4
568.409	584.2
568.815	552.8
569.22	573.6
569.626	573
570.053	554.2
570.459	573.6
570.865	571.2
571.292	568.8
571.698	576.6
572.104	558.8
572.531	556.8
572.937	572.6
573.343	573.4
573.75	564.6
574.177	568.8
574.583	583.2
574.99	563.8
575.396	568
575.824	562.2
576.231	572.2
576.637	568
577.065	587.8
577.472	556.4
577.879	566.4
578.286	581.6
578.714	560.4
579.121	557.2
579.528	561.6
579.935	580.8
580.364	562.4
580.771	554.2
581.178	552.4
581.585	564.2
582.014	571
582.421	554.6
582.829	557.8
583.236	569.8
583.644	551.4
584.073	555.8
584.481	565
584.889	550.6
585.296	565.2
585.726	565.6
586.134	550.4
586.542	552.4
586.95	571.4
587.358	548.6
587.787	554
588.196	572.6
588.604	564.8
589.012	549.6
589.421	553.8
589.851	558.4
590.259	564
590.668	553.6
591.076	598
591.485	552.6
591.894	553.4
592.324	566.8
592.733	576.4
593.142	546.2
593.551	554.8
593.96	590.4
594.369	545.6
594.8	549.2
595.209	560
595.618	549.2
596.028	556.8
596.437	551.8
596.847	549.8
597.256	563.4
597.687	564.2
598.097	554.2
598.507	539.2
598.917	559.8
599.327	558.2
599.736	559.8
600.146	573
600.556	558.4
600.988	564.8
601.398	553
601.808	562.6
602.219	547.2
602.629	554
603.039	559.6
603.45	583.6
603.86	559.6
604.271	569.8
604.703	557.4
605.114	551.6
605.525	556.4
605.935	562.2
606.346	591.6
606.757	559.4
607.168	556.4
607.579	549.2
607.99	572.6
608.402	560.2
608.813	558.8
609.224	554.4
609.636	551.2
610.047	567.8
610.48	562
610.892	566.6
611.303	562.4
611.715	564.8
612.127	551.4
612.539	557.2
612.95	569.4
613.362	549.8
613.774	553.4
614.186	559.2
614.599	563.2
615.011	576.4
615.423	560.2
615.835	556.8
616.248	557.4
616.66	568.4
617.073	557.6
617.485	554.4
617.898	570.8
618.311	565
618.723	564.6
619.136	583.6
619.549	577.6
619.962	590.6
620.375	564.6
620.788	567.2
621.201	566.6
621.614	572.4
622.028	564.6
622.441	569.4
622.854	582
623.268	561.8
623.681	573
624.095	569.8
624.509	568
624.922	574.6
625.336	554.4
625.728	562.2
626.142	573.6
626.556	592.8
626.97	578.6
627.384	566.6
627.799	567.4
628.213	570.4
628.627	570.4
629.041	561.8
629.456	558.4
629.87	559.2
630.285	570.6
630.699	568.8
631.093	556.6
631.507	575.4
631.922	561.2
632.337	571.2
632.752	544.8
633.167	557.8
633.582	562.8
633.997	554.4
634.412	558
634.806	565.6
635.221	562.6
635.637	567.4
636.052	554.4
636.468	559.4
636.883	583.2
637.299	559.8
637.715	551.8
638.109	557.8
638.525	547.4
638.941	569.8
639.357	573.2
639.773	572.6
640.189	557.8
640.584	557.6
641	556.2
641.416	546.8
641.832	554.6
642.249	555.2
642.665	560.8
643.06	554
643.477	566
643.894	537.8
644.31	549.8
644.727	559.2
645.123	553
645.54	553.4
645.957	557.8
646.374	561.2
646.77	554.4
647.187	580.4
647.604	556.6
648.021	544.8
648.439	545.2
648.835	568.2
649.252	551.2
649.67	551.4
650.088	551.2
650.484	563
650.902	554
651.32	565.4
651.738	549.8
652.134	559.6
652.552	579.4
652.971	551.8
653.389	552
653.786	574.4
654.204	572
654.622	547.6
655.019	552.6
655.438	560.4
655.857	558.6
656.275	559.8
656.673	549.4
657.091	559.4
657.51	540
657.908	557.4
658.327	561.6
658.746	541
659.144	554.4
659.563	561.4
659.982	550.6
660.38	541.6
660.8	547.4
661.219	565.4
661.617	556.6
662.037	557.2
662.457	563.8
662.855	539.6
663.275	581.2
663.695	551.6
664.094	552.6
664.514	551.8
664.934	546.6
665.333	555
665.753	540.8
666.152	542.4
666.572	533.6
666.993	562.2
667.392	542.6
667.812	541.4
668.212	542
668.632	556.2
669.053	541.2
669.453	551
669.874	544.8
670.273	545
670.694	538.8
671.116	555
671.515	546
671.937	547.8
672.337	547.2
672.758	540.4
673.158	550.4
673.58	537
673.98	548
674.402	551.2
674.824	548
675.224	545.2
675.646	535.8
676.047	547.6
676.469	547.4
676.869	550.4
677.292	549.2
677.693	540.2
678.115	539.2
678.516	545.2
678.939	543.6
679.34	539
679.762	556.8
680.164	550.4
680.586	538.2
680.988	544.4
681.411	565.8
681.812	533.8
682.236	532.8
682.637	530.2
683.061	533.2
683.462	547.6
683.864	537.8
684.288	548
684.69	531.4
685.114	553.4
685.516	550.4
685.94	533.2
686.342	553.8
686.766	543.2
687.168	537.8
687.571	565
687.995	544.8
688.398	536
688.822	545.8
689.225	565
689.628	570
690.052	544
690.456	554.6
690.88	545.4
691.284	537.6
691.687	555.8
692.112	539.8
692.515	540
692.919	554.4
693.344	539.4
693.747	541.2
694.173	539
694.577	557.8
694.98	545.8
695.406	535.6
695.81	541.8
696.214	550.4
696.64	545.6
697.044	542.6
697.448	557
697.874	543
698.279	541
698.684	542.6
699.11	528
699.514	537.6
699.919	534.2
700.324	536.2
700.75	541.8
701.156	548.2
701.561	550.2
701.987	551.4
702.393	546
702.798	555.2
703.203	539
703.63	528.4
704.036	534
704.442	545.6
704.847	532.6
705.274	536.2
705.68	548.2
706.086	548.8
706.492	534.2
706.92	540.8
707.326	554
707.732	540
708.139	532.4
708.545	536.6
708.973	537.6
709.38	550.2
709.786	534.8
710.193	561.8
710.6	549.4
711.028	544.8
711.435	540.4
711.842	539
712.249	538.6
712.656	543.6
713.064	551.2
713.492	535.4
713.9	538.8
714.307	538.6
714.715	535.2
715.123	547
715.53	544.8
715.938	557.8
716.367	542.4
716.775	536.6
717.184	531.2
717.592	542
718	551.6
718.408	574.6
718.816	583.8
719.225	541.2
719.633	545.8
720.042	536.4
720.472	533.8
720.881	565.6
721.29	540.6
721.699	538.2
722.108	540.8
722.517	542.6
722.926	540.6
723.335	542
723.744	546.4
724.154	547
724.563	549.8
724.973	546.6
725.382	543.8
725.792	536.4
726.202	524.6
726.612	560.2
727.022	546
727.432	538.8
779.813	535.4
780.223	580.2
780.634	534.4
781.044	535.4
781.454	537.2
781.865	553.8
782.276	533.4
782.686	544.6
783.097	544.4
783.508	535.8
783.919	543.6
784.33	551.8
784.741	558.8
785.152	534.8
785.563	524.4
785.974	531
786.386	547.6
786.776	537.6
787.188	542.2
787.599	530.6
788.011	544.4
788.423	547
788.835	535.4
789.247	532
789.659	541.4
790.071	534.8
790.483	583.2
790.874	532.8
791.286	549.4
791.699	539.8
792.111	539.6
792.524	543.8
792.937	534.4
793.349	534.8
793.741	530.6
794.154	542.4
794.567	556.6
794.98	541
795.393	531.2
795.785	553.8
796.198	535.6
796.612	545.6
797.026	535
797.439	521.6
797.831	542.4
798.245	532
798.659	537.8
799.073	539.6
799.487	540.4
799.88	535.4
800.294	537.2
800.708	535.8
801.123	544.2
801.516	554.2
801.93	529
802.345	535.4
802.76	543.2
803.153	553.4
803.568	547.6
803.983	544.8
804.377	541.4
804.792	532.8
805.207	527.4
805.601	533
806.016	572.2
806.432	531.2
806.826	567.6
807.242	553.8
807.658	536.4
808.052	530.6
808.468	532.4
808.884	534
809.279	540
809.695	550.4
810.111	561
810.506	542
810.922	561.2
811.339	535.6
811.734	541.4
812.151	532.2
812.546	535.4
812.963	538
813.38	546.2
813.776	542
814.193	556.4
814.589	528
815.006	528.8
815.402	529.4
815.82	528.8
816.237	533.6
816.633	530.8
817.051	524.4
817.448	533.6
817.866	529
818.262	550.2
818.68	532.4
819.077	537.8
819.495	540.2
819.892	574.2
820.311	534.6
820.708	529.2
821.127	535.8
821.524	541.2
821.943	538.6
822.34	556.8
822.759	541
823.157	534.2
823.576	544.2
823.974	543.4
824.393	556.4
824.791	533
825.189	534.4
825.609	537.2
826.007	541.4
826.427	529.8
826.826	535.2
827.246	540
827.644	526.8
828.043	543.8
828.463	529.8
828.862	544.2
829.261	542.6
829.682	528
830.081	543.2
830.502	533.2
830.901	543.2
831.301	552.2
831.722	527.2
832.121	537.2
832.521	534
832.943	540.6
833.342	541.8
833.742	533
834.164	537.2
834.564	534.6
834.965	533.8
835.386	538.6
835.787	536.6
836.188	538.4
836.588	540.6
837.01	545
837.411	541.6
837.812	542.2
838.213	547.8
838.636	541.6
839.037	598.2
839.438	536.8
839.84	537
840.263	546.8
840.664	537.8
841.066	535.2
841.468	540
841.891	533.4
842.293	545.4
842.695	542.6
843.098	551.6
843.5	530.2
843.902	531.2
844.326	542.8
844.729	538.2
845.131	537.8
845.534	531.2
845.937	549.2
846.34	541.6
846.764	528.4
847.167	538.2
847.571	525.8
847.974	533.4
848.377	532.2
848.781	573
849.184	548.2
849.588	538.4
849.992	531.8
850.396	538.6
850.821	555.2
851.225	537.6
851.63	528.6
852.034	547.4
852.438	537.4
852.843	563.4
853.247	534
853.652	528.2
854.057	548
854.462	542.2
854.867	543
855.272	563
855.677	543
856.082	529.2
856.487	529.6
856.893	537.6
857.298	537.2
857.704	531.8
858.11	538.2
858.516	546.8
858.922	533.2
859.328	541.8
859.734	534.8
860.14	539
860.525	537.6
860.931	529.6
861.338	532.4
861.745	543.6
862.151	543.6
862.558	531.2
862.965	526.6
863.372	536.6
863.779	527.8
864.186	554.8
864.572	538.4
864.98	552.2
865.387	565
865.795	527.8
866.203	552.6
866.61	526.8
867.018	545.2
867.405	545.2
867.813	541
868.221	537.6
868.63	529.8
869.038	539.8
869.425	568.8
869.834	534.4
870.243	536.2
870.652	532.6
871.039	532.4
871.448	537.6
871.857	546.2
872.266	528.8
872.654	536
873.064	532
873.473	541.6
873.883	530.2
874.271	532.8
874.681	542.8
875.091	521.2
875.48	552
875.89	542.8
876.3	536
876.689	522
877.1	538.2
877.51	538
877.9	548
878.31	533
878.721	561.2
879.111	662.8
879.522	537
879.933	527.6
880.323	528.2
880.734	529.4
881.125	534.2
881.536	533.8
881.948	527.6
882.338	538.8
882.75	533.8
883.141	537.2
883.553	537.8
883.944	565.6
884.356	535.6
884.769	528
885.16	531.2
885.573	526.2
885.964	530.2
886.377	534.6
886.768	530.6
887.181	533.4
887.573	534
887.987	542
888.378	547
888.792	544.6
889.184	582.6
889.598	523
889.99	536.6
890.383	529.2
890.797	521
891.19	546.8
891.604	528
891.997	528
892.411	528.4
892.805	525.8
893.198	528.2
893.613	519
894.006	539.4
894.421	523.2
894.815	534.4
895.209	530.6
895.624	575
896.018	541.8
896.412	524.8
896.828	538.4
897.222	539.4
897.617	531.4
898.033	551.2
898.427	534
898.822	531
899.239	524.4
899.634	530.2
900.029	550.6
900.424	528.6
900.841	526.2
901.236	544.2
901.632	542.4
902.027	589.6
902.445	539.4
902.841	535.8
903.237	530.2
903.633	543.8
904.05	542.4
904.447	539.2
904.843	542.4
905.24	529.4
905.636	524.8
906.033	530
906.451	540.4
906.848	529.2
907.246	539.2
907.643	531.6
908.04	539.8
908.438	553.8
908.835	538
909.254	524.8
909.652	535
910.05	531
910.448	532.4
910.846	532
911.244	523.6
911.643	531.8
912.041	535.8
912.44	538.6
912.839	518.4
913.237	514.8
913.636	530.6
914.035	528.2
914.434	528.8
914.834	540.4
915.233	534
915.633	523
916.032	527.2
916.432	531.4
916.832	543.4
917.232	531.8
917.632	523.6
918.032	539.8
918.432	531
918.833	535.6
919.233	527.8
919.634	519
920.035	536.2
920.436	521
920.837	535
921.238	520.6
921.639	531.6
922.019	531.8
922.42	532.4
922.822	540.6
923.224	534
923.625	528.2
924.027	532.8
924.429	555.6
924.81	533.4
925.212	534.2
925.615	531.4
926.017	539.4
926.42	542.2
926.801	536.6
927.204	531.2
927.607	535.4
928.01	533.4
928.413	533.8
928.795	516.2
929.199	535
929.602	534.2
930.006	532.8
930.388	526.6
930.792	532.6
931.196	533.8
931.579	569.6
931.983	523.2
932.388	579
932.771	531.4
933.176	524
933.58	537
933.964	539
934.369	525
934.774	536.8
935.158	529.6
935.563	533.8
935.947	533.6
936.353	542.4
936.759	529.4
937.143	529.2
937.549	538.2
937.934	540.6
938.34	548.4
938.746	526.4
939.131	532.6
939.538	525.4
939.923	533.8
940.33	524.4
940.716	536
941.123	533.8
941.508	536.6
941.916	547.8
942.302	530.2
942.709	526.6
943.096	529.8
943.503	532.4
943.89	530.8
944.298	520.6
944.685	554.6
945.072	527.8
945.48	541
945.867	525.8
946.276	530.2
946.663	545.8
947.051	542.2
947.46	537
947.848	534.8
948.257	532.6
948.645	540
949.033	528.6
949.443	530.2
949.831	575
950.22	527
950.63	539.8
951.018	567.6
951.407	534.2
951.796	531
952.207	536.6
952.596	538.6
952.985	528.2
953.375	566.8
953.786	533.8
954.176	525.4
954.566	538.8
954.956	527
955.367	528
955.758	552.6
956.148	525.4
956.539	537.2
956.929	528
957.341	522.4
957.732	524.4
958.123	542.6
958.515	523.2
958.906	539.6
959.297	533.8
959.689	530.6
960.102	529
960.494	524.6
960.886	531.8
961.278	524.6
961.67	556.8
962.062	566.8
962.455	534.2
962.847	523.2
963.24	528
963.633	524.8
964.026	518
964.419	529.8
964.812	532.2
965.206	531.6
965.599	532.4
965.993	533.6
966.386	536.6
966.78	541
967.174	545.8
967.569	532.4
967.963	526.6
968.357	524.4
968.752	519.2
969.146	528.4
969.541	532.8
969.936	529.2
970.331	535.4
970.705	534.2
971.1	530
971.496	533.4
971.892	525.6
972.287	527
972.683	527.6
973.079	525.4
973.454	546
973.85	544
974.247	536.4
974.643	558.8
975.04	530.8
975.415	534
975.812	520.4
976.209	531
976.607	521
976.982	543.6
977.38	540.8
977.778	529.6
978.175	527
978.552	533.6
978.95	536
979.348	537.4
979.725	567.6
980.123	528
980.522	522.6
980.899	530.4
981.298	535.6
981.697	538.4
982.075	530.8
982.474	533
982.852	529.8
983.251	538.4
983.651	532.8
984.029	540.2
984.429	528.4
984.808	523.8
985.208	531.2
985.609	517.2
985.987	517.8
986.388	527.8
986.768	532
987.168	524.8
987.548	534.8
987.949	542
988.329	536.6
988.731	516.8
989.111	532.4
989.491	527.4
989.893	533.4
990.273	540.6
990.676	515.4
991.057	521
991.459	525
991.84	532.8
992.221	522.2
992.624	541.4
993.006	537.6
993.388	539.6
993.791	542.4
994.173	537.6
994.576	559
994.959	516.6
995.341	526.6
995.724	536.4
996.128	527.6
996.511	534
996.894	535.2
997.298	527.6
997.681	533
998.065	531
998.448	523.8
998.854	541.2
999.237	533
999.621	533.2
1000.01	541.8
1000.39	525.8
1000.8	519.2
1001.18	540.8
1001.56	532.4
1001.95	531.2
1002.33	534.4
1002.72	523.8
1003.13	526.8
1003.51	528.6
1003.9	521.6
1004.28	540.2
1004.67	521.2
1005.06	533.6
1005.44	563.2
1005.83	515.4
1006.21	525.2
1006.6	519.2
1006.99	539.2
1007.37	524
1007.76	529
1060.12	526.4
1060.51	524.8
1060.89	538
1061.28	541.8
1061.67	538.4
1062.06	539.4
1062.45	535
1062.83	522
1063.22	535.8
1063.61	562.6
1064	531.2
1064.39	524.2
1064.78	530.4
1065.14	539.2
1065.53	528.2
1065.92	531.4
1066.31	528.4
1066.7	530.4
1067.09	539.2
1067.46	541.6
1067.85	521.2
1068.24	528.6
1068.63	535.8
1069.02	519
1069.39	529
1069.78	517
1070.17	528.2
1070.57	527.8
1070.93	534.8
1071.33	524.8
1071.72	530.2
1072.11	522.4
1072.48	521.2
1072.87	538
1073.26	532.6
1073.64	521.4
1074.03	532.6
1074.4	530.6
1074.79	521.8
1075.19	533.6
1075.56	531.2
1075.95	527.6
1076.34	530.2
1076.72	526.6
1077.11	535.4
1077.48	539
1077.88	534.4
1078.25	526.2
1078.64	530.8
1079.02	524.6
1079.41	539
1079.78	525
1080.18	530.6
1080.55	582.4
1080.95	523
1081.32	523.2
1081.72	532.6
1082.09	529
1082.49	528
1082.86	527.6
1083.24	513
1083.63	517
1084.01	525.8
1084.38	537.8
1084.78	525.6
1085.16	526.4
1085.55	533.4
1085.93	538
1086.31	511.4
1086.7	553.4
1087.08	537
1087.46	526.4
1087.83	522.2
1088.23	539.6
1088.61	534.6
1088.99	528
1089.36	525.4
1089.76	527.2
1090.14	528.6
1090.52	522.2
1090.9	522
1091.27	538.6
1091.67	545.2
1092.05	530.6
1092.43	525.2
1092.81	538.4
1093.19	535.4
1093.57	526
1093.95	523.6
1094.35	544
1094.73	533
1095.11	519
1095.49	528.6
1095.87	527.4
1096.25	541.4
1096.63	537.2
1097.01	530.8
1097.39	531.6
1097.77	524.8
1098.15	526.2
1098.53	525.6
1098.91	532.2
1099.29	526.2
1099.68	533.4
1100.06	539.6
1100.44	530.4
1100.82	532
1101.18	534.6
1101.56	529
1101.95	532
1102.33	530
1102.71	525.8
1103.1	523.8
1103.48	523.2
1103.86	516.8
1104.22	529.6
1104.61	521.2
1104.99	534.8
1105.38	516
1105.76	531.8
1106.12	524.2
1106.51	558.2
1106.89	529.6
1107.26	527.2
1107.64	536.8
1108.03	532.4
1108.41	528
1108.78	524.8
1109.16	526.4
1109.55	534
1109.91	516.4
1110.3	512
1110.69	531
1111.05	520.8
1111.44	527.8
1111.8	531.2
1112.19	526.6
1112.58	530.4
1112.94	515.8
1113.33	534.4
1113.7	518.4
1114.09	531
1114.45	517.6
1114.84	528.8
1115.21	530.6
1115.6	521.2
1115.96	523.6
1116.35	526.2
1116.72	520.8
1117.11	540.4
1117.48	529.2
1117.85	520.2
1118.24	540.2
1118.6	528.2
1118.99	516.6
1119.36	533.2
1119.73	531.4
1120.12	532.4
1120.49	518.8
1120.86	531.2
1121.25	523.2
1121.62	513.8
1121.99	518.8
1122.38	531
1122.76	529.2
1123.13	522.4
1123.5	537.8
1123.89	542.2
1124.26	525.4
1124.63	527
1125	523.2
1125.4	519
1125.77	515.4
1126.14	516.8
1126.51	530.6
1126.88	528
1127.26	524.2
1127.63	524.4
1128.02	522.2
1128.4	517
1128.77	524.4
1129.14	529.4
1129.52	528.4
1129.89	536.2
1130.26	518
1130.64	521.4
1131.01	519.6
