#lambda/nm	C1
208.295	476.8
208.67	433.2
209.045	392.8
209.419	395.6
209.794	568.6
210.169	546.8
210.544	658.2
210.919	575.6
211.295	554.8
211.67	574.4
212.045	568
212.421	567
212.796	602.6
213.172	566
213.547	567.6
213.923	575
214.299	563.8
214.675	578.4
215.051	573
215.427	579.2
215.803	596.6
216.179	580.8
216.555	567
216.932	577.2
217.308	572.6
217.684	573.8
218.061	582
218.438	576.2
218.814	568.2
219.191	583.6
219.568	570.4
219.945	559.8
220.322	577.4
220.699	575.8
221.076	577.4
221.453	574
221.83	569.4
222.208	572.6
222.585	572.4
222.962	574.6
223.34	578.2
223.717	571.2
224.095	567.2
224.473	574.2
224.851	563.6
225.229	561.4
225.607	587
225.985	553.8
226.363	569.8
226.741	571.6
227.119	564
227.497	588
227.876	566.6
228.254	578.6
228.633	572.4
229.011	570.8
229.39	580.2
229.769	573.2
230.148	575.8
230.527	587.8
230.905	573
231.284	572.4
231.664	563.6
232.043	587.4
232.422	573.4
232.801	563.8
233.181	583.2
233.56	568
233.94	570.6
234.319	562
234.699	573.6
235.079	608.4
235.458	600.8
235.838	579.8
236.218	565.6
236.598	562
236.978	567
237.358	567
237.738	572.6
238.119	565.6
238.499	560.2
238.88	572.8
239.26	586.2
239.641	553.4
240.021	565.2
240.402	569.4
240.783	566.8
241.163	568.8
241.544	567.2
241.925	572.8
242.306	581.4
242.687	567.6
243.069	582.6
243.45	566.8
243.831	562.2
244.212	569
244.594	601.8
244.975	572.4
245.357	575
245.739	572.4
246.12	577
246.502	585.4
246.884	573.2
247.266	564.8
247.648	572.8
248.03	585.8
248.412	569.2
248.794	575.4
249.176	568.2
249.559	568.6
249.941	565.4
250.323	566
250.706	558
251.089	567.8
251.471	566.8
251.854	577.6
252.237	569.4
252.62	577.2
253.002	568.6
253.385	570.6
253.769	568.8
254.152	577.8
254.535	582.8
254.918	559.6
255.301	568.6
255.685	565
256.068	571.4
256.452	590.8
256.835	586.4
257.219	584.4
257.603	582.4
257.986	561.4
258.37	573.2
258.754	564.8
259.138	574.8
259.522	580
259.906	566
260.29	566.8
260.675	573.4
261.059	569.4
261.443	569.2
261.828	577.6
262.212	574
262.597	556.6
262.981	569.2
263.366	573.4
263.751	571
264.136	566
264.521	571.8
264.906	563.2
265.291	576.4
265.676	558.4
266.061	580.4
266.446	588.2
266.831	577.2
267.217	585.2
267.602	570.8
267.987	570.6
268.373	567.2
268.759	583.4
269.144	574.8
269.53	574
269.916	569.2
270.302	563
270.688	578.2
271.074	567.8
271.46	580.6
271.846	603.4
272.232	570.2
272.618	567.8
273.004	570.6
273.391	578
273.777	582.4
274.164	571.8
274.55	580
274.937	571.8
275.324	573.2
275.71	569.6
276.097	581.8
276.484	566
276.871	572.2
277.258	577.6
277.645	559
278.032	570
278.419	569
278.807	581
279.194	572.8
279.581	558.2
279.969	581.4
280.356	574.4
280.744	570.8
281.131	588
281.519	584.4
281.907	561.4
282.295	560.6
282.682	584.6
283.07	570.4
283.458	582.2
283.846	582.4
284.235	576.2
284.623	581
285.011	567
285.399	575.6
285.788	571.2
286.176	561.8
286.565	581.4
286.953	567
287.342	563.8
287.731	560
288.119	559.8
288.508	567.4
288.897	565.4
289.286	566
289.675	571.6
290.064	583.6
290.453	568.6
290.821	574
291.21	587.8
291.599	569
291.989	563.6
292.378	579.6
292.768	583.8
293.157	582.4
293.547	575.8
293.936	569
294.326	564.8
294.716	580.8
295.106	564.6
295.496	577.6
295.886	574.8
296.276	569.2
296.666	563.6
297.056	576.4
297.446	565
297.836	581
298.227	567.8
298.617	570.6
299.008	577
299.398	570.6
299.789	561.4
300.179	572.6
300.57	592.2
300.961	559
301.352	561
301.742	571.8
302.133	566.6
302.524	566
302.915	573.8
303.307	558.8
303.698	582
304.089	575.6
304.48	561
304.872	571.8
305.263	560.4
305.655	573.8
306.046	576.2
306.438	580.4
306.829	568.4
307.221	578.6
307.613	570.4
308.005	582.8
308.397	584.8
308.789	590.2
309.181	597.6
309.573	587.2
309.965	582.8
310.357	562.2
310.749	571.2
311.142	561.6
311.534	564.2
311.926	582.8
312.319	572
312.711	557.4
313.104	586.2
313.497	565.8
313.889	611.8
314.282	588
314.675	602.8
315.068	563.8
315.461	578
315.854	599.6
316.247	575.2
316.64	569.6
317.033	577.6
317.405	581
317.798	574.2
318.192	575.4
318.585	563.4
318.979	578.6
319.372	565.6
319.766	570
320.16	579
320.553	588
320.947	593.4
321.341	562.8
321.735	568.8
322.129	561.6
322.523	595.4
322.917	556.2
323.311	584.8
323.705	574.4
324.099	576
324.494	592.4
324.888	587
325.282	568.2
325.677	585
326.071	590
326.466	585.8
326.861	581.2
327.255	586
327.65	585.6
328.045	576
328.44	572.8
328.835	568
329.23	567.4
329.625	595.2
330.02	570.6
330.415	590.4
330.81	574
331.206	582.2
331.601	563.6
331.996	573.8
332.37	594.4
332.766	564.6
333.161	598.2
333.557	570
333.953	575.4
334.348	852.6
334.744	577.8
335.14	569.6
335.536	569.4
335.932	584
336.328	572.8
336.724	583.6
337.12	572
337.516	567
337.913	579
338.309	585.8
338.705	570.6
339.102	581.4
339.498	566.2
339.895	587.8
340.291	569.6
340.688	581
341.085	566.4
341.481	581.2
341.878	567.8
342.275	589
342.672	571.4
343.069	571
343.466	564.4
343.842	579.4
344.239	570
344.636	578
345.033	567.4
345.431	567.8
345.828	567
346.225	567.6
346.623	608.4
347.02	571
347.418	582.6
347.816	580.6
348.213	561
348.611	571
349.009	564
349.407	577.2
349.805	558.4
350.203	562.6
350.601	577.6
350.999	564.6
351.397	631.8
351.795	570.2
352.193	574.8
352.57	575.8
352.969	574.6
353.367	560.6
353.766	560.2
354.164	570.8
354.563	573
354.961	571
355.36	567.8
355.759	570.2
356.158	562.2
356.557	560
356.956	556.2
357.355	555.8
357.754	582.2
358.153	576.2
358.552	590
358.951	568
359.35	576
359.75	562.2
360.149	560.4
360.527	560.2
360.926	570.6
361.326	567.2
361.726	560.4
362.125	555.4
362.525	571.4
362.925	572.2
363.325	567.4
363.724	562.6
364.124	561.2
364.524	563.2
364.924	568.2
365.324	574.4
365.725	554
366.125	567.2
366.525	566
366.904	566.4
367.304	549.2
367.705	576.2
368.105	575.8
368.506	568
368.906	560.4
369.307	562
369.708	572.2
370.108	552
370.509	574
370.91	551.6
371.311	554.8
371.712	571.6
372.113	569.4
372.514	557.4
372.894	570.2
373.295	564.4
373.696	576
374.097	573.2
374.499	588.6
374.9	568.4
375.301	561.2
375.703	568.8
376.105	556.4
376.506	566.6
376.908	561.8
377.309	557.4
377.711	567.2
378.113	561.8
378.493	558.2
378.895	560.2
379.297	569
379.699	549
380.102	563.8
380.504	559.4
380.906	561.4
381.308	594.2
381.71	561.8
382.113	564.2
382.515	561.4
382.918	569
383.299	563.2
383.701	577.4
384.104	567.6
384.507	547.8
384.909	563.4
385.312	554.8
385.715	546.6
386.118	561.8
386.521	548
386.924	577
387.327	555.4
387.709	556.2
388.112	548.2
388.515	560.6
388.918	560.6
389.322	562
389.725	563.4
390.129	580.8
390.532	567.6
390.936	559.8
391.339	555.4
391.743	563.6
392.125	555.6
392.529	570.8
392.933	567.2
393.337	562
393.74	557.4
394.144	566.4
394.548	553.4
394.953	561.8
395.357	573.4
395.761	555.2
396.144	559.6
396.548	561
396.952	562.4
397.357	557.8
397.761	550.8
398.166	559.6
398.57	559.8
398.975	562.4
399.379	565
399.763	609.2
400.168	562.2
400.572	553.8
400.977	553.4
401.382	580
401.787	566.6
402.192	574.2
402.597	582
403.002	547.2
403.386	569.8
403.791	579
404.197	557.2
404.602	554
405.007	559
405.413	556.2
405.818	563.4
406.224	555.6
406.608	553
407.014	559.2
407.42	575
407.825	563
408.231	570
408.637	570
409.043	578
409.449	557
409.834	556.8
410.24	566.4
410.646	572.8
411.052	571
411.458	566
411.865	576
412.271	570.4
412.677	560.2
413.062	568.2
413.469	560.6
413.875	583.6
414.282	576.8
414.689	567.8
415.095	572.2
415.502	561.2
415.888	559.6
416.294	557.2
416.701	600.4
417.108	563.2
417.515	578.8
417.923	558.2
418.33	591.6
418.715	572.4
419.123	564.4
419.53	566
419.937	564.4
420.345	579.6
420.752	559.6
421.16	587
421.546	568.2
421.953	574.8
422.361	558
422.769	566.2
423.177	564.2
423.585	584.6
423.992	587.6
424.379	575.8
424.787	571.8
425.195	593.4
425.603	562
426.011	578.8
426.419	575.6
426.806	564
427.214	571.2
427.623	582.8
428.031	588.2
428.44	569.8
428.848	594.6
429.235	590.2
429.644	580.6
430.053	582.2
430.461	599
430.87	614.8
431.279	592.8
431.666	591.6
432.075	606.2
432.484	608.8
432.893	614
433.302	640
433.711	671.4
434.099	635.4
434.508	652
434.918	645.2
435.327	666.4
435.737	668.4
436.125	688.2
436.534	693.8
436.944	700.6
437.353	714.6
437.763	740.8
438.173	711
438.561	746
438.971	734.4
439.381	744.4
439.791	759.2
440.201	735.2
440.589	780.6
440.999	785
441.409	788.4
441.819	777.8
442.23	818
442.619	797.4
443.029	819.8
443.439	818.8
443.85	826.4
444.26	846.6
444.649	829.6
445.06	831.2
445.471	832.4
445.881	840.6
446.292	850.4
446.682	867.6
447.092	839.8
447.503	890.4
447.914	840
448.325	855.6
448.715	856.2
449.126	854.6
449.537	867.6
449.948	871
450.338	876
450.75	879.6
451.161	861.8
451.572	883.8
451.984	874.4
452.374	867.2
452.786	878.2
453.197	878
453.609	873.4
453.999	867.6
454.411	866
454.823	893.4
455.235	900.8
455.647	881.6
456.037	889.2
456.449	871.6
456.862	885.6
457.274	894
457.665	880.2
458.077	893
458.489	918.2
458.902	887.4
459.293	900.8
459.705	895.4
460.118	891.4
460.53	890.4
460.921	878.4
461.334	893.8
461.747	885.4
462.16	906
462.551	894.2
462.964	888.8
463.377	864.8
463.79	879.8
464.182	898.6
464.595	875.6
465.008	901.6
465.421	899.6
465.813	895
466.226	900.8
466.64	868
467.053	926.4
467.445	901.4
467.859	884
468.272	890.6
468.686	902.2
469.078	888
469.492	879.2
469.906	882.4
470.298	876.6
470.712	879.6
471.126	900.2
471.54	865.8
471.933	878
472.347	894.4
472.761	879.4
473.175	868.4
473.568	877.6
473.982	876.4
474.397	879
474.79	868.6
475.204	877.4
475.619	861.6
476.033	870.2
476.426	872.4
476.841	860.4
477.256	881
477.649	856.6
478.064	853.6
478.479	855.6
478.872	856.6
479.287	836.8
479.702	855
480.118	850
480.511	852
480.927	847.8
481.342	839.8
481.736	854.6
482.151	841.6
482.566	858.6
482.96	839.4
483.376	863.2
483.792	828
484.186	838.8
484.602	832.4
485.017	842.2
485.412	840.2
485.827	835.4
486.243	830.2
486.638	848.2
487.054	829
487.47	844
487.865	818
488.281	820.2
488.697	815.2
489.092	812.8
489.508	807.6
489.925	824
490.32	804
490.736	823.4
491.153	817
491.548	801.2
491.964	807.8
492.381	787
492.776	806
493.193	800.8
493.61	801.8
494.006	811.8
494.422	793.2
494.84	781.2
495.235	795.6
495.652	780.4
496.069	789.4
496.465	782.8
496.883	771.2
497.3	796.8
497.696	762
498.113	774.2
498.509	760.2
498.927	764
499.344	755.4
499.741	748.2
500.158	770
500.576	774.6
500.973	766.4
501.39	744.2
501.787	755.4
502.205	762.6
502.623	749
503.02	741.8
503.438	740.6
503.856	741
504.253	744.8
504.671	752
505.068	736.2
505.486	734.2
505.905	759.4
506.302	730.8
506.72	747.8
507.118	733.8
507.536	729.8
507.955	728.2
508.352	743
508.771	733.2
509.169	722.2
509.587	713.6
510.006	713.2
510.404	714.6
510.823	716.2
511.221	720.2
511.64	721.2
512.038	730.8
512.457	712.8
512.877	707
513.275	698
513.694	702.4
514.092	692.4
514.512	695.6
514.91	713.6
515.33	701.8
515.749	697
516.148	709
516.568	698.6
516.966	702.2
517.386	690.4
517.785	696.8
518.205	673.2
518.603	683.4
519.024	680.8
519.444	688
519.843	692.2
520.263	697.4
520.662	684.2
521.082	677.8
521.481	680.2
521.902	674.4
522.301	672.8
522.722	676
523.121	673.6
523.542	676
523.963	668.4
524.362	669.2
524.783	676.4
525.183	674.8
525.604	675.6
526.003	656.2
526.425	657.8
526.824	666.4
527.246	662.4
527.646	659.4
528.067	659.4
528.467	655
528.888	654
529.289	654.2
529.71	658.4
530.11	643.4
530.532	652.8
530.932	637
531.354	641.4
531.755	674.4
532.176	657.6
532.577	644.8
532.999	646.4
533.4	644.8
533.822	648.6
534.223	653.2
534.645	643
535.046	632.2
535.468	634.6
535.869	647
536.292	628
536.693	661.4
537.115	643.2
537.516	626.2
537.939	636.2
538.34	654.8
538.742	643.4
539.165	639
539.566	632.6
539.989	629.8
540.391	622.8
540.814	622.2
541.216	627.2
541.639	627.8
542.041	630.8
542.464	616.2
542.866	620.4
543.268	609.6
543.691	626
544.093	625.4
544.517	638
544.919	616.4
545.343	641.2
545.745	609.4
546.147	624
546.571	614.2
546.974	605.6
547.398	607.2
547.8	625
548.224	600.4
548.627	604
549.03	618.2
549.454	604.4
549.857	596
550.281	600.6
550.684	605.8
551.087	618.8
551.512	610
551.915	614
552.34	601.6
552.743	611.6
553.146	614
553.571	609.4
553.975	616.6
554.399	593.6
554.803	647
555.207	594.4
555.632	593.8
556.036	601.4
556.461	602.4
556.865	608.4
557.268	597.8
557.694	596.6
558.098	598
558.502	600.8
558.927	600.6
559.332	593
559.736	596.6
560.162	596
560.566	596.8
560.992	588.2
561.396	584.8
561.801	590
562.227	597.2
562.631	592.8
563.036	602.2
563.462	595.4
563.867	593.4
564.272	583.8
564.698	593.2
565.103	581.8
565.508	606.4
565.935	581.8
566.34	587.6
566.745	593.2
567.172	589.4
567.577	604.6
567.982	597.6
568.409	592.2
568.815	579.2
569.22	596.4
569.626	592.2
570.053	568.8
570.459	589
570.865	592
571.292	584.2
571.698	587.8
572.104	564.6
572.531	576.2
572.937	586.2
573.343	588.4
573.75	571.8
574.177	576.4
574.583	583
574.99	580.4
575.396	587.2
575.824	576.6
576.231	586
576.637	575.4
577.065	602.8
577.472	571.6
577.879	577.2
578.286	592.6
578.714	569
579.121	575.2
579.528	573.6
579.935	582.4
580.364	577.2
580.771	553.4
581.178	566.4
581.585	578.8
582.014	572.6
582.421	572
582.829	572
583.236	582
583.644	561.8
584.073	570
584.481	569.8
584.889	562.6
585.296	575.8
585.726	561.8
586.134	560
586.542	570.6
586.95	581.6
587.358	557.8
587.787	560.6
588.196	573.4
588.604	563.2
589.012	563.8
589.421	558.4
589.851	559
590.259	573.8
590.668	559.8
591.076	594
591.485	552.4
591.894	555.6
592.324	574
592.733	573.8
593.142	554.4
593.551	558.8
593.96	569.2
594.369	555.2
594.8	552.2
595.209	560
595.618	555.6
596.028	555.4
596.437	554.8
596.847	557
597.256	558.8
597.687	573
598.097	555
598.507	544.4
598.917	558.2
599.327	566
599.736	559
600.146	566.6
600.556	559.8
600.988	570.4
601.398	562.8
601.808	574.6
602.219	549.2
602.629	560.8
603.039	559.6
603.45	578.4
603.86	563.6
604.271	575
604.703	566.4
605.114	561
605.525	563.6
605.935	568.6
606.346	580.6
606.757	563
607.168	555.8
607.579	548
607.99	571
608.402	567.4
608.813	565.2
609.224	554.2
609.636	548.2
610.047	552.8
610.48	557.8
610.892	567
611.303	561.6
611.715	556.8
612.127	552.4
612.539	556
612.95	556.4
613.362	547.8
613.774	542
614.186	553.6
614.599	552.8
615.011	561.4
615.423	556.4
615.835	556.2
616.248	544
616.66	563.2
617.073	549.4
617.485	551.6
617.898	562.4
618.311	553.2
618.723	558
619.136	571.6
619.549	565
619.962	582.4
620.375	560.8
620.788	560
621.201	550.2
621.614	561.6
622.028	560.4
622.441	556.8
622.854	572.2
623.268	555
623.681	558
624.095	560
624.509	560.6
624.922	561.2
625.336	543.4
625.728	554.2
626.142	562.8
626.556	565.6
626.97	561.4
627.384	549.6
627.799	550.4
628.213	566.8
628.627	549.8
629.041	548.8
629.456	550.4
629.87	555.4
630.285	561.6
630.699	559.6
631.093	545
631.507	562.6
631.922	543
632.337	564
632.752	538.8
633.167	552.6
633.582	547.4
633.997	542
634.412	553.4
634.806	554
635.221	546.4
635.637	556.6
636.052	539.4
636.468	550.6
636.883	567.8
637.299	550.2
637.715	533.2
638.109	552.4
638.525	537
638.941	559.6
639.357	549
639.773	551
640.189	546.6
640.584	549.6
641	548.4
641.416	531.2
641.832	551.8
642.249	547.2
642.665	549.2
643.06	547.2
643.477	556
643.894	534.2
644.31	547.2
644.727	548.6
645.123	552.8
645.54	548.6
645.957	547
646.374	561.6
646.77	553.6
647.187	574.4
647.604	555
648.021	537
648.439	546
648.835	552.4
649.252	551.2
649.67	557.6
650.088	542.8
650.484	551.2
650.902	552.6
651.32	549
651.738	544
652.134	547.2
652.552	557.2
652.971	552.8
653.389	540.4
653.786	550.2
654.204	568
654.622	535.8
655.019	554.6
655.438	545.4
655.857	551
656.275	549.2
656.673	536.2
657.091	553.6
657.51	537
657.908	554.4
658.327	557.2
658.746	538.4
659.144	540.8
659.563	565.2
659.982	552.2
660.38	539
660.8	550.4
661.219	552.2
661.617	549.8
662.037	542.4
662.457	550.2
662.855	534.8
663.275	576.4
663.695	552.2
664.094	553
664.514	556
664.934	539.6
665.333	551.2
665.753	543.4
666.152	542.2
666.572	537.2
666.993	559.4
667.392	541
667.812	549
668.212	545.4
668.632	553
669.053	546.8
669.453	555.2
669.874	550
670.273	545.6
670.694	541.8
671.116	553.8
671.515	552.6
671.937	551
672.337	538.2
672.758	540.8
673.158	552.8
673.58	536.4
673.98	536.2
674.402	556.6
674.824	539.4
675.224	541.8
675.646	540.8
676.047	537.8
676.469	548.6
676.869	552.2
677.292	544.4
677.693	540.6
678.115	540.4
678.516	546
678.939	551.6
679.34	547.6
679.762	560.6
680.164	557
680.586	532.2
680.988	548.2
681.411	568.8
681.812	540.6
682.236	535.2
682.637	539.2
683.061	544.4
683.462	546.6
683.864	539.2
684.288	546.2
684.69	531.2
685.114	547.4
685.516	548.4
685.94	535
686.342	548.6
686.766	537.2
687.168	534.6
687.571	556.8
687.995	533.2
688.398	528.8
688.822	544.2
689.225	557.2
689.628	559.4
690.052	538.8
690.456	548.6
690.88	547.8
691.284	531
691.687	546.2
692.112	531
692.515	527
692.919	541
693.344	548
693.747	545.4
694.173	535.6
694.577	545.6
694.98	543.2
695.406	532.8
695.81	551.4
696.214	546.6
696.64	539.8
697.044	541.4
697.448	550.8
697.874	543.6
698.279	535.2
698.684	533
699.11	540.8
699.514	534.4
699.919	542
700.324	533
700.75	547.8
701.156	548.8
701.561	559.2
701.987	550.4
702.393	546.4
702.798	557
703.203	536.4
703.63	540.6
704.036	540.8
704.442	550.6
704.847	537.8
705.274	538.4
705.68	540.6
706.086	546.2
706.492	536.8
706.92	549.6
707.326	545.8
707.732	540
708.139	535
708.545	537.6
708.973	529.4
709.38	541.2
709.786	533.2
710.193	549.2
710.6	540.8
711.028	529.6
711.435	546
711.842	542.6
712.249	540.8
712.656	541
713.064	551.6
713.492	534.4
713.9	533.8
714.307	544.2
714.715	540.2
715.123	547.4
715.53	547.2
715.938	535.6
716.367	544.2
716.775	542.4
717.184	535.4
717.592	548
718	552.8
718.408	574.4
718.816	578.8
719.225	548.6
719.633	541.2
720.042	525.2
720.472	541.4
720.881	556
721.29	546
721.699	538.2
722.108	551
722.517	538
722.926	540.2
723.335	550.8
723.744	537.4
724.154	536.2
724.563	550.4
724.973	548.2
725.382	538
725.792	532.2
726.202	541.8
726.612	556.8
727.022	535.6
727.432	542.4
779.813	532.2
780.223	574
780.634	541.6
781.044	535
781.454	534.4
781.865	545.8
782.276	538.8
782.686	554
783.097	537.6
783.508	540.6
783.919	549.4
784.33	549.6
784.741	554
785.152	537.8
785.563	532.2
785.974	538.8
786.386	545.8
786.776	540.2
787.188	534.4
787.599	529.2
788.011	538
788.423	543
788.835	537.6
789.247	538.6
789.659	530
790.071	532.6
790.483	575.4
790.874	537.4
791.286	547.4
791.699	536
792.111	539.2
792.524	541.4
792.937	540.8
793.349	526.2
793.741	538.4
794.154	535.4
794.567	555
794.98	540.6
795.393	526.4
795.785	564.6
796.198	535
796.612	543.8
797.026	541.4
797.439	522
797.831	524.8
798.245	530.6
798.659	535.2
799.073	534.8
799.487	531
799.88	541.4
800.294	544
800.708	534.6
801.123	542.6
801.516	550
801.93	526.4
802.345	524.6
802.76	540
803.153	552.6
803.568	542.2
803.983	544.4
804.377	535.2
804.792	528.6
805.207	521.2
805.601	541.2
806.016	568
806.432	526.8
806.826	573.2
807.242	555.4
807.658	544.4
808.052	538.2
808.468	541.2
808.884	530
809.279	536.2
809.695	554.8
810.111	559.2
810.506	539.4
810.922	550
811.339	531.6
811.734	539
812.151	533.4
812.546	529.6
812.963	536.2
813.38	535.6
813.776	538.6
814.193	554.6
814.589	537.2
815.006	525.8
815.402	534.4
815.82	538.6
816.237	544.6
816.633	545.4
817.051	533.4
817.448	537.4
817.866	528.8
818.262	550.2
818.68	536
819.077	533.2
819.495	529.2
819.892	577.8
820.311	527.6
820.708	527.4
821.127	529.4
821.524	547
821.943	544.8
822.34	554.4
822.759	548
823.157	533.2
823.576	551.2
823.974	546.4
824.393	565.8
824.791	540.6
825.189	527.2
825.609	535.4
826.007	538.2
826.427	535.4
826.826	537.2
827.246	537.6
827.644	524
828.043	548.4
828.463	534.6
828.862	547.6
829.261	545.6
829.682	520.6
830.081	543.8
830.502	530.2
830.901	541.2
831.301	541
831.722	522.6
832.121	529.6
832.521	534.4
832.943	532.6
833.342	531.6
833.742	530
834.164	528.4
834.564	528.8
834.965	531.6
835.386	530.2
835.787	533
836.188	528.4
836.588	540.2
837.01	536.6
837.411	528.8
837.812	549.8
838.213	530.4
838.636	530.8
839.037	597.8
839.438	532.8
839.84	537
840.263	546.2
840.664	541.6
841.066	540.8
841.468	538.2
841.891	544.2
842.293	552.8
842.695	539.4
843.098	540
843.5	534
843.902	543.8
844.326	544.2
844.729	538.6
845.131	551
845.534	538.2
845.937	546.8
846.34	555
846.764	526.8
847.167	546.8
847.571	539.2
847.974	533.6
848.377	533.8
848.781	582.6
849.184	545.4
849.588	534.4
849.992	532.4
850.396	541
850.821	554.4
851.225	545.8
851.63	532.6
852.034	548.8
852.438	535
852.843	555.4
853.247	527.8
853.652	534
854.057	556
854.462	535.8
854.867	540.4
855.272	561
855.677	540.6
856.082	522.2
856.487	533.6
856.893	541
857.298	535.8
857.704	531.4
858.11	536.8
858.516	541.4
858.922	529
859.328	540.4
859.734	535
860.14	540.8
860.525	545.6
860.931	527.8
861.338	534.2
861.745	530.4
862.151	545.4
862.558	535.8
862.965	531.8
863.372	535
863.779	531.2
864.186	556
864.572	534.8
864.98	551.4
865.387	569.8
865.795	536.6
866.203	539.4
866.61	535.6
867.018	547.6
867.405	537.2
867.813	531.8
868.221	539.4
868.63	532.2
869.038	548.8
869.425	565
869.834	539.8
870.243	534
870.652	531.2
871.039	531.2
871.448	535.4
871.857	539
872.266	547.8
872.654	541.2
873.064	536.8
873.473	548.8
873.883	527
874.271	530.2
874.681	547.6
875.091	523.2
875.48	541.2
875.89	558.4
876.3	532
876.689	523.4
877.1	536.4
877.51	545.4
877.9	555.2
878.31	529
878.721	567.4
879.111	676.8
879.522	531.2
879.933	531.4
880.323	521.4
880.734	530.4
881.125	538.4
881.536	525
881.948	521.4
882.338	534
882.75	536.4
883.141	536.4
883.553	539
883.944	562.6
884.356	540
884.769	527.2
885.16	545
885.573	531.6
885.964	529.6
886.377	536
886.768	518.2
887.181	526.6
887.573	522.6
887.987	536
888.378	546
888.792	538.8
889.184	569.6
889.598	524
889.99	539.8
890.383	532.2
890.797	526.2
891.19	547.4
891.604	529.8
891.997	534.6
892.411	524.8
892.805	535.4
893.198	530.2
893.613	516.8
894.006	533.4
894.421	528.6
894.815	528.4
895.209	520.8
895.624	570
896.018	539.8
896.412	529.8
896.828	532.6
897.222	533.6
897.617	525.8
898.033	550.4
898.427	530.8
898.822	534.6
899.239	523.6
899.634	525.6
900.029	552.6
900.424	525
900.841	521.2
901.236	542.4
901.632	535.8
902.027	586.6
902.445	539.6
902.841	539.6
903.237	538.6
903.633	551.6
904.05	540.4
904.447	539.6
904.843	537.4
905.24	528.2
905.636	519.6
906.033	538.4
906.451	543.6
906.848	532.8
907.246	531.2
907.643	536.4
908.04	537.8
908.438	548
908.835	540.4
909.254	528.4
909.652	546
910.05	533.2
910.448	531
910.846	542.6
911.244	523.6
911.643	534.4
912.041	527.2
912.44	544
912.839	526.6
913.237	519.2
913.636	526.2
914.035	529.2
914.434	536
914.834	532.2
915.233	539.6
915.633	525.4
916.032	524.6
916.432	527.4
916.832	545
917.232	540
917.632	529.4
918.032	533.2
918.432	525.6
918.833	532.6
919.233	535.8
919.634	522
920.035	539.4
920.436	530.8
920.837	537.6
921.238	531.2
921.639	529.8
922.019	534.4
922.42	535.4
922.822	538
923.224	533.4
923.625	534
924.027	533
924.429	547.4
924.81	530.2
925.212	539.6
925.615	535
926.017	529.2
926.42	541.6
926.801	533.8
927.204	531.8
927.607	530.2
928.01	549.6
928.413	532.2
928.795	517.6
929.199	528.8
929.602	532.6
930.006	524.6
930.388	520.6
930.792	533
931.196	528.4
931.579	570.6
931.983	520.2
932.388	573.4
932.771	528.6
933.176	518.8
933.58	540.4
933.964	538.8
934.369	526.6
934.774	544.4
935.158	537.2
935.563	535.8
935.947	537.4
936.353	540.6
936.759	526.2
937.143	538.6
937.549	543.2
937.934	548.4
938.34	553.6
938.746	530.6
939.131	533.4
939.538	528.6
939.923	537.4
940.33	528
940.716	528
941.123	526.8
941.508	541
941.916	546.8
942.302	533.2
942.709	524.4
943.096	523
943.503	546.2
943.89	536.6
944.298	535.8
944.685	563.2
945.072	530.8
945.48	546
945.867	532
946.276	529
946.663	553.8
947.051	547
947.46	537
947.848	536.8
948.257	529.8
948.645	532.6
949.033	531.6
949.443	521.2
949.831	572.2
950.22	523.8
950.63	533
951.018	554.8
951.407	533
951.796	529.8
952.207	544.8
952.596	541
952.985	527.2
953.375	573
953.786	537
954.176	530
954.566	536.6
954.956	527.6
955.367	533.4
955.758	555.2
956.148	525
956.539	541.4
956.929	536.2
957.341	528.6
957.732	524.6
958.123	538.2
958.515	521.4
958.906	535.8
959.297	528.6
959.689	528.2
960.102	526.2
960.494	532.8
960.886	532.4
961.278	531.6
961.67	548.4
962.062	576.8
962.455	530.8
962.847	532.4
963.24	529.4
963.633	531.2
964.026	526
964.419	535
964.812	535.4
965.206	537
965.599	539.2
965.993	535.2
966.386	519.8
966.78	548.6
967.174	538
967.569	531.4
967.963	527
968.357	533.6
968.752	533.2
969.146	524.8
969.541	516.2
969.936	532.2
970.331	533.2
970.705	532.2
971.1	532.6
971.496	535.6
971.892	526
972.287	521.6
972.683	524.8
973.079	519.2
973.454	536.2
973.85	524.6
974.247	531.4
974.643	547.4
975.04	534.4
975.415	536.6
975.812	525.8
976.209	536.2
976.607	519
976.982	538
977.38	536
977.778	531.8
978.175	529.6
978.552	528
978.95	537
979.348	536.2
979.725	571.2
980.123	530.4
980.522	530.4
980.899	524
981.298	531
981.697	536.2
982.075	528.6
982.474	523.8
982.852	525.8
983.251	525.4
983.651	527
984.029	537
984.429	532.2
984.808	516.6
985.208	523.2
985.609	518.8
985.987	513.4
986.388	516.8
986.768	533.6
987.168	525.8
987.548	532.2
987.949	529.2
988.329	533.4
988.731	515.4
989.111	530.4
989.491	525.6
989.893	525.8
990.273	534.2
990.676	520.8
991.057	535.4
991.459	532.2
991.84	522
992.221	517
992.624	540
993.006	532.2
993.388	527.8
993.791	541.6
994.173	533.4
994.576	555.8
994.959	512.4
995.341	520.6
995.724	525.6
996.128	526.4
996.511	533.8
996.894	526.8
997.298	530.2
997.681	542.2
998.065	535.4
998.448	529
998.854	531.6
999.237	518.8
999.621	530.4
1000.01	541.4
1000.39	528.6
1000.8	527.8
1001.18	537.8
1001.56	536.2
1001.95	534.8
1002.33	533
1002.72	536.6
1003.13	522
1003.51	533.4
1003.9	532.6
1004.28	542.4
1004.67	531.8
1005.06	533.8
1005.44	553.8
1005.83	520
1006.21	520.8
1006.6	519.4
1006.99	537
1007.37	529.2
1007.76	527.2
1060.12	526
1060.51	528.6
1060.89	538
1061.28	536.4
1061.67	533
1062.06	535.4
1062.45	536.6
1062.83	524.8
1063.22	540.4
1063.61	569.2
1064	532.8
1064.39	541
1064.78	522.4
1065.14	534.4
1065.53	536.8
1065.92	531.2
1066.31	523.2
1066.7	533
1067.09	536.4
1067.46	535.4
1067.85	529
1068.24	527.2
1068.63	536.8
1069.02	530.6
1069.39	534.2
1069.78	528.6
1070.17	527.8
1070.57	518.8
1070.93	527.8
1071.33	524.6
1071.72	517
1072.11	523.6
1072.48	532.2
1072.87	528
1073.26	522.4
1073.64	521.2
1074.03	519.8
1074.4	528.2
1074.79	523.8
1075.19	525.2
1075.56	533.2
1075.95	533.4
1076.34	525.6
1076.72	535.8
1077.11	534.6
1077.48	539.2
1077.88	517.4
1078.25	538.4
1078.64	536
1079.02	528.2
1079.41	538.8
1079.78	532
1080.18	523.6
1080.55	584.2
1080.95	523.4
1081.32	528
1081.72	531.2
1082.09	535.4
1082.49	528.4
1082.86	529.6
1083.24	523.8
1083.63	515.8
1084.01	529.8
1084.38	533.6
1084.78	525.6
1085.16	524.4
1085.55	541.6
1085.93	539.4
1086.31	527.4
1086.7	554.2
1087.08	528.8
1087.46	532
1087.83	525.8
1088.23	538.4
1088.61	525.4
1088.99	526.6
1089.36	520.4
1089.76	531.8
1090.14	527.8
1090.52	524.6
1090.9	521.2
1091.27	539.8
1091.67	546
1092.05	534.2
1092.43	520.8
1092.81	532.8
1093.19	533.6
1093.57	526.6
1093.95	531.8
1094.35	540.6
1094.73	541.8
1095.11	522.6
1095.49	528
1095.87	533.2
1096.25	538.6
1096.63	533.2
1097.01	528
1097.39	530.8
1097.77	528
1098.15	526.8
1098.53	519.2
1098.91	522
1099.29	526.2
1099.68	544.4
1100.06	538.2
1100.44	525.2
1100.82	526.2
1101.18	536.8
1101.56	520.6
1101.95	517.6
1102.33	532
1102.71	533
1103.1	516.6
1103.48	519
1103.86	521.4
1104.22	527.2
1104.61	532.6
1104.99	528.8
1105.38	520.2
1105.76	523.2
1106.12	530.6
1106.51	561.2
1106.89	538.2
1107.26	533.8
1107.64	530.6
1108.03	525.8
1108.41	531.6
1108.78	527.2
1109.16	534
1109.55	535.4
1109.91	519.6
1110.3	518.2
1110.69	541
1111.05	518
1111.44	524.4
1111.8	533.2
1112.19	538.2
1112.58	541.2
1112.94	531
1113.33	523.2
1113.7	515.2
1114.09	527
1114.45	524.4
1114.84	515.2
1115.21	520
1115.6	519.2
1115.96	537.2
1116.35	531.2
1116.72	525.8
1117.11	530.4
1117.48	523.4
1117.85	536
1118.24	540.2
1118.6	529.6
1118.99	517.4
1119.36	531
1119.73	529.2
1120.12	528.2
1120.49	518
1120.86	532.4
1121.25	526.6
1121.62	519
1121.99	524.4
1122.38	542
1122.76	525
1123.13	521
1123.5	532
1123.89	534.8
1124.26	515.2
1124.63	520.6
1125	525.8
1125.4	523.4
1125.77	516.6
1126.14	513.6
1126.51	518.2
1126.88	524.6
1127.26	517.2
1127.63	512
1128.02	525.6
1128.4	515.8
1128.77	524.2
1129.14	525.8
1129.52	528.2
1129.89	527.8
1130.26	521.8
1130.64	514
1131.01	516
