#lambda/nm	C1
208.295	475.6
208.67	438.2
209.045	398.6
209.419	406.6
209.794	571.4
210.169	552.2
210.544	667.6
210.919	575.2
211.295	559.6
211.67	569.8
212.045	569.6
212.421	566.4
212.796	600
213.172	566
213.547	570
213.923	564.8
214.299	564.4
214.675	572.8
215.051	564
215.427	575
215.803	592.2
216.179	580.6
216.555	567.2
216.932	584.8
217.308	575
217.684	569.8
218.061	578
218.438	575.2
218.814	564.8
219.191	579
219.568	566
219.945	566.8
220.322	583
220.699	576.8
221.076	577.4
221.453	575.4
221.83	566.8
222.208	566.6
222.585	569.2
222.962	577.8
223.34	583
223.717	569.6
224.095	566.4
224.473	568
224.851	559.6
225.229	563.2
225.607	596.6
225.985	556.8
226.363	573.8
226.741	572.8
227.119	574.4
227.497	583.6
227.876	568.4
228.254	574.8
228.633	579.8
229.011	581.2
229.39	576.2
229.769	572.2
230.148	581.8
230.527	583.2
230.905	561
231.284	564
231.664	560.2
232.043	577.2
232.422	566.4
232.801	567
233.181	570.2
233.56	562.2
233.94	563.2
234.319	558.6
234.699	560.6
235.079	605.8
235.458	599.4
235.838	583.8
236.218	556.8
236.598	552.6
236.978	565.4
237.358	565.2
237.738	561
238.119	573.8
238.499	556
238.88	569
239.26	589
239.641	557.8
240.021	562.8
240.402	575.4
240.783	569.8
241.163	569.8
241.544	569.6
241.925	573
242.306	580.2
242.687	572.6
243.069	570.2
243.45	573
243.831	569.2
244.212	569
244.594	610.4
244.975	576
245.357	576.4
245.739	567.8
246.12	572.2
246.502	577.6
246.884	562.6
247.266	570
247.648	577
248.03	588.4
248.412	575.8
248.794	576.6
249.176	558.8
249.559	578
249.941	552.6
250.323	560.8
250.706	563.4
251.089	572.4
251.471	574.8
251.854	577
252.237	577.2
252.62	572.4
253.002	566.8
253.385	570.6
253.769	586.6
254.152	575.8
254.535	578.8
254.918	561.2
255.301	576.4
255.685	573
256.068	564.2
256.452	591.4
256.835	569.6
257.219	585.8
257.603	584.6
257.986	563.8
258.37	572.8
258.754	558.2
259.138	586.2
259.522	578.8
259.906	565.4
260.29	573.8
260.675	569.2
261.059	569.2
261.443	563.6
261.828	572.8
262.212	570.6
262.597	560.6
262.981	557.2
263.366	572.6
263.751	569.2
264.136	563.2
264.521	563.4
264.906	563.8
265.291	578.2
265.676	566.4
266.061	570
266.446	590.6
266.831	572.6
267.217	588
267.602	576
267.987	565
268.373	565.6
268.759	582.2
269.144	579.2
269.53	572.4
269.916	571
270.302	564.4
270.688	575.4
271.074	573.6
271.46	576.6
271.846	597.2
272.232	574.6
272.618	564.4
273.004	576.8
273.391	585.2
273.777	591
274.164	580.4
274.55	580.6
274.937	577.8
275.324	565.8
275.71	583.4
276.097	582
276.484	565.8
276.871	574.6
277.258	568
277.645	566.6
278.032	569.2
278.419	564
278.807	574
279.194	564.4
279.581	557.2
279.969	568.2
280.356	565
280.744	573.2
281.131	591.6
281.519	574.4
281.907	571.2
282.295	569.2
282.682	580.4
283.07	576
283.458	577.2
283.846	576
284.235	580
284.623	573.6
285.011	568
285.399	569.6
285.788	566.4
286.176	558.4
286.565	578.4
286.953	562.2
287.342	570.2
287.731	557.4
288.119	569.4
288.508	564.2
288.897	566.8
289.286	559.8
289.675	573
290.064	578.6
290.453	563.8
290.821	562.4
291.21	586.8
291.599	563.8
291.989	569.2
292.378	581.6
292.768	588.6
293.157	576.6
293.547	577.4
293.936	567
294.326	569.8
294.716	568.2
295.106	569.8
295.496	574.2
295.886	576.8
296.276	573
296.666	564.2
297.056	567.2
297.446	558.4
297.836	590.6
298.227	564.2
298.617	570.4
299.008	583.8
299.398	563.6
299.789	574.8
300.179	578.4
300.57	587.4
300.961	564.6
301.352	568.4
301.742	576
302.133	574.4
302.524	570.6
302.915	569
303.307	562.4
303.698	573.6
304.089	583.2
304.48	572
304.872	584.2
305.263	575.8
305.655	560.8
306.046	573.4
306.438	584.8
306.829	570.2
307.221	585.4
307.613	577
308.005	577.2
308.397	579
308.789	585.2
309.181	595.8
309.573	590.6
309.965	583
310.357	569.8
310.749	575.6
311.142	560.8
311.534	572
311.926	573.8
312.319	576.4
312.711	569.4
313.104	582.8
313.497	569.2
313.889	606.8
314.282	587.4
314.675	600.6
315.068	575.4
315.461	579.2
315.854	600.2
316.247	570
316.64	565.2
317.033	570.8
317.405	569
317.798	571.8
318.192	576.4
318.585	564
318.979	575.4
319.372	574.8
319.766	575.8
320.16	587.2
320.553	587.2
320.947	586.6
321.341	566.4
321.735	571.4
322.129	560
322.523	596.4
322.917	568.6
323.311	577.6
323.705	576.6
324.099	578
324.494	586.6
324.888	581.4
325.282	571.6
325.677	583.8
326.071	588.8
326.466	587
326.861	578.2
327.255	584.2
327.65	585.2
328.045	588.8
328.44	576.4
328.835	566.8
329.23	559.6
329.625	589.6
330.02	562.6
330.415	586.6
330.81	566
331.206	568.2
331.601	561
331.996	571.6
332.37	586.2
332.766	558.6
333.161	591
333.557	569.2
333.953	561.8
334.348	898.4
334.744	575.4
335.14	565
335.536	563.2
335.932	581.8
336.328	577.6
336.724	582.6
337.12	564.6
337.516	578.6
337.913	574
338.309	583
338.705	569.2
339.102	579.4
339.498	568
339.895	588.2
340.291	570.2
340.688	574.4
341.085	564
341.481	569.6
341.878	569.8
342.275	591.6
342.672	559.4
343.069	572.8
343.466	549.8
343.842	578
344.239	574.4
344.636	570
345.033	563
345.431	558.2
345.828	573
346.225	567
346.623	603.6
347.02	575.8
347.418	575.2
347.816	581.2
348.213	560.6
348.611	577.2
349.009	570.6
349.407	577
349.805	562.4
350.203	562.6
350.601	579.4
350.999	559.4
351.397	615
351.795	566.2
352.193	575.2
352.57	584
352.969	581.6
353.367	561.2
353.766	570.2
354.164	564.8
354.563	583.4
354.961	570.6
355.36	567.2
355.759	563.2
356.158	561.6
356.557	565.6
356.956	565.2
357.355	561.8
357.754	573
358.153	576.4
358.552	584
358.951	567.2
359.35	578.8
359.75	567.8
360.149	558.4
360.527	556.4
360.926	558.4
361.326	568.8
361.726	560.8
362.125	556
362.525	575.6
362.925	553.6
363.325	566.2
363.724	567
364.124	565.4
364.524	559.6
364.924	561.4
365.324	573.8
365.725	550.2
366.125	571.6
366.525	569.6
366.904	562.4
367.304	542.6
367.705	579.6
368.105	575.8
368.506	559.2
368.906	569
369.307	555.6
369.708	570.6
370.108	554.6
370.509	565.6
370.91	554
371.311	565.8
371.712	564.6
372.113	569
372.514	554.4
372.894	566.2
373.295	564.8
373.696	567.8
374.097	572.6
374.499	595.2
374.9	562.8
375.301	555.2
375.703	562.6
376.105	555
376.506	570.8
376.908	573
377.309	564
377.711	564
378.113	563.8
378.493	565
378.895	559
379.297	573.8
379.699	555.4
380.102	572.2
380.504	562.6
380.906	560.6
381.308	585
381.71	555.6
382.113	568.8
382.515	567
382.918	564.8
383.299	564
383.701	569.2
384.104	564.6
384.507	544
384.909	557.8
385.312	544.6
385.715	551.4
386.118	569
386.521	554
386.924	573.8
387.327	555.6
387.709	559.4
388.112	550.6
388.515	557.2
388.918	560.8
389.322	558.4
389.725	562
390.129	580.6
390.532	558
390.936	560.8
391.339	552.2
391.743	571.8
392.125	558.4
392.529	566.6
392.933	572.8
393.337	568
393.74	569.8
394.144	563.4
394.548	563.2
394.953	557.8
395.357	572
395.761	565.2
396.144	567.4
396.548	569.8
396.952	561.2
397.357	565.8
397.761	561.4
398.166	565.8
398.57	569
398.975	552.2
399.379	563
399.763	614.4
400.168	561
400.572	557.6
400.977	559
401.382	577.8
401.787	568
402.192	574.6
402.597	582.2
403.002	549.4
403.386	575.2
403.791	570.8
404.197	558.8
404.602	566.6
405.007	574.8
405.413	551.2
405.818	565.2
406.224	562
406.608	559.8
407.014	545.8
407.42	580.8
407.825	558.2
408.231	563.2
408.637	567.4
409.043	580
409.449	560.6
409.834	559.4
410.24	559.8
410.646	578.4
411.052	573.6
411.458	573
411.865	571
412.271	573.2
412.677	562.6
413.062	575.6
413.469	549.2
413.875	582.6
414.282	572.4
414.689	572
415.095	572.2
415.502	557.8
415.888	566
416.294	545.2
416.701	594.4
417.108	565.2
417.515	573
417.923	565.6
418.33	579
418.715	570.2
419.123	558.4
419.53	552.6
419.937	567.8
420.345	565
420.752	562.4
421.16	583.6
421.546	559
421.953	567.4
422.361	556
422.769	563.8
423.177	563
423.585	589.2
423.992	584.8
424.379	580.4
424.787	578.4
425.195	582.8
425.603	569
426.011	573
426.419	574.6
426.806	566.8
427.214	563.4
427.623	572.8
428.031	574
428.44	570.4
428.848	580.6
429.235	589
429.644	577.4
430.053	576.2
430.461	590.2
430.87	609.2
431.279	601.2
431.666	591.6
432.075	596
432.484	618.2
432.893	609
433.302	646.6
433.711	659.2
434.099	649.2
434.508	644.6
434.918	647.2
435.327	673.4
435.737	677.6
436.125	689.6
436.534	700.4
436.944	705.8
437.353	720.4
437.763	738.8
438.173	730.2
438.561	760.8
438.971	738.4
439.381	768.8
439.791	772.4
440.201	762.4
440.589	787.4
440.999	791.8
441.409	800.4
441.819	797
442.23	820.6
442.619	834.8
443.029	821
443.439	834.8
443.85	857
444.26	851.8
444.649	855.4
445.06	860.2
445.471	861.4
445.881	860.2
446.292	870.4
446.682	873
447.092	856
447.503	924.8
447.914	878.2
448.325	881.6
448.715	883.8
449.126	891.2
449.537	898.2
449.948	899.6
450.338	889.6
450.75	908.2
451.161	907.2
451.572	914.4
451.984	902.6
452.374	876.2
452.786	887.8
453.197	897.8
453.609	906.6
453.999	894.8
454.411	898
454.823	919.6
455.235	919
455.647	900.2
456.037	913
456.449	893.8
456.862	916.6
457.274	905.4
457.665	918.6
458.077	915.8
458.489	941.4
458.902	901.2
459.293	917
459.705	920.6
460.118	910.2
460.53	926
460.921	921.6
461.334	915.2
461.747	924.8
462.16	931
462.551	923.2
462.964	925.6
463.377	901.8
463.79	918.6
464.182	927.6
464.595	918
465.008	924.8
465.421	924.4
465.813	908.2
466.226	919.6
466.64	919.2
467.053	958.6
467.445	919.8
467.859	927.4
468.272	918.4
468.686	915.2
469.078	913.8
469.492	902.6
469.906	903.2
470.298	927.4
470.712	910.2
471.126	929.6
471.54	902.6
471.933	900.6
472.347	908.8
472.761	892.4
473.175	895.2
473.568	883.8
473.982	887.4
474.397	894.6
474.79	902.2
475.204	908.4
475.619	888.6
476.033	890.4
476.426	889.8
476.841	875.8
477.256	897.2
477.649	878.8
478.064	875.4
478.479	863.6
478.872	870.6
479.287	855.8
479.702	865
480.118	870.8
480.511	860
480.927	856.2
481.342	852.6
481.736	865
482.151	861.4
482.566	871.6
482.96	872.8
483.376	870.2
483.792	848.8
484.186	857.2
484.602	858
485.017	848.2
485.412	852
485.827	843.4
486.243	851.6
486.638	863.6
487.054	854.2
487.47	854.2
487.865	851.4
488.281	843.4
488.697	828.6
489.092	829.6
489.508	821.6
489.925	841.4
490.32	821.2
490.736	819.6
491.153	838.4
491.548	822
491.964	823.6
492.381	813.4
492.776	826.4
493.193	813.4
493.61	817.6
494.006	805.2
494.422	818.6
494.84	801.8
495.235	809.4
495.652	811
496.069	808.4
496.465	789.2
496.883	798.6
497.3	818.4
497.696	794.2
498.113	802
498.509	773.8
498.927	762.4
499.344	790.4
499.741	774.4
500.158	786.6
500.576	785.2
500.973	775.4
501.39	756.6
501.787	765.6
502.205	781
502.623	766.6
503.02	755.8
503.438	764
503.856	755.8
504.253	754.6
504.671	750.2
505.068	745.6
505.486	753.6
505.905	769.8
506.302	748
506.72	759
507.118	734.4
507.536	741
507.955	742.2
508.352	741.4
508.771	744.6
509.169	741.6
509.587	739.6
510.006	736.4
510.404	716.4
510.823	729
511.221	720.2
511.64	721.6
512.038	728
512.457	724.4
512.877	726
513.275	714.6
513.694	713.8
514.092	714.8
514.512	716
514.91	716.6
515.33	707.8
515.749	711.2
516.148	710.4
516.568	711
516.966	705.6
517.386	702
517.785	694.6
518.205	706
518.603	688.2
519.024	684.2
519.444	691
519.843	698.8
520.263	692.2
520.662	695.6
521.082	686
521.481	678.8
521.902	678.4
522.301	678.6
522.722	686
523.121	674
523.542	671.6
523.963	681.4
524.362	665.2
524.783	673
525.183	669.2
525.604	674
526.003	666
526.425	664.2
526.824	665.4
527.246	660.6
527.646	671.2
528.067	660.6
528.467	662.2
528.888	655.2
529.289	653.6
529.71	655.8
530.11	659.2
530.532	652.6
530.932	652.2
531.354	638.6
531.755	674.2
532.176	649.4
532.577	651.8
532.999	653
533.4	641.4
533.822	651.4
534.223	652.8
534.645	640.2
535.046	651
535.468	643.4
535.869	655
536.292	636.6
536.693	662.8
537.115	647.2
537.516	631.4
537.939	631.6
538.34	655.4
538.742	649
539.165	646.4
539.566	639
539.989	630.6
540.391	624.4
540.814	633.4
541.216	630.8
541.639	631
542.041	633
542.464	619.2
542.866	626.2
543.268	615.8
543.691	629
544.093	630.6
544.517	645.8
544.919	611.6
545.343	642.8
545.745	616
546.147	612.8
546.571	615.4
546.974	614.2
547.398	616
547.8	629.2
548.224	613.4
548.627	610.4
549.03	628.4
549.454	604.4
549.857	600.2
550.281	610
550.684	600.6
551.087	620.4
551.512	607
551.915	615
552.34	613.8
552.743	605.2
553.146	617
553.571	609.8
553.975	619.6
554.399	602.6
554.803	654.2
555.207	602.6
555.632	603.6
556.036	606.6
556.461	598.6
556.865	599.4
557.268	599
557.694	593.2
558.098	609.6
558.502	604.2
558.927	591.8
559.332	598
559.736	598.4
560.162	608.8
560.566	592.8
560.992	594.6
561.396	602.4
561.801	588
562.227	595.4
562.631	588.6
563.036	593.6
563.462	601.2
563.867	596.4
564.272	580.8
564.698	593.8
565.103	579.8
565.508	607
565.935	591.2
566.34	594.6
566.745	607.4
567.172	586.2
567.577	605
567.982	604.2
568.409	580.2
568.815	576.6
569.22	582.6
569.626	592.4
570.053	569.6
570.459	588.6
570.865	587.4
571.292	591.8
571.698	589.2
572.104	570.2
572.531	575.6
572.937	587.4
573.343	577.8
573.75	571.6
574.177	576.4
574.583	577.8
574.99	562.4
575.396	590.8
575.824	573.4
576.231	586.4
576.637	563.4
577.065	598
577.472	568.2
577.879	578.4
578.286	589
578.714	566.8
579.121	567
579.528	571.6
579.935	580.8
580.364	575
580.771	557.2
581.178	564.8
581.585	569
582.014	577.2
582.421	570
582.829	566.8
583.236	576.4
583.644	569.4
584.073	574.6
584.481	582.8
584.889	567.6
585.296	582.4
585.726	568.2
586.134	557.4
586.542	570
586.95	588
587.358	557.6
587.787	563.2
588.196	573.2
588.604	568
589.012	573.4
589.421	557.2
589.851	565.6
590.259	571.4
590.668	559.6
591.076	597.8
591.485	555
591.894	562.4
592.324	584.2
592.733	575.8
593.142	552.6
593.551	564
593.96	565.4
594.369	558.8
594.8	547.4
595.209	558
595.618	550.4
596.028	556
596.437	555.4
596.847	566.6
597.256	561.4
597.687	568
598.097	566.2
598.507	555.8
598.917	564.4
599.327	562
599.736	567.8
600.146	563.6
600.556	561
600.988	570.6
601.398	561
601.808	571.6
602.219	555.8
602.629	562.4
603.039	564
603.45	586.2
603.86	571.4
604.271	571.6
604.703	564.6
605.114	550.8
605.525	559
605.935	567.8
606.346	580.2
606.757	561.6
607.168	564
607.579	551.2
607.99	566.6
608.402	559.8
608.813	565.6
609.224	558.6
609.636	552
610.047	553.2
610.48	554.2
610.892	559.8
611.303	564.2
611.715	549.4
612.127	547.4
612.539	551.6
612.95	558.4
613.362	553.2
613.774	544.6
614.186	552.4
614.599	551.6
615.011	564.6
615.423	556.6
615.835	549.2
616.248	547.2
616.66	558
617.073	543.4
617.485	552.2
617.898	558.6
618.311	553.8
618.723	548
619.136	580.2
619.549	569
619.962	569
620.375	549.2
620.788	554.8
621.201	546
621.614	554
622.028	547.2
622.441	554.2
622.854	558.2
623.268	547.8
623.681	555.4
624.095	555
624.509	558.4
624.922	557.4
625.336	551.2
625.728	553.4
626.142	564.4
626.556	573.2
626.97	558.8
627.384	555
627.799	550.6
628.213	564.6
628.627	545
629.041	551.8
629.456	548.4
629.87	552.8
630.285	563.2
630.699	557
631.093	545
631.507	554.2
631.922	557.4
632.337	566.8
632.752	541
633.167	554.8
633.582	549.6
633.997	537.8
634.412	546
634.806	547.4
635.221	549.8
635.637	563.6
636.052	540.4
636.468	555.4
636.883	565.6
637.299	546.8
637.715	545.8
638.109	553.6
638.525	537.2
638.941	553.4
639.357	550.6
639.773	557.4
640.189	545.8
640.584	550.2
641	553.8
641.416	538.6
641.832	544.2
642.249	543.6
642.665	544.2
643.06	553.6
643.477	561
643.894	544.4
644.31	547.4
644.727	551.4
645.123	548.4
645.54	538.6
645.957	547
646.374	552.6
646.77	543.2
647.187	567.4
647.604	548.4
648.021	536
648.439	539.6
648.835	550.2
649.252	552.4
649.67	537.8
650.088	553.8
650.484	548.4
650.902	557
651.32	555
651.738	535.6
652.134	546.4
652.552	558.8
652.971	554.8
653.389	538.2
653.786	557.8
654.204	561.6
654.622	545.2
655.019	548
655.438	552.2
655.857	551.4
656.275	550
656.673	540.6
657.091	546.6
657.51	538.2
657.908	556.2
658.327	554.2
658.746	542.6
659.144	554
659.563	558.6
659.982	544.8
660.38	539.8
660.8	547.8
661.219	555.4
661.617	555
662.037	546.6
662.457	563.8
662.855	530.8
663.275	577
663.695	543.6
664.094	543.8
664.514	540.8
664.934	534.6
665.333	549.8
665.753	537.2
666.152	533
666.572	539
666.993	547
667.392	539.6
667.812	543.2
668.212	540.6
668.632	547.2
669.053	540.2
669.453	549.6
669.874	540.8
670.273	541.2
670.694	542.6
671.116	550.2
671.515	544.6
671.937	544
672.337	540.4
672.758	535.8
673.158	556.6
673.58	540
673.98	551
674.402	556.8
674.824	541.4
675.224	536.8
675.646	539.4
676.047	540
676.469	549.4
676.869	547.8
677.292	545.6
677.693	535
678.115	536.6
678.516	544.6
678.939	541.6
679.34	545.2
679.762	556.6
680.164	543.2
680.586	535
680.988	542.6
681.411	567.2
681.812	538.6
682.236	536.2
682.637	547
683.061	537.4
683.462	548.4
683.864	543.8
684.288	549.2
684.69	539.6
685.114	556
685.516	551.2
685.94	536.4
686.342	545.8
686.766	533.2
687.168	537
687.571	558.2
687.995	547.6
688.398	539
688.822	538.6
689.225	565.4
689.628	555.6
690.052	538
690.456	550
690.88	544
691.284	537.6
691.687	548.4
692.112	530
692.515	535.4
692.919	542.8
693.344	550.6
693.747	544
694.173	535
694.577	541.4
694.98	545.2
695.406	542.4
695.81	546.8
696.214	543
696.64	547.4
697.044	545.4
697.448	544.6
697.874	536.8
698.279	556.6
698.684	534.2
699.11	533
699.514	545.2
699.919	533.2
700.324	527.2
700.75	542.4
701.156	540
701.561	552.6
701.987	544.2
702.393	556.8
702.798	556.6
703.203	536.8
703.63	539.6
704.036	539.6
704.442	546.8
704.847	539.8
705.274	540.2
705.68	550.8
706.086	545.4
706.492	534.4
706.92	543.4
707.326	541.2
707.732	543
708.139	541.2
708.545	536.2
708.973	542
709.38	546
709.786	530.6
710.193	551.2
710.6	545.6
711.028	538.8
711.435	541.2
711.842	539.2
712.249	541.4
712.656	537.6
713.064	549
713.492	536.2
713.9	536.4
714.307	542.2
714.715	540.6
715.123	535.2
715.53	536.2
715.938	542.2
716.367	537.8
716.775	540
717.184	525.2
717.592	539.2
718	542.8
718.408	569.4
718.816	576.6
719.225	542.2
719.633	549.2
720.042	530.2
720.472	538.8
720.881	558.2
721.29	543.8
721.699	531
722.108	549
722.517	539
722.926	537.4
723.335	556.4
723.744	534.4
724.154	541.8
724.563	538.4
724.973	537.4
725.382	542.4
725.792	534.4
726.202	541.8
726.612	557.4
727.022	548.8
727.432	540
779.813	531.8
780.223	581.4
780.634	538
781.044	538.4
781.454	543
781.865	553.2
782.276	531.6
782.686	550.6
783.097	535.2
783.508	542.8
783.919	538.2
784.33	557.4
784.741	560.8
785.152	534.6
785.563	522.6
785.974	528.6
786.386	541.6
786.776	532.4
787.188	533.6
787.599	532
788.011	546.2
788.423	545.2
788.835	537
789.247	526.8
789.659	533.2
790.071	534.6
790.483	573.4
790.874	535.6
791.286	554.4
791.699	539.6
792.111	542.6
792.524	543.8
792.937	542
793.349	530.8
793.741	533.2
794.154	528.8
794.567	554.2
794.98	536.4
795.393	525.6
795.785	551.6
796.198	542.2
796.612	540.2
797.026	531
797.439	513.8
797.831	530.2
798.245	524.2
798.659	537.6
799.073	535.8
799.487	533.6
799.88	546.6
800.294	531.6
800.708	547
801.123	539.6
801.516	551.6
801.93	534
802.345	528.2
802.76	540.2
803.153	545.6
803.568	553.4
803.983	548.6
804.377	543
804.792	528.6
805.207	527.6
805.601	539.2
806.016	575.2
806.432	522.2
806.826	560.8
807.242	541.8
807.658	547
808.052	539
808.468	534.6
808.884	527.6
809.279	538.8
809.695	560
810.111	553.4
810.506	538.8
810.922	556.4
811.339	533.6
811.734	547.6
812.151	532.8
812.546	532.6
812.963	532.6
813.38	539.8
813.776	541.4
814.193	557.8
814.589	527
815.006	535
815.402	530.4
815.82	532.8
816.237	535.6
816.633	541
817.051	532.6
817.448	536
817.866	529.4
818.262	558.4
818.68	528.6
819.077	534
819.495	537
819.892	571.6
820.311	526
820.708	525
821.127	527.8
821.524	550
821.943	538.8
822.34	555.2
822.759	530.4
823.157	535.6
823.576	545.2
823.974	540.4
824.393	561.6
824.791	531
825.189	528.8
825.609	528.4
826.007	527.2
826.427	532.2
826.826	531
827.246	533.4
827.644	529
828.043	540
828.463	533.2
828.862	545
829.261	541.6
829.682	520.2
830.081	542.6
830.502	527.2
830.901	542
831.301	550.4
831.722	532.8
832.121	534.6
832.521	530.8
832.943	532.4
833.342	536.6
833.742	524
834.164	532.2
834.564	531.2
834.965	540.6
835.386	539
835.787	539.6
836.188	535.4
836.588	541.2
837.01	539
837.411	528.8
837.812	539
838.213	537.2
838.636	532.2
839.037	593.6
839.438	539.8
839.84	544
840.263	539.4
840.664	538.8
841.066	536.4
841.468	534.4
841.891	526.6
842.293	547.6
842.695	542.6
843.098	548.8
843.5	528.8
843.902	539.8
844.326	545.6
844.729	536.6
845.131	554.2
845.534	538.8
845.937	543
846.34	559.6
846.764	534.4
847.167	540.8
847.571	531.4
847.974	536.2
848.377	539.6
848.781	566.2
849.184	542.4
849.588	540.8
849.992	537.2
850.396	531.8
850.821	551.4
851.225	540.8
851.63	534.2
852.034	543
852.438	542
852.843	609
853.247	522.8
853.652	535.6
854.057	557
854.462	539.6
854.867	541.2
855.272	569.6
855.677	544.8
856.082	532.2
856.487	533.6
856.893	546.4
857.298	533.8
857.704	527.8
858.11	539
858.516	544
858.922	541
859.328	544.6
859.734	538.8
860.14	547.4
860.525	537.4
860.931	524.2
861.338	528
861.745	540.8
862.151	536.6
862.558	533.8
862.965	526
863.372	531
863.779	529.2
864.186	549.8
864.572	526
864.98	545.6
865.387	561.6
865.795	522.4
866.203	540.6
866.61	527.4
867.018	547.4
867.405	535.8
867.813	534.6
868.221	529.4
868.63	535.4
869.038	543.8
869.425	573.8
869.834	539.8
870.243	528.6
870.652	531.2
871.039	528.6
871.448	536
871.857	535.8
872.266	540.8
872.654	538.4
873.064	534.2
873.473	544.4
873.883	528.8
874.271	530
874.681	545
875.091	527.4
875.48	541.6
875.89	562
876.3	531.4
876.689	523.2
877.1	539
877.51	538.2
877.9	557.6
878.31	540.6
878.721	560.6
879.111	678.4
879.522	530.2
879.933	533.8
880.323	531.4
880.734	525.6
881.125	532.6
881.536	523.4
881.948	519.2
882.338	532.8
882.75	552.8
883.141	534.6
883.553	544.8
883.944	550
884.356	538.2
884.769	527.2
885.16	537
885.573	536.8
885.964	528.6
886.377	533.8
886.768	527.4
887.181	534
887.573	525
887.987	534.8
888.378	542
888.792	534
889.184	583.6
889.598	523.2
889.99	541
890.383	527
890.797	525.4
891.19	539.8
891.604	534.8
891.997	520.4
892.411	519.4
892.805	529
893.198	526.2
893.613	521.4
894.006	529.8
894.421	525.6
894.815	535.6
895.209	527.2
895.624	572.2
896.018	550.4
896.412	532.6
896.828	537.8
897.222	539.8
897.617	531.8
898.033	558.6
898.427	533.8
898.822	536
899.239	529.4
899.634	529.6
900.029	548.6
900.424	529.4
900.841	519.4
901.236	540.6
901.632	541.6
902.027	589.8
902.445	548.4
902.841	534
903.237	533.6
903.633	549
904.05	534.8
904.447	539.4
904.843	551.2
905.24	533
905.636	527.8
906.033	532.6
906.451	547.8
906.848	521.8
907.246	534.4
907.643	535.4
908.04	533.4
908.438	547.2
908.835	532.2
909.254	526
909.652	535.2
910.05	524.2
910.448	526.2
910.846	533.2
911.244	518.6
911.643	530.8
912.041	530
912.44	550.6
912.839	523.2
913.237	533
913.636	523.4
914.035	535
914.434	530.8
914.834	538.8
915.233	539
915.633	519.4
916.032	529
916.432	533
916.832	544.8
917.232	523.6
917.632	521.2
918.032	536.2
918.432	524.4
918.833	527.8
919.233	523.2
919.634	522.8
920.035	532.8
920.436	522.4
920.837	541.2
921.238	526
921.639	529.4
922.019	536.8
922.42	534.6
922.822	536.6
923.224	524.8
923.625	526.8
924.027	532.4
924.429	553.6
924.81	530.4
925.212	539.2
925.615	534.2
926.017	536.6
926.42	537.2
926.801	531.8
927.204	532.4
927.607	541.6
928.01	540.2
928.413	533.4
928.795	521.6
929.199	528.4
929.602	529.4
930.006	525.8
930.388	524
930.792	541.2
931.196	534.2
931.579	561.2
931.983	525.4
932.388	575.8
932.771	537.2
933.176	527.4
933.58	534.8
933.964	534
934.369	525.8
934.774	529
935.158	530.4
935.563	539
935.947	533.2
936.353	541.2
936.759	529
937.143	541
937.549	532.6
937.934	538.6
938.34	544.6
938.746	530
939.131	525
939.538	529.6
939.923	540
940.33	527.2
940.716	534.2
941.123	546.4
941.508	535.4
941.916	554.8
942.302	533.8
942.709	524.8
943.096	531.4
943.503	545.6
943.89	530
944.298	524.6
944.685	556.6
945.072	529.6
945.48	540.8
945.867	522.2
946.276	527.8
946.663	560.4
947.051	543.4
947.46	542.2
947.848	541
948.257	523.6
948.645	536.2
949.033	526.6
949.443	523.6
949.831	564.8
950.22	520.8
950.63	537.6
951.018	566
951.407	543.4
951.796	529.6
952.207	533
952.596	537.2
952.985	525.6
953.375	570.4
953.786	532.8
954.176	525
954.566	538.8
954.956	518.6
955.367	523.8
955.758	545.8
956.148	517.6
956.539	540.8
956.929	518.2
957.341	523.8
957.732	523
958.123	528
958.515	530.8
958.906	530.2
959.297	526.8
959.689	527.6
960.102	523.8
960.494	526.6
960.886	534.2
961.278	527.4
961.67	543
962.062	559.8
962.455	526.6
962.847	526
963.24	522.6
963.633	526.6
964.026	512.8
964.419	533.4
964.812	533.4
965.206	531.6
965.599	534.2
965.993	521.4
966.386	528.2
966.78	543.2
967.174	540.4
967.569	523.4
967.963	525.4
968.357	525
968.752	518.6
969.146	523.2
969.541	524.8
969.936	522.8
970.331	535.6
970.705	536.4
971.1	524.8
971.496	540
971.892	525
972.287	525.4
972.683	527.4
973.079	532.6
973.454	540
973.85	529
974.247	539.4
974.643	550.4
975.04	534.6
975.415	530
975.812	525
976.209	534.6
976.607	521.2
976.982	546.8
977.38	544.4
977.778	531
978.175	527.2
978.552	530
978.95	541
979.348	539.4
979.725	568.6
980.123	518.8
980.522	534.6
980.899	526.6
981.298	522.2
981.697	531
982.075	523.6
982.474	530.8
982.852	526.2
983.251	529.8
983.651	527.6
984.029	536.8
984.429	523.8
984.808	522.2
985.208	529.8
985.609	518.8
985.987	519
986.388	525.8
986.768	537.8
987.168	532.6
987.548	537.2
987.949	540
988.329	536
988.731	516.2
989.111	532.8
989.491	530.6
989.893	530
990.273	537.4
990.676	524.2
991.057	518
991.459	526.4
991.84	529.8
992.221	523
992.624	546.4
993.006	528.2
993.388	527
993.791	534.2
994.173	535.2
994.576	558
994.959	528
995.341	518.6
995.724	518.6
996.128	529.8
996.511	542
996.894	526.8
997.298	527
997.681	534.4
998.065	527
998.448	525.2
998.854	540.8
999.237	520.8
999.621	530.4
1000.01	544.2
1000.39	530.8
1000.8	526.8
1001.18	529.4
1001.56	534.8
1001.95	529
1002.33	534
1002.72	527.2
1003.13	521.2
1003.51	520.6
1003.9	522.4
1004.28	538.2
1004.67	524.6
1005.06	531.4
1005.44	549.8
1005.83	514.2
1006.21	520.2
1006.6	526.6
1006.99	525.6
1007.37	533
1007.76	529.6
1060.12	523.4
1060.51	519.6
1060.89	533.8
1061.28	533
1061.67	540
1062.06	523.2
1062.45	530.4
1062.83	521.2
1063.22	532.2
1063.61	563.2
1064	526.6
1064.39	527.2
1064.78	523
1065.14	529.6
1065.53	525.8
1065.92	532.6
1066.31	523.8
1066.7	530
1067.09	538.2
1067.46	535.8
1067.85	521.8
1068.24	526.6
1068.63	534.2
1069.02	529.6
1069.39	527.4
1069.78	526.8
1070.17	529.6
1070.57	517
1070.93	526.2
1071.33	517.4
1071.72	526.4
1072.11	523.8
1072.48	520.6
1072.87	528.8
1073.26	528
1073.64	526.2
1074.03	524
1074.4	527.2
1074.79	528.4
1075.19	530.6
1075.56	530.4
1075.95	532.8
1076.34	526.8
1076.72	522
1077.11	534.2
1077.48	537
1077.88	531.4
1078.25	530
1078.64	534.6
1079.02	529.8
1079.41	537
1079.78	531.8
1080.18	522.4
1080.55	578.4
1080.95	520
1081.32	520
1081.72	528.8
1082.09	527.8
1082.49	528.2
1082.86	540
1083.24	514.6
1083.63	519.8
1084.01	529.2
1084.38	531
1084.78	528.2
1085.16	537.6
1085.55	540.4
1085.93	547.2
1086.31	519.8
1086.7	556.2
1087.08	529
1087.46	532
1087.83	512.8
1088.23	542.4
1088.61	520
1088.99	538.2
1089.36	528.2
1089.76	528.6
1090.14	529.4
1090.52	537
1090.9	523.4
1091.27	534.6
1091.67	554.4
1092.05	543
1092.43	520.2
1092.81	530.6
1093.19	531.2
1093.57	533
1093.95	521.8
1094.35	541.8
1094.73	538.6
1095.11	517.6
1095.49	520.8
1095.87	520.4
1096.25	537.6
1096.63	531.8
1097.01	520.8
1097.39	530
1097.77	528.2
1098.15	526.4
1098.53	522.4
1098.91	525.6
1099.29	526.6
1099.68	542
1100.06	528.8
1100.44	524
1100.82	529.6
1101.18	530
1101.56	523.8
1101.95	512.6
1102.33	520
1102.71	525.8
1103.1	518.2
1103.48	524.4
1103.86	518.8
1104.22	534.8
1104.61	524.8
1104.99	522.4
1105.38	512.2
1105.76	534.4
1106.12	538.2
1106.51	560.6
1106.89	532.6
1107.26	522
1107.64	546.4
1108.03	528.2
1108.41	522.6
1108.78	526.4
1109.16	529.2
1109.55	532
1109.91	513.4
1110.3	515
1110.69	545.6
1111.05	526.6
1111.44	528.6
1111.8	529.8
1112.19	531.6
1112.58	526.6
1112.94	521.2
1113.33	533.6
1113.7	523.2
1114.09	518.4
1114.45	529
1114.84	526.4
1115.21	535.6
1115.6	523.6
1115.96	528.2
1116.35	536.6
1116.72	516.2
1117.11	534.4
1117.48	522.8
1117.85	531.8
1118.24	539.6
1118.6	536.8
1118.99	525.2
1119.36	524.8
1119.73	541.4
1120.12	530.2
1120.49	522.4
1120.86	538.2
1121.25	524
1121.62	520.8
1121.99	513.4
1122.38	525.8
1122.76	535.8
1123.13	518.4
1123.5	527.2
1123.89	524.6
1124.26	515.6
1124.63	525.4
1125	520.8
1125.4	528.4
1125.77	521.4
1126.14	506.4
1126.51	520.2
1126.88	524.8
1127.26	526.2
1127.63	511.2
1128.02	524
1128.4	526
1128.77	533
1129.14	524.8
1129.52	525.4
1129.89	529
1130.26	519
1130.64	519.6
1131.01	530.4
