#lambda/nm	C1
208.295	470.8
208.67	426.6
209.045	394
209.419	397.4
209.794	560
210.169	551.4
210.544	671.4
210.919	570.8
211.295	556.6
211.67	570.2
212.045	565.8
212.421	569.8
212.796	601.2
213.172	560.6
213.547	559.4
213.923	561.4
214.299	571.8
214.675	564.8
215.051	567.4
215.427	577
215.803	583.2
216.179	577.8
216.555	558.4
216.932	568.6
217.308	573.2
217.684	560.2
218.061	568.8
218.438	569
218.814	554
219.191	576.2
219.568	554.2
219.945	558
220.322	571.6
220.699	569.4
221.076	572
221.453	567
221.83	562
222.208	560.2
222.585	563.8
222.962	571.6
223.34	578.2
223.717	569
224.095	570
224.473	565
224.851	570.8
225.229	553.8
225.607	589.8
225.985	557.6
226.363	570.2
226.741	569.8
227.119	557.4
227.497	573.2
227.876	551.4
228.254	567.2
228.633	579.4
229.011	572.2
229.39	564
229.769	574.4
230.148	571.6
230.527	586
230.905	577.2
231.284	576.8
231.664	563.8
232.043	575.6
232.422	573.6
232.801	556.6
233.181	569.2
233.56	567.2
233.94	572.4
234.319	558.2
234.699	561.8
235.079	611.6
235.458	598.4
235.838	586
236.218	557
236.598	557.4
236.978	563
237.358	566.4
237.738	564.6
238.119	575.8
238.499	560.4
238.88	563
239.26	577.6
239.641	562.2
240.021	560.4
240.402	567.6
240.783	567.8
241.163	564.6
241.544	564
241.925	563.2
242.306	582.4
242.687	570.2
243.069	575.4
243.45	580
243.831	567.4
244.212	565
244.594	601.4
244.975	574.8
245.357	573
245.739	559.6
246.12	564.4
246.502	578
246.884	559.2
247.266	562.8
247.648	568.6
248.03	578.6
248.412	568.8
248.794	572.8
249.176	558.6
249.559	568.8
249.941	564.6
250.323	558.6
250.706	564.4
251.089	565.4
251.471	567
251.854	564.6
252.237	575.4
252.62	571.4
253.002	561.4
253.385	568.4
253.769	575.6
254.152	565.4
254.535	580.4
254.918	561.6
255.301	566.6
255.685	564
256.068	563
256.452	590.4
256.835	575
257.219	576.8
257.603	572.4
257.986	559.4
258.37	573.6
258.754	556.4
259.138	579.6
259.522	579.6
259.906	560.8
260.29	572
260.675	559.2
261.059	569
261.443	563
261.828	580
262.212	573.2
262.597	559
262.981	566.2
263.366	571.2
263.751	566.8
264.136	565.6
264.521	572.2
264.906	563.6
265.291	577.2
265.676	555.8
266.061	572
266.446	581.6
266.831	573.2
267.217	588.2
267.602	566.4
267.987	574.8
268.373	560.2
268.759	578.2
269.144	573.2
269.53	562
269.916	562.8
270.302	559.6
270.688	572.6
271.074	570.6
271.46	579.4
271.846	595
272.232	571
272.618	556.2
273.004	566.8
273.391	579.2
273.777	571.4
274.164	567
274.55	580.8
274.937	565.6
275.324	568.8
275.71	567.6
276.097	577.6
276.484	568.6
276.871	572.6
277.258	572.6
277.645	552
278.032	565.8
278.419	564.4
278.807	569.6
279.194	567.2
279.581	561
279.969	570.8
280.356	574
280.744	571.8
281.131	590.2
281.519	582.8
281.907	569
282.295	566.6
282.682	583.8
283.07	573
283.458	579
283.846	578.2
284.235	583.4
284.623	579.2
285.011	558.4
285.399	574
285.788	565.4
286.176	560.2
286.565	583.2
286.953	563.4
287.342	565.8
287.731	566
288.119	564.4
288.508	565.8
288.897	574.4
289.286	556.8
289.675	567.4
290.064	576.4
290.453	574.8
290.821	572.6
291.21	580.2
291.599	564
291.989	564
292.378	577
292.768	581.4
293.157	564.8
293.547	575.2
293.936	568.2
294.326	563.2
294.716	574.2
295.106	567.4
295.496	580.2
295.886	578.2
296.276	565.2
296.666	564
297.056	571
297.446	556.4
297.836	576.2
298.227	565.4
298.617	575.2
299.008	581.6
299.398	570
299.789	560
300.179	572.8
300.57	580.8
300.961	562
301.352	559.2
301.742	581
302.133	565.6
302.524	566.8
302.915	568
303.307	556.6
303.698	577.8
304.089	575.6
304.48	565.6
304.872	569.8
305.263	562.6
305.655	562.8
306.046	573.8
306.438	572.8
306.829	562.4
307.221	588.4
307.613	571.8
308.005	574.8
308.397	587.2
308.789	589.6
309.181	588
309.573	586.8
309.965	581.6
310.357	564.2
310.749	568.8
311.142	572.2
311.534	568.8
311.926	579.2
312.319	570.4
312.711	556
313.104	581.4
313.497	564.2
313.889	602.8
314.282	577.2
314.675	595.2
315.068	559.4
315.461	561
315.854	590
316.247	572.2
316.64	567.4
317.033	572.8
317.405	578.6
317.798	567.2
318.192	585.6
318.585	560.8
318.979	579
319.372	560
319.766	567.2
320.16	574.2
320.553	588.4
320.947	583.8
321.341	565.4
321.735	567
322.129	554.8
322.523	599.2
322.917	563.4
323.311	580.8
323.705	580.6
324.099	577
324.494	576.6
324.888	578.2
325.282	572.4
325.677	584
326.071	572.8
326.466	584.4
326.861	569.6
327.255	590.6
327.65	582.2
328.045	587
328.44	571
328.835	562.4
329.23	565
329.625	594.8
330.02	562.6
330.415	591.8
330.81	568
331.206	567
331.601	567
331.996	578.8
332.37	591.6
332.766	559.2
333.161	592.6
333.557	563
333.953	573
334.348	902
334.744	564.4
335.14	559.4
335.536	562
335.932	571.8
336.328	560.8
336.724	573
337.12	568.8
337.516	569.6
337.913	565.6
338.309	576.2
338.705	568.8
339.102	573.4
339.498	566.6
339.895	579
340.291	563.4
340.688	575.8
341.085	561.2
341.481	567.6
341.878	567
342.275	578
342.672	563.2
343.069	554.8
343.466	551.4
343.842	567.4
344.239	558.6
344.636	562.4
345.033	560.6
345.431	555.6
345.828	569.4
346.225	565.4
346.623	594.6
347.02	566.4
347.418	570
347.816	569
348.213	557.6
348.611	571
349.009	565
349.407	579.8
349.805	559.4
350.203	549.8
350.601	574.6
350.999	553.6
351.397	607.8
351.795	566.2
352.193	573.8
352.57	568
352.969	578
353.367	558.4
353.766	561.4
354.164	557
354.563	580.6
354.961	562.2
355.36	560.4
355.759	561.2
356.158	555.6
356.557	556.6
356.956	556.8
357.355	563.6
357.754	569.2
358.153	565.6
358.552	593.8
358.951	563.4
359.35	569.4
359.75	562
360.149	552.6
360.527	554.4
360.926	554
361.326	569.2
361.726	559
362.125	553
362.525	566.8
362.925	560.2
363.325	567.4
363.724	567.2
364.124	553.6
364.524	559.6
364.924	556.6
365.324	574.6
365.725	549
366.125	559.2
366.525	560.8
366.904	558.4
367.304	552.2
367.705	582.2
368.105	582.2
368.506	556.6
368.906	560.4
369.307	555.6
369.708	577.4
370.108	549.8
370.509	572
370.91	557.2
371.311	563.8
371.712	565.2
372.113	556.2
372.514	554.4
372.894	556.2
373.295	558.2
373.696	575.4
374.097	572
374.499	589.2
374.9	562
375.301	565.4
375.703	563
376.105	556
376.506	566.2
376.908	568.8
377.309	570
377.711	566.2
378.113	556
378.493	563
378.895	554.4
379.297	569.6
379.699	547.4
380.102	561.4
380.504	566.4
380.906	559.2
381.308	584.8
381.71	555.8
382.113	565
382.515	555.6
382.918	557.2
383.299	555.8
383.701	560.4
384.104	565.8
384.507	549.2
384.909	565.2
385.312	548.6
385.715	548
386.118	564.2
386.521	551.8
386.924	574.6
387.327	553.4
387.709	549.4
388.112	552.4
388.515	555
388.918	553.2
389.322	558.2
389.725	560
390.129	582
390.532	567.4
390.936	563.2
391.339	558.6
391.743	565.4
392.125	553
392.529	563.6
392.933	564.2
393.337	548.6
393.74	557.6
394.144	561.2
394.548	557.8
394.953	553.8
395.357	564
395.761	554
396.144	561.6
396.548	553.2
396.952	560.4
397.357	553.4
397.761	552
398.166	552
398.57	566.4
398.975	544
399.379	562.4
399.763	596.4
400.168	554.4
400.572	557.2
400.977	548.6
401.382	576.2
401.787	567
402.192	569.2
402.597	571.4
403.002	551.4
403.386	564.6
403.791	574.2
404.197	547.8
404.602	561.8
405.007	568.6
405.413	548.8
405.818	553.2
406.224	555.8
406.608	554.8
407.014	551.4
407.42	577.4
407.825	557.8
408.231	572.6
408.637	564.2
409.043	572.8
409.449	548
409.834	556
410.24	558.8
410.646	569.8
411.052	567.2
411.458	564.6
411.865	561
412.271	564.8
412.677	565.4
413.062	557.8
413.469	552.6
413.875	580
414.282	568.8
414.689	562.4
415.095	566.4
415.502	559.2
415.888	564
416.294	556.4
416.701	599
417.108	559.6
417.515	567.8
417.923	561.8
418.33	578.8
418.715	561.4
419.123	565.6
419.53	556.8
419.937	564
420.345	575.6
420.752	561.4
421.16	576.4
421.546	567
421.953	569
422.361	558.6
422.769	557
423.177	553.8
423.585	587.6
423.992	586.8
424.379	559.8
424.787	570
425.195	573.4
425.603	563.2
426.011	577
426.419	578.4
426.806	566.2
427.214	575.8
427.623	576
428.031	571
428.44	577
428.848	579.8
429.235	593
429.644	567.4
430.053	575.8
430.461	592.6
430.87	611
431.279	596.8
431.666	582
432.075	600.6
432.484	615.8
432.893	602.6
433.302	636.2
433.711	667.2
434.099	650
434.508	638.4
434.918	641.6
435.327	665.8
435.737	673.4
436.125	677.6
436.534	688.8
436.944	706.8
437.353	722.2
437.763	733
438.173	724.4
438.561	756.8
438.971	727.4
439.381	765.6
439.791	772
440.201	760
440.589	788.2
440.999	788.8
441.409	796
441.819	783.6
442.23	818.4
442.619	837.4
443.029	823
443.439	833.6
443.85	841.6
444.26	846
444.649	850.2
445.06	850.6
445.471	857.2
445.881	851.4
446.292	869.8
446.682	890.4
447.092	860
447.503	923.8
447.914	883
448.325	883.8
448.715	895.6
449.126	880.2
449.537	895.4
449.948	896.4
450.338	901
450.75	917.6
451.161	893
451.572	912
451.984	899.4
452.374	881.8
452.786	904.2
453.197	915.4
453.609	917.6
453.999	898.8
454.411	907.6
454.823	925.2
455.235	912.6
455.647	891
456.037	918.4
456.449	899.2
456.862	906.4
457.274	921.6
457.665	900.6
458.077	918.8
458.489	945.8
458.902	915.6
459.293	914.6
459.705	920.2
460.118	905.8
460.53	902.4
460.921	911.8
461.334	925.4
461.747	933.6
462.16	916.4
462.551	919.8
462.964	915
463.377	897.8
463.79	908.2
464.182	925.2
464.595	895.4
465.008	919.2
465.421	926
465.813	919.8
466.226	930.8
466.64	916.6
467.053	953.8
467.445	929.8
467.859	929
468.272	914.6
468.686	926.2
469.078	909.8
469.492	914.2
469.906	921.2
470.298	931.2
470.712	908.6
471.126	929
471.54	890
471.933	901
472.347	902
472.761	906.6
473.175	890.4
473.568	893
473.982	896.6
474.397	896.8
474.79	894
475.204	904.2
475.619	882.2
476.033	878
476.426	899.4
476.841	874.2
477.256	912
477.649	879.4
478.064	860.4
478.479	886.2
478.872	868
479.287	869.4
479.702	865.6
480.118	878.6
480.511	870
480.927	869.2
481.342	861.4
481.736	866
482.151	857.2
482.566	877.4
482.96	867.2
483.376	856.6
483.792	843.8
484.186	871.2
484.602	852
485.017	844.4
485.412	851.2
485.827	858.8
486.243	842.2
486.638	877.6
487.054	862.6
487.47	853.2
487.865	837.6
488.281	842.8
488.697	834
489.092	832.2
489.508	830.6
489.925	842.4
490.32	814.4
490.736	844
491.153	829.4
491.548	823.4
491.964	831.6
492.381	815.4
492.776	809.4
493.193	814
493.61	825
494.006	811.4
494.422	820.4
494.84	792.4
495.235	814.2
495.652	793.6
496.069	802.6
496.465	795.8
496.883	790.6
497.3	814.8
497.696	788.6
498.113	790.8
498.509	784.6
498.927	782.2
499.344	779
499.741	776.2
500.158	782
500.576	773.2
500.973	778.2
501.39	757.8
501.787	755
502.205	771
502.623	767.2
503.02	748.6
503.438	747
503.856	752
504.253	761.4
504.671	767
505.068	747.2
505.486	752.2
505.905	756.2
506.302	754.6
506.72	758
507.118	735.2
507.536	727.4
507.955	732.2
508.352	732.8
508.771	733
509.169	732.6
509.587	723.4
510.006	725.6
510.404	720.6
510.823	716.2
511.221	710.2
511.64	715
512.038	731.2
512.457	711.8
512.877	717.8
513.275	709.4
513.694	711.6
514.092	711.2
514.512	715.6
514.91	718.4
515.33	702.4
515.749	701.6
516.148	700.8
516.568	708.8
516.966	694
517.386	706.2
517.785	698
518.205	684.6
518.603	691.4
519.024	684.4
519.444	686.6
519.843	703
520.263	695
520.662	690.2
521.082	688.2
521.481	676.2
521.902	682.4
522.301	683.8
522.722	685.6
523.121	681.6
523.542	662.6
523.963	682.4
524.362	677.4
524.783	673.2
525.183	660
525.604	672.8
526.003	658.8
526.425	655
526.824	666.4
527.246	675.2
527.646	674.4
528.067	658.4
528.467	665.4
528.888	661.2
529.289	655
529.71	660.8
530.11	651.8
530.532	647
530.932	645
531.354	640
531.755	680.6
532.176	653.2
532.577	647.2
532.999	649.4
533.4	642.8
533.822	652
534.223	651.6
534.645	637.4
535.046	630.2
535.468	640.6
535.869	647.6
536.292	634.8
536.693	660.6
537.115	637.4
537.516	632
537.939	630.8
538.34	645.8
538.742	635
539.165	626.4
539.566	628.2
539.989	625.4
540.391	625
540.814	628.2
541.216	624.2
541.639	627.4
542.041	634.2
542.464	615.2
542.866	609.4
543.268	620
543.691	629.6
544.093	619.4
544.517	644.2
544.919	615.8
545.343	635.8
545.745	616.6
546.147	616.6
546.571	614.6
546.974	614.4
547.398	616.2
547.8	628.2
548.224	611.6
548.627	607.4
549.03	613.4
549.454	612
549.857	604
550.281	601.6
550.684	602.4
551.087	610.2
551.512	614.6
551.915	608.6
552.34	602.4
552.743	603.2
553.146	606.8
553.571	609.2
553.975	617.2
554.399	590.8
554.803	645.8
555.207	598.6
555.632	601.4
556.036	597.6
556.461	600.2
556.865	606.8
557.268	587.8
557.694	589
558.098	609
558.502	606.4
558.927	588.2
559.332	596.6
559.736	594.6
560.162	598.4
560.566	589.2
560.992	596.2
561.396	591.2
561.801	590.2
562.227	587.4
562.631	587.2
563.036	594.4
563.462	593.4
563.867	581
564.272	577.2
564.698	592.2
565.103	579.4
565.508	609.2
565.935	591.2
566.34	584
566.745	593.6
567.172	581.8
567.577	600.6
567.982	594.8
568.409	588.8
568.815	578
569.22	583.2
569.626	585.4
570.053	572.4
570.459	574.2
570.865	593.4
571.292	588.2
571.698	586.4
572.104	567.2
572.531	569
572.937	590.6
573.343	574
573.75	584.4
574.177	575.6
574.583	584.8
574.99	569.8
575.396	575.8
575.824	571.6
576.231	585.6
576.637	578.2
577.065	600.8
577.472	569.8
577.879	572.6
578.286	592.2
578.714	572.2
579.121	573.6
579.528	581.2
579.935	579
580.364	563.2
580.771	551.2
581.178	559
581.585	572.8
582.014	576.2
582.421	569.2
582.829	567.4
583.236	567.8
583.644	562.8
584.073	571.8
584.481	574.4
584.889	566.2
585.296	575
585.726	565.4
586.134	560
586.542	558.8
586.95	584.2
587.358	550.4
587.787	569
588.196	579.2
588.604	568.4
589.012	560.6
589.421	560
589.851	562.8
590.259	568.4
590.668	561.6
591.076	603
591.485	562.4
591.894	558.8
592.324	576.4
592.733	571.4
593.142	555
593.551	561
593.96	584.2
594.369	554
594.8	551.2
595.209	557.6
595.618	547.4
596.028	556
596.437	555.6
596.847	560.2
597.256	559
597.687	560.4
598.097	554.4
598.507	547.4
598.917	564
599.327	564.2
599.736	559.4
600.146	559.2
600.556	556
600.988	568.4
601.398	555.4
601.808	558.4
602.219	552.8
602.629	558.6
603.039	549.6
603.45	573.6
603.86	549.2
604.271	563.4
604.703	549.6
605.114	556.4
605.525	550.8
605.935	557
606.346	574.6
606.757	558.2
607.168	552
607.579	553
607.99	554.4
608.402	556.8
608.813	560.4
609.224	550.4
609.636	546.6
610.047	545
610.48	552.4
610.892	557.2
611.303	559.6
611.715	544.6
612.127	546
612.539	557.8
612.95	551.4
613.362	541.2
613.774	538.6
614.186	549.4
614.599	546.2
615.011	559.4
615.423	558.4
615.835	543.4
616.248	547.4
616.66	554.6
617.073	537.4
617.485	553.6
617.898	561
618.311	556.8
618.723	554.2
619.136	582
619.549	557.4
619.962	571.8
620.375	544.6
620.788	561.6
621.201	556.6
621.614	555.6
622.028	556.8
622.441	548.2
622.854	569.8
623.268	545.4
623.681	558.8
624.095	547
624.509	559.2
624.922	559.6
625.336	538.4
625.728	548.2
626.142	551.4
626.556	570.6
626.97	561.4
627.384	545.2
627.799	551.2
628.213	546.4
628.627	552.2
629.041	548.4
629.456	542.6
629.87	557.4
630.285	557.6
630.699	563.4
631.093	546.6
631.507	553
631.922	555.6
632.337	567
632.752	539
633.167	549.6
633.582	541
633.997	547
634.412	542
634.806	544.2
635.221	533.2
635.637	544.8
636.052	527.2
636.468	548.6
636.883	559.8
637.299	539.4
637.715	534
638.109	542.2
638.525	541.6
638.941	557.2
639.357	543.4
639.773	554.2
640.189	543.8
640.584	547
641	551
641.416	542.8
641.832	541.6
642.249	535.6
642.665	549.6
643.06	553.8
643.477	552.2
643.894	537.6
644.31	547.6
644.727	543
645.123	541.2
645.54	541.8
645.957	548.6
646.374	552
646.77	547.4
647.187	570.2
647.604	535.4
648.021	531.8
648.439	543.4
648.835	544.6
649.252	543.2
649.67	545.4
650.088	544.4
650.484	548.2
650.902	545.8
651.32	550.4
651.738	547.4
652.134	541.2
652.552	568.4
652.971	553.6
653.389	542.6
653.786	553
654.204	564.4
654.622	541.8
655.019	545
655.438	546
655.857	541.6
656.275	550.8
656.673	538.6
657.091	551.4
657.51	535
657.908	555.2
658.327	555.2
658.746	531.4
659.144	542.4
659.563	557.8
659.982	536.6
660.38	538
660.8	532.2
661.219	550.4
661.617	543
662.037	549
662.457	555
662.855	530.4
663.275	569.6
663.695	540.6
664.094	554.2
664.514	550.8
664.934	540.2
665.333	546.6
665.753	537.2
666.152	538.2
666.572	535.4
666.993	552.8
667.392	545.4
667.812	539.8
668.212	541.6
668.632	557
669.053	545
669.453	540.6
669.874	536.4
670.273	543.2
670.694	534.4
671.116	556.6
671.515	552
671.937	534
672.337	533.6
672.758	539.6
673.158	551.4
673.58	535.4
673.98	542.6
674.402	556.8
674.824	547.4
675.224	536.6
675.646	529.2
676.047	541.2
676.469	544.2
676.869	542.6
677.292	537.8
677.693	546
678.115	536.2
678.516	547.2
678.939	539.6
679.34	545
679.762	546.6
680.164	549.2
680.586	540.6
680.988	547
681.411	566.4
681.812	535
682.236	538
682.637	537.8
683.061	535.2
683.462	540.8
683.864	539.4
684.288	547.8
684.69	526.8
685.114	548.4
685.516	545.8
685.94	531.8
686.342	541.4
686.766	533
687.168	540.4
687.571	550
687.995	537.2
688.398	534.6
688.822	538.2
689.225	548.8
689.628	548.6
690.052	534.4
690.456	539.2
690.88	538.2
691.284	529.6
691.687	546.8
692.112	529.8
692.515	527.4
692.919	539.6
693.344	543.6
693.747	532.6
694.173	535.2
694.577	548.6
694.98	539.4
695.406	532
695.81	543.2
696.214	541.4
696.64	541.6
697.044	543.6
697.448	548.4
697.874	531.6
698.279	536.4
698.684	533
699.11	530.6
699.514	529.2
699.919	540
700.324	524.4
700.75	538.8
701.156	535.4
701.561	551
701.987	536.8
702.393	547.6
702.798	543.8
703.203	543.2
703.63	528.8
704.036	534.2
704.442	537.8
704.847	528.6
705.274	533.4
705.68	543.6
706.086	542.6
706.492	535.4
706.92	536.2
707.326	537.4
707.732	534.4
708.139	537
708.545	530.6
708.973	540.2
709.38	542.2
709.786	534.8
710.193	557.2
710.6	537.8
711.028	524.4
711.435	544
711.842	543
712.249	537
712.656	538.8
713.064	554.2
713.492	532.2
713.9	533.6
714.307	539.8
714.715	534
715.123	537.6
715.53	546.8
715.938	541.2
716.367	543.6
716.775	530.4
717.184	526.6
717.592	536.8
718	553.2
718.408	569.8
718.816	573.2
719.225	537.4
719.633	536.4
720.042	538.8
720.472	540.4
720.881	551.8
721.29	548
721.699	531
722.108	548.2
722.517	536.2
722.926	545
723.335	547.2
723.744	534.4
724.154	542.4
724.563	548.8
724.973	540.4
725.382	549.6
725.792	539.2
726.202	534.4
726.612	551.6
727.022	534
727.432	531.4
779.813	530
780.223	572
780.634	540.6
781.044	529.2
781.454	529.6
781.865	540.8
782.276	528.6
782.686	542.4
783.097	530.4
783.508	532.2
783.919	535.8
784.33	548.2
784.741	551.6
785.152	533
785.563	524.4
785.974	530.4
786.386	542.4
786.776	525.8
787.188	533.4
787.599	528.4
788.011	543.8
788.423	541.2
788.835	538.2
789.247	524.4
789.659	530.4
790.071	544.8
790.483	571.4
790.874	537
791.286	546.2
791.699	530.8
792.111	536.2
792.524	545.2
792.937	521.8
793.349	529.8
793.741	532.4
794.154	533.8
794.567	551.4
794.98	540.2
795.393	526.2
795.785	544.8
796.198	528.2
796.612	545.6
797.026	530.4
797.439	522.8
797.831	532.6
798.245	526.8
798.659	531
799.073	531.4
799.487	531.2
799.88	540.2
800.294	536.4
800.708	540.6
801.123	535.6
801.516	556.2
801.93	520.4
802.345	529
802.76	540.8
803.153	557.6
803.568	541.6
803.983	543.4
804.377	543.4
804.792	525
805.207	513.4
805.601	539.4
806.016	563.2
806.432	532
806.826	561.8
807.242	539.4
807.658	537
808.052	537.2
808.468	528
808.884	533.6
809.279	543.6
809.695	538.2
810.111	555.2
810.506	540.4
810.922	554.6
811.339	532.6
811.734	544
812.151	532.8
812.546	530.6
812.963	534.6
813.38	540
813.776	537
814.193	551
814.589	528.2
815.006	528.8
815.402	537.4
815.82	530.8
816.237	539.4
816.633	536.2
817.051	529
817.448	535
817.866	526.6
818.262	559.2
818.68	531
819.077	530.2
819.495	531.6
819.892	571.2
820.311	528.4
820.708	531
821.127	532
821.524	544.4
821.943	539.8
822.34	552.8
822.759	537.8
823.157	538
823.576	548.2
823.974	539.4
824.393	579.4
824.791	541
825.189	526
825.609	528.2
826.007	533.4
826.427	526.2
826.826	530
827.246	536.6
827.644	525.4
828.043	546.8
828.463	527.4
828.862	544
829.261	545
829.682	527.2
830.081	542.4
830.502	531.2
830.901	535
831.301	546
831.722	527
832.121	533
832.521	536.6
832.943	537
833.342	527.2
833.742	527.4
834.164	533.4
834.564	528.8
834.965	536.6
835.386	530.6
835.787	530.8
836.188	534.8
836.588	531.6
837.01	528.6
837.411	526.8
837.812	534.6
838.213	532.6
838.636	530.8
839.037	595
839.438	537.8
839.84	536.2
840.263	539.8
840.664	540
841.066	530.8
841.468	534
841.891	532.4
842.293	536
842.695	537.2
843.098	540.8
843.5	532.4
843.902	537.8
844.326	539.8
844.729	524.6
845.131	541
845.534	529.6
845.937	541
846.34	538.4
846.764	519.2
847.167	538.6
847.571	514.8
847.974	527.4
848.377	532
848.781	574.6
849.184	545.6
849.588	527.6
849.992	527
850.396	531
850.821	550.6
851.225	531.2
851.63	534.2
852.034	547.8
852.438	524.8
852.843	558
853.247	529
853.652	527.4
854.057	547.6
854.462	530.4
854.867	542.8
855.272	566.8
855.677	537.6
856.082	530
856.487	523.8
856.893	540.8
857.298	534.8
857.704	530.6
858.11	536.8
858.516	540
858.922	528.6
859.328	537
859.734	540
860.14	537.6
860.525	532.4
860.931	517.6
861.338	527
861.745	528.2
862.151	544.6
862.558	539.4
862.965	525.8
863.372	531.6
863.779	529.4
864.186	548.8
864.572	530.6
864.98	545.2
865.387	556.4
865.795	524.2
866.203	540
866.61	524.4
867.018	540.2
867.405	527.8
867.813	526
868.221	526
868.63	532
869.038	539.6
869.425	567
869.834	532.8
870.243	529.4
870.652	530.2
871.039	527.4
871.448	526.8
871.857	537.2
872.266	541.4
872.654	534.8
873.064	535.4
873.473	545
873.883	527.2
874.271	532.2
874.681	538.2
875.091	516.6
875.48	542.2
875.89	552.6
876.3	527.8
876.689	525
877.1	525.4
877.51	534.4
877.9	545.8
878.31	524.2
878.721	556.2
879.111	658
879.522	526.6
879.933	521.8
880.323	520
880.734	519.8
881.125	535.2
881.536	515.8
881.948	527.8
882.338	544
882.75	548.8
883.141	525.4
883.553	541.6
883.944	549.6
884.356	540
884.769	526.4
885.16	532.6
885.573	537.2
885.964	527
886.377	530.8
886.768	521
887.181	530
887.573	535
887.987	539.2
888.378	540.6
888.792	530.8
889.184	577.4
889.598	522.8
889.99	530.4
890.383	531
890.797	521.6
891.19	548.2
891.604	539.8
891.997	522.4
892.411	530.6
892.805	524.6
893.198	526.4
893.613	512.4
894.006	539
894.421	521.2
894.815	527.6
895.209	521
895.624	561
896.018	548
896.412	528.4
896.828	522.6
897.222	529
897.617	523.6
898.033	553.4
898.427	528.4
898.822	523.6
899.239	522.4
899.634	523.6
900.029	545.8
900.424	522.8
900.841	522.2
901.236	536.8
901.632	537.6
902.027	582
902.445	542
902.841	525.2
903.237	534.2
903.633	548.6
904.05	533
904.447	533.6
904.843	542.6
905.24	528
905.636	524.2
906.033	532.4
906.451	538.4
906.848	526
907.246	523.8
907.643	531.2
908.04	538.8
908.438	546.6
908.835	536.2
909.254	539
909.652	534.8
910.05	530.4
910.448	520.2
910.846	530.4
911.244	527.6
911.643	534
912.041	531.6
912.44	535.4
912.839	524
913.237	525.4
913.636	520.2
914.035	535.6
914.434	521
914.834	540.2
915.233	535
915.633	529.8
916.032	520.6
916.432	526.8
916.832	541.4
917.232	527
917.632	519.8
918.032	543.4
918.432	526
918.833	526.6
919.233	533.2
919.634	516.6
920.035	538
920.436	530.8
920.837	542.2
921.238	522.2
921.639	529
922.019	531.4
922.42	534.4
922.822	536.6
923.224	532.8
923.625	521.8
924.027	526.8
924.429	556
924.81	529
925.212	534.8
925.615	534.4
926.017	525
926.42	535.8
926.801	534.8
927.204	529.2
927.607	528.4
928.01	544.2
928.413	534.6
928.795	521.2
929.199	529
929.602	529.4
930.006	529.2
930.388	522
930.792	535.4
931.196	524.6
931.579	551.6
931.983	523.2
932.388	569
932.771	519.6
933.176	524.4
933.58	535.8
933.964	545.4
934.369	530.2
934.774	539.2
935.158	522.8
935.563	526.2
935.947	535.6
936.353	533.2
936.759	526.6
937.143	530.4
937.549	519.6
937.934	540.4
938.34	538.4
938.746	523.4
939.131	526.6
939.538	524.6
939.923	521.6
940.33	509.2
940.716	522.8
941.123	534.8
941.508	535.2
941.916	545.6
942.302	532.2
942.709	518
943.096	516.6
943.503	531.8
943.89	525.2
944.298	519
944.685	551.2
945.072	527
945.48	538.6
945.867	516
946.276	522.2
946.663	543.2
947.051	538.8
947.46	544.6
947.848	529.6
948.257	522.4
948.645	531.2
949.033	525.4
949.443	529
949.831	568.4
950.22	519.6
950.63	529.6
951.018	545.6
951.407	522.4
951.796	518.6
952.207	535.6
952.596	532.2
952.985	525.6
953.375	565.8
953.786	530
954.176	518.6
954.566	531
954.956	519.6
955.367	527.2
955.758	548.4
956.148	529.2
956.539	542
956.929	524
957.341	523.8
957.732	524.4
958.123	530.4
958.515	523.6
958.906	529.2
959.297	522.2
959.689	522.8
960.102	522.8
960.494	531.4
960.886	528.8
961.278	526
961.67	547
962.062	567.8
962.455	526
962.847	520.8
963.24	523.4
963.633	522.6
964.026	520.2
964.419	528.4
964.812	528.8
965.206	521.2
965.599	529.6
965.993	523.2
966.386	528.4
966.78	544.6
967.174	529.4
967.569	525
967.963	519.4
968.357	516
968.752	523.8
969.146	526
969.541	525
969.936	523.6
970.331	523.4
970.705	514.6
971.1	521.8
971.496	529.6
971.892	529
972.287	526
972.683	528.6
973.079	516.4
973.454	532.2
973.85	524.6
974.247	534.8
974.643	548.8
975.04	532.4
975.415	525.6
975.812	520.8
976.209	526.2
976.607	523.2
976.982	536.2
977.38	545.4
977.778	527.6
978.175	522.6
978.552	538.8
978.95	531.4
979.348	534.6
979.725	568
980.123	525
980.522	521
980.899	521
981.298	520.4
981.697	532.6
982.075	518.2
982.474	524.6
982.852	527.2
983.251	532.6
983.651	523.4
984.029	527.8
984.429	531.2
984.808	516.6
985.208	524
985.609	522.2
985.987	520.4
986.388	520
986.768	532.4
987.168	522.6
987.548	530.6
987.949	531.4
988.329	529
988.731	512.8
989.111	517.8
989.491	521.6
989.893	528
990.273	529.4
990.676	517.8
991.057	516.4
991.459	525.4
991.84	533.6
992.221	515.4
992.624	536
993.006	533
993.388	524.8
993.791	532
994.173	525.8
994.576	557.2
994.959	515.2
995.341	521.4
995.724	523.4
996.128	525.8
996.511	530.8
996.894	519
997.298	516
997.681	535.2
998.065	520.8
998.448	520.2
998.854	527.8
999.237	520.4
999.621	538
1000.01	538.2
1000.39	520.8
1000.8	522
1001.18	541
1001.56	530.6
1001.95	535.2
1002.33	530.6
1002.72	526.4
1003.13	527.2
1003.51	526.2
1003.9	526.8
1004.28	548.8
1004.67	523.2
1005.06	528.8
1005.44	555.6
1005.83	519.6
1006.21	524.8
1006.6	527.2
1006.99	538.2
1007.37	536.2
1007.76	527.4
1060.12	519.6
1060.51	517
1060.89	535.6
1061.28	533
1061.67	530.4
1062.06	527.2
1062.45	526
1062.83	521.6
1063.22	545.4
1063.61	561.4
1064	531.8
1064.39	518.4
1064.78	517.2
1065.14	536.4
1065.53	522.8
1065.92	531.8
1066.31	513.6
1066.7	535.4
1067.09	535.2
1067.46	530.4
1067.85	521
1068.24	521.2
1068.63	530.6
1069.02	524.6
1069.39	532.4
1069.78	522.4
1070.17	523.8
1070.57	516.6
1070.93	527.4
1071.33	521.4
1071.72	524.4
1072.11	523.8
1072.48	517
1072.87	529.4
1073.26	525.8
1073.64	517.6
1074.03	511.6
1074.4	520.6
1074.79	522.4
1075.19	525.2
1075.56	525.6
1075.95	528.2
1076.34	529
1076.72	531
1077.11	527.8
1077.48	540.8
1077.88	523.4
1078.25	521.8
1078.64	530.8
1079.02	528.6
1079.41	532
1079.78	525.4
1080.18	515.6
1080.55	584
1080.95	516
1081.32	512.6
1081.72	522.6
1082.09	523.6
1082.49	521
1082.86	523.6
1083.24	509.8
1083.63	512.2
1084.01	514.6
1084.38	529.6
1084.78	518.6
1085.16	529.2
1085.55	530.6
1085.93	534.8
1086.31	521
1086.7	547.2
1087.08	527.6
1087.46	522.6
1087.83	507
1088.23	535
1088.61	524
1088.99	533.4
1089.36	513.8
1089.76	516.8
1090.14	523.2
1090.52	523.8
1090.9	514.4
1091.27	536.6
1091.67	545.2
1092.05	525.2
1092.43	521.8
1092.81	533.4
1093.19	534
1093.57	522
1093.95	522.8
1094.35	529.8
1094.73	536.4
1095.11	518.2
1095.49	523.6
1095.87	526.4
1096.25	531.4
1096.63	535.4
1097.01	522.6
1097.39	530.2
1097.77	528.2
1098.15	528.2
1098.53	517
1098.91	524.4
1099.29	521.8
1099.68	540.6
1100.06	531.8
1100.44	519
1100.82	528.2
1101.18	526.4
1101.56	517.6
1101.95	512.6
1102.33	522.2
1102.71	526.2
1103.1	522.4
1103.48	512.8
1103.86	518
1104.22	530.2
1104.61	523.4
1104.99	517
1105.38	515.4
1105.76	525.6
1106.12	533.2
1106.51	561.4
1106.89	534.4
1107.26	521.4
1107.64	528.2
1108.03	522.2
1108.41	522.2
1108.78	533.6
1109.16	524.8
1109.55	529
1109.91	521.6
1110.3	509.4
1110.69	532
1111.05	517.8
1111.44	518.6
1111.8	517.2
1112.19	521.4
1112.58	517.8
1112.94	521.4
1113.33	513.6
1113.7	515.4
1114.09	513.6
1114.45	530.2
1114.84	516.4
1115.21	524.8
1115.6	517.2
1115.96	522.2
1116.35	527.2
1116.72	519.6
1117.11	524.4
1117.48	511.8
1117.85	513.8
1118.24	527.8
1118.6	527.8
1118.99	522.6
1119.36	531.2
1119.73	524.8
1120.12	526
1120.49	520.2
1120.86	539.6
1121.25	524.2
1121.62	514
1121.99	519.2
1122.38	529
1122.76	520.8
1123.13	526.6
1123.5	524.6
1123.89	534.8
1124.26	510.6
1124.63	522.6
1125	524
1125.4	505
1125.77	514.4
1126.14	516.2
1126.51	520.4
1126.88	522.6
1127.26	514
1127.63	508.2
1128.02	519
1128.4	510
1128.77	522.4
1129.14	518.4
1129.52	522.8
1129.89	521
1130.26	519
1130.64	515.2
1131.01	515.6
