#lambda/nm	C1
208.295	469.2
208.67	431.2
209.045	393.8
209.419	399.8
209.794	556
210.169	548.2
210.544	670.4
210.919	563.4
211.295	561.4
211.67	567.4
212.045	563.8
212.421	560.2
212.796	603
213.172	569.4
213.547	559.2
213.923	566.4
214.299	561.6
214.675	581.4
215.051	573
215.427	575
215.803	581.6
216.179	576.4
216.555	555.6
216.932	572
217.308	569.2
217.684	563.4
218.061	577.2
218.438	573.2
218.814	562.4
219.191	570.8
219.568	563
219.945	570.2
220.322	568.8
220.699	571.4
221.076	574
221.453	573
221.83	568.8
222.208	563.8
222.585	562.8
222.962	571.2
223.34	571.6
223.717	572.8
224.095	559
224.473	564.6
224.851	565.8
225.229	551
225.607	581.8
225.985	562
226.363	572.8
226.741	573
227.119	570.4
227.497	575.8
227.876	556.8
228.254	570.2
228.633	566
229.011	568.6
229.39	569.2
229.769	573.8
230.148	567.2
230.527	589.8
230.905	565.6
231.284	573.6
231.664	558.2
232.043	578.4
232.422	569.2
232.801	566
233.181	578.4
233.56	561.4
233.94	567
234.319	560.2
234.699	570.2
235.079	606
235.458	600
235.838	583.8
236.218	561.8
236.598	558
236.978	565.6
237.358	570
237.738	571.8
238.119	576.4
238.499	558.6
238.88	572
239.26	589.6
239.641	559
240.021	565
240.402	578.6
240.783	563
241.163	568
241.544	570.8
241.925	566.6
242.306	585.6
242.687	573.6
243.069	578.6
243.45	570.4
243.831	558.4
244.212	562.2
244.594	603.4
244.975	580.4
245.357	578.6
245.739	562.2
246.12	575.8
246.502	579
246.884	569.4
247.266	564.4
247.648	573.4
248.03	596
248.412	573.2
248.794	571
249.176	564.4
249.559	571.4
249.941	554.6
250.323	566.4
250.706	555.6
251.089	566.8
251.471	572.6
251.854	567.6
252.237	565.6
252.62	575
253.002	562.6
253.385	564.6
253.769	575.4
254.152	568.2
254.535	573.4
254.918	556
255.301	561.4
255.685	558.6
256.068	563
256.452	579.6
256.835	570.4
257.219	570
257.603	575.6
257.986	558
258.37	571.8
258.754	547.2
259.138	566.4
259.522	574.6
259.906	563
260.29	563
260.675	559.8
261.059	562.2
261.443	558.6
261.828	569.2
262.212	563.2
262.597	552.8
262.981	559.2
263.366	571.8
263.751	563.8
264.136	562.4
264.521	564.8
264.906	559
265.291	571.4
265.676	565
266.061	574
266.446	581.8
266.831	562.4
267.217	579.8
267.602	569.8
267.987	569.4
268.373	563.4
268.759	575
269.144	574
269.53	572.6
269.916	570.8
270.302	570.6
270.688	569.4
271.074	575.2
271.46	580.4
271.846	597
272.232	575.2
272.618	560.8
273.004	567
273.391	574.4
273.777	581.6
274.164	567.8
274.55	575.2
274.937	564.2
275.324	561.8
275.71	579.4
276.097	571.6
276.484	566.2
276.871	568.4
277.258	572.8
277.645	554
278.032	568.2
278.419	567
278.807	575
279.194	560.8
279.581	565.2
279.969	571.6
280.356	567.4
280.744	562
281.131	592.2
281.519	578.2
281.907	554.2
282.295	562.2
282.682	580.4
283.07	572
283.458	576.4
283.846	572.4
284.235	573.8
284.623	579
285.011	562
285.399	577.4
285.788	572.4
286.176	552.8
286.565	585.8
286.953	561.4
287.342	566.8
287.731	565.4
288.119	555
288.508	568.6
288.897	563.8
289.286	554.2
289.675	565.2
290.064	571.8
290.453	560
290.821	569.8
291.21	584
291.599	565.6
291.989	571.4
292.378	578.2
292.768	587
293.157	562.6
293.547	574.8
293.936	565.2
294.326	560.8
294.716	572.2
295.106	570.2
295.496	577
295.886	580.4
296.276	565.2
296.666	565.6
297.056	562.8
297.446	557.4
297.836	588.2
298.227	563.6
298.617	568.6
299.008	584.4
299.398	572.8
299.789	561.4
300.179	572.6
300.57	580.6
300.961	569
301.352	564.4
301.742	567.6
302.133	566.8
302.524	564
302.915	567
303.307	558.2
303.698	581.2
304.089	572.6
304.48	578.2
304.872	573.2
305.263	568.8
305.655	561.2
306.046	585.4
306.438	572
306.829	554.2
307.221	581.8
307.613	572
308.005	564.2
308.397	578.2
308.789	585.6
309.181	590.4
309.573	586.8
309.965	577.4
310.357	569.6
310.749	574.6
311.142	559.8
311.534	569.2
311.926	579
312.319	569.8
312.711	560.6
313.104	581.6
313.497	562.8
313.889	604.2
314.282	579.8
314.675	594
315.068	569.2
315.461	576.6
315.854	597
316.247	567
316.64	567.4
317.033	566
317.405	577.2
317.798	569.8
318.192	575.8
318.585	567.4
318.979	585
319.372	562
319.766	572.8
320.16	579
320.553	576.2
320.947	587
321.341	564.4
321.735	568.8
322.129	557.8
322.523	604
322.917	567.2
323.311	583.8
323.705	573
324.099	573.8
324.494	587
324.888	575.6
325.282	566.2
325.677	591.8
326.071	576
326.466	587.4
326.861	572.2
327.255	583.2
327.65	575.4
328.045	585.6
328.44	575.6
328.835	573.8
329.23	561
329.625	591.8
330.02	559.8
330.415	588.4
330.81	572.4
331.206	573
331.601	560.8
331.996	575.2
332.37	588.4
332.766	559.8
333.161	597.6
333.557	571.6
333.953	571.4
334.348	855.4
334.744	567.8
335.14	564.8
335.536	572.4
335.932	582.2
336.328	574.2
336.724	590
337.12	569.4
337.516	575
337.913	567.8
338.309	591.2
338.705	571.4
339.102	581.6
339.498	565
339.895	588.6
340.291	568.2
340.688	579.2
341.085	564.6
341.481	564.8
341.878	573
342.275	583
342.672	569.4
343.069	563
343.466	562.4
343.842	581
344.239	566.2
344.636	573.2
345.033	560
345.431	561.6
345.828	575
346.225	563.6
346.623	600
347.02	562.4
347.418	574
347.816	579.4
348.213	557.6
348.611	577.8
349.009	567.4
349.407	584.2
349.805	564.4
350.203	558.4
350.601	577.2
350.999	564.6
351.397	611.4
351.795	563.4
352.193	577.4
352.57	573.4
352.969	576.6
353.367	560
353.766	554
354.164	567.2
354.563	574.8
354.961	573
355.36	552.6
355.759	570.2
356.158	562.4
356.557	557.6
356.956	552.2
357.355	549
357.754	573.4
358.153	572.6
358.552	591
358.951	562
359.35	572.8
359.75	558.6
360.149	556.2
360.527	546.6
360.926	550.6
361.326	564.8
361.726	559
362.125	557.6
362.525	565
362.925	556.6
363.325	557.4
363.724	562.4
364.124	553.2
364.524	548.8
364.924	555.2
365.324	574.4
365.725	555.6
366.125	567.6
366.525	559.2
366.904	547.2
367.304	548.6
367.705	586.4
368.105	573
368.506	565
368.906	558.8
369.307	559.8
369.708	571.8
370.108	553.6
370.509	574.2
370.91	551.8
371.311	552.6
371.712	566
372.113	558.8
372.514	551
372.894	566.2
373.295	554.8
373.696	565.6
374.097	561
374.499	583.8
374.9	562
375.301	552.8
375.703	564.2
376.105	555.6
376.506	561.4
376.908	569.4
377.309	562.2
377.711	564.8
378.113	552.8
378.493	568.6
378.895	554.6
379.297	571.8
379.699	551.6
380.102	568.2
380.504	562.6
380.906	561.2
381.308	586
381.71	564.8
382.113	567.8
382.515	562.2
382.918	562.8
383.299	564.8
383.701	571.4
384.104	563.6
384.507	545
384.909	556.8
385.312	547.4
385.715	541.2
386.118	556.8
386.521	552.6
386.924	572.4
387.327	548.2
387.709	544.4
388.112	541.6
388.515	557.4
388.918	556.4
389.322	562.4
389.725	559.6
390.129	574.2
390.532	565
390.936	554.4
391.339	553.2
391.743	558.8
392.125	559.2
392.529	570.4
392.933	565.4
393.337	557.6
393.74	562.2
394.144	557.4
394.548	557.6
394.953	555.6
395.357	567.2
395.761	554.8
396.144	554.6
396.548	562.6
396.952	562.4
397.357	562.2
397.761	555.8
398.166	557.6
398.57	552.4
398.975	545.6
399.379	554.6
399.763	600.6
400.168	557.6
400.572	561.6
400.977	561
401.382	582.2
401.787	571.2
402.192	582.2
402.597	577
403.002	540.8
403.386	568.4
403.791	573.4
404.197	562.6
404.602	557
405.007	560.8
405.413	544.8
405.818	559.8
406.224	548.8
406.608	557.8
407.014	550.6
407.42	575.6
407.825	559.8
408.231	565.4
408.637	557.2
409.043	568.4
409.449	559.2
409.834	556
410.24	560.6
410.646	573
411.052	575.8
411.458	566
411.865	564.2
412.271	560.2
412.677	558.6
413.062	569
413.469	553.8
413.875	579.4
414.282	573
414.689	577.2
415.095	568.2
415.502	556.4
415.888	561.4
416.294	551.4
416.701	590.8
417.108	558
417.515	569.4
417.923	562
418.33	581.2
418.715	560.4
419.123	562.6
419.53	559.2
419.937	560.2
420.345	571.8
420.752	558.4
421.16	576.2
421.546	561.8
421.953	568.6
422.361	562.6
422.769	558.2
423.177	561.2
423.585	585.8
423.992	580.8
424.379	571.2
424.787	567.6
425.195	578.6
425.603	561.4
426.011	563.8
426.419	578.6
426.806	564.8
427.214	570
427.623	580.4
428.031	579.8
428.44	576
428.848	577.6
429.235	594.2
429.644	573.8
430.053	575.2
430.461	584.4
430.87	607.8
431.279	595.8
431.666	596
432.075	595.2
432.484	611
432.893	617.2
433.302	639.2
433.711	662.8
434.099	641.4
434.508	637.6
434.918	644
435.327	669.2
435.737	675
436.125	670.8
436.534	679.2
436.944	693.2
437.353	703
437.763	739.6
438.173	722
438.561	748
438.971	727.8
439.381	741.4
439.791	756.2
440.201	746.6
440.589	772.8
440.999	783.8
441.409	783.4
441.819	773.6
442.23	814.2
442.619	812
443.029	803.6
443.439	817
443.85	833.8
444.26	831.4
444.649	830.6
445.06	832
445.471	841
445.881	829.6
446.292	860.8
446.682	863
447.092	833.4
447.503	888.8
447.914	856.8
448.325	858.2
448.715	850
449.126	858.2
449.537	850.8
449.948	869.4
450.338	872.4
450.75	874.6
451.161	867.4
451.572	872.6
451.984	876
452.374	848.8
452.786	874.4
453.197	883.6
453.609	886.8
453.999	854
454.411	861.2
454.823	881
455.235	875.2
455.647	873.8
456.037	879.2
456.449	858.8
456.862	879.8
457.274	868.6
457.665	872.8
458.077	885.6
458.489	909
458.902	887.2
459.293	886.6
459.705	894.2
460.118	872.2
460.53	883.8
460.921	889
461.334	880
461.747	881.8
462.16	899.2
462.551	900.8
462.964	903.8
463.377	874.6
463.79	876.2
464.182	893.6
464.595	879.6
465.008	899
465.421	889.2
465.813	888.6
466.226	906.2
466.64	886.6
467.053	917
467.445	891.2
467.859	902
468.272	890.4
468.686	885.2
469.078	885
469.492	879.8
469.906	890.2
470.298	884.6
470.712	877
471.126	899.4
471.54	874.2
471.933	870.6
472.347	888.6
472.761	878.6
473.175	871.8
473.568	873
473.982	874.4
474.397	869.2
474.79	875.6
475.204	877.8
475.619	873.2
476.033	874.8
476.426	863
476.841	861.8
477.256	887
477.649	851.8
478.064	855.2
478.479	852.6
478.872	856
479.287	839
479.702	844.8
480.118	853.8
480.511	852.2
480.927	845
481.342	850.6
481.736	844.8
482.151	835.8
482.566	844.4
482.96	843.6
483.376	850.6
483.792	830.2
484.186	833.8
484.602	818.4
485.017	831.4
485.412	837.6
485.827	835
486.243	825.4
486.638	848.6
487.054	830
487.47	841.6
487.865	817.6
488.281	819.4
488.697	819.2
489.092	808
489.508	800.8
489.925	827
490.32	798.8
490.736	815.6
491.153	806.8
491.548	808.6
491.964	811.2
492.381	797.4
492.776	798.6
493.193	791.4
493.61	801.4
494.006	789.8
494.422	808
494.84	794
495.235	805
495.652	793.4
496.069	788.2
496.465	776.2
496.883	788.2
497.3	795.2
497.696	769.8
498.113	777.6
498.509	757.6
498.927	761.8
499.344	749.6
499.741	763.2
500.158	772.2
500.576	775.6
500.973	755.8
501.39	742.8
501.787	750
502.205	751.2
502.623	742.2
503.02	738.6
503.438	744.6
503.856	746.8
504.253	755.6
504.671	737.2
505.068	740
505.486	724.8
505.905	751
506.302	732.8
506.72	746.6
507.118	721
507.536	719.2
507.955	731.2
508.352	719
508.771	736
509.169	716.4
509.587	723.4
510.006	710
510.404	703.8
510.823	712.2
511.221	708.8
511.64	704.8
512.038	715.2
512.457	702.2
512.877	706.6
513.275	701.2
513.694	699.4
514.092	699
514.512	697.2
514.91	703
515.33	695
515.749	705.6
516.148	699.4
516.568	696.8
516.966	695.8
517.386	683
517.785	678.8
518.205	681.8
518.603	677.8
519.024	674.6
519.444	682
519.843	690.4
520.263	692.8
520.662	669.8
521.082	671.2
521.481	674.2
521.902	673.4
522.301	680.8
522.722	673.8
523.121	656.4
523.542	663.4
523.963	669.4
524.362	662.4
524.783	665.8
525.183	658.8
525.604	672.2
526.003	664
526.425	651.8
526.824	663.4
527.246	659.2
527.646	665
528.067	660.4
528.467	649.2
528.888	654
529.289	639.6
529.71	653.2
530.11	641
530.532	647.2
530.932	649.4
531.354	637.6
531.755	675.2
532.176	650.4
532.577	634
532.999	640.6
533.4	634
533.822	657
534.223	653.6
534.645	634.6
535.046	639
535.468	641.6
535.869	644
536.292	626.4
536.693	659.8
537.115	634.2
537.516	633
537.939	631
538.34	649.8
538.742	635.4
539.165	636.2
539.566	621.4
539.989	607.8
540.391	626
540.814	622.8
541.216	618
541.639	625.6
542.041	636.6
542.464	625
542.866	615.6
543.268	615.6
543.691	618.4
544.093	617.2
544.517	637.2
544.919	614.4
545.343	631.6
545.745	605
546.147	610.4
546.571	604.8
546.974	593
547.398	608
547.8	618.4
548.224	605.4
548.627	588.6
549.03	619.2
549.454	593
549.857	604
550.281	597.2
550.684	602.4
551.087	610.6
551.512	606.4
551.915	605
552.34	611
552.743	590.4
553.146	603.2
553.571	600
553.975	609.6
554.399	596.8
554.803	642.8
555.207	584.6
555.632	590.2
556.036	593.2
556.461	587.8
556.865	589.8
557.268	593.8
557.694	595.8
558.098	600.6
558.502	600.2
558.927	592.8
559.332	596
559.736	597.2
560.162	605.8
560.566	587.4
560.992	593.4
561.396	589.8
561.801	587.2
562.227	600.6
562.631	589.2
563.036	583.4
563.462	592.2
563.867	590.8
564.272	571
564.698	582.8
565.103	571.8
565.508	596.4
565.935	584.8
566.34	586.4
566.745	583.2
567.172	576
567.577	597.4
567.982	590.4
568.409	581.4
568.815	573.4
569.22	590.2
569.626	581.2
570.053	570.6
570.459	578.8
570.865	590.6
571.292	580
571.698	584.2
572.104	568
572.531	572.4
572.937	586.8
573.343	584
573.75	566.4
574.177	573.2
574.583	580.6
574.99	582.4
575.396	576.4
575.824	572.8
576.231	578.6
576.637	569.6
577.065	590.2
577.472	565.6
577.879	574
578.286	585.8
578.714	576.2
579.121	566.6
579.528	568.2
579.935	580.4
580.364	563.6
580.771	555
581.178	563
581.585	576.8
582.014	584.8
582.421	562.8
582.829	561
583.236	565
583.644	564.6
584.073	562.2
584.481	564.6
584.889	557.6
585.296	574.6
585.726	569.6
586.134	556.6
586.542	563.2
586.95	584
587.358	555.2
587.787	569.8
588.196	584.4
588.604	560.6
589.012	569.2
589.421	547
589.851	561.6
590.259	566.4
590.668	561
591.076	588.6
591.485	557
591.894	560.2
592.324	574
592.733	576.8
593.142	549
593.551	560.2
593.96	586.8
594.369	550.2
594.8	550.6
595.209	557.8
595.618	540.8
596.028	552.6
596.437	546.4
596.847	555
597.256	558.2
597.687	558
598.097	553.2
598.507	552.6
598.917	553.2
599.327	569.6
599.736	559.4
600.146	572.4
600.556	559
600.988	569.6
601.398	553.4
601.808	563.4
602.219	544
602.629	555
603.039	556.2
603.45	578.6
603.86	551.2
604.271	564.6
604.703	562.4
605.114	556
605.525	556.2
605.935	555.6
606.346	580.6
606.757	555.8
607.168	562
607.579	549.4
607.99	570.2
608.402	560.2
608.813	563.4
609.224	552.6
609.636	545
610.047	554.8
610.48	555
610.892	562.8
611.303	562
611.715	552.6
612.127	551.6
612.539	549.2
612.95	559.4
613.362	543.6
613.774	543.2
614.186	544.6
614.599	547.4
615.011	575.8
615.423	550
615.835	544
616.248	539
616.66	565.2
617.073	542.4
617.485	542.2
617.898	557.8
618.311	554.8
618.723	561.2
619.136	577.6
619.549	570.4
619.962	576.8
620.375	555.6
620.788	555.4
621.201	558.2
621.614	562.2
622.028	550.4
622.441	562
622.854	562.2
623.268	549
623.681	553.6
624.095	546.6
624.509	559
624.922	558.2
625.336	551.2
625.728	553.6
626.142	564
626.556	578.2
626.97	555.6
627.384	550.2
627.799	549
628.213	570.4
628.627	552.4
629.041	550.8
629.456	549.6
629.87	559.6
630.285	568.4
630.699	560.4
631.093	553.2
631.507	557.6
631.922	564
632.337	566.2
632.752	544.2
633.167	550.2
633.582	549.6
633.997	549
634.412	543.4
634.806	560
635.221	548.8
635.637	566.6
636.052	550.2
636.468	556.2
636.883	574
637.299	559.4
637.715	541.8
638.109	554
638.525	543
638.941	567.2
639.357	552.6
639.773	561
640.189	552.6
640.584	547
641	553
641.416	545.8
641.832	554.2
642.249	545.6
642.665	547.2
643.06	550.4
643.477	557.6
643.894	536.2
644.31	549.4
644.727	537.6
645.123	547
645.54	538
645.957	555.8
646.374	552.8
646.77	547.8
647.187	573
647.604	544.8
648.021	541.6
648.439	547.8
648.835	544.2
649.252	542.4
649.67	546.4
650.088	551.6
650.484	559.4
650.902	549.8
651.32	554
651.738	544.4
652.134	548.2
652.552	568.4
652.971	549.8
653.389	541.2
653.786	555.6
654.204	566
654.622	539.2
655.019	544.6
655.438	550.4
655.857	543.6
656.275	550.8
656.673	541.8
657.091	551.2
657.51	539.4
657.908	558.4
658.327	563.2
658.746	538.4
659.144	546.6
659.563	556.4
659.982	541.8
660.38	538.2
660.8	552.2
661.219	560.6
661.617	550.2
662.037	542.6
662.457	553.8
662.855	531.6
663.275	569.6
663.695	543.6
664.094	540.6
664.514	536.8
664.934	530.6
665.333	540.2
665.753	540.8
666.152	536.8
666.572	540.4
666.993	559.2
667.392	549.8
667.812	540.6
668.212	534.6
668.632	555.2
669.053	547.6
669.453	549
669.874	548
670.273	544.8
670.694	538.2
671.116	560.6
671.515	560
671.937	548.2
672.337	537.4
672.758	540.4
673.158	551.6
673.58	538.6
673.98	546.8
674.402	549.6
674.824	533.4
675.224	540.4
675.646	536
676.047	543.8
676.469	545.8
676.869	547.2
677.292	540
677.693	532
678.115	531.8
678.516	541.8
678.939	538.2
679.34	534
679.762	564.2
680.164	547.6
680.586	538.2
680.988	547
681.411	555.8
681.812	535.8
682.236	538.2
682.637	537.4
683.061	536.2
683.462	545
683.864	533
684.288	544.2
684.69	535.8
685.114	554.8
685.516	549.8
685.94	539
686.342	549.6
686.766	537
687.168	542.6
687.571	554
687.995	549
688.398	523.8
688.822	536.4
689.225	555.6
689.628	563
690.052	541
690.456	545.2
690.88	540.6
691.284	542
691.687	544.4
692.112	529.6
692.515	539
692.919	537.6
693.344	545.2
693.747	535.4
694.173	528.4
694.577	547.2
694.98	538
695.406	530.8
695.81	539.8
696.214	538
696.64	543
697.044	539
697.448	551.4
697.874	534.6
698.279	540.2
698.684	525.6
699.11	530.4
699.514	536.6
699.919	538
700.324	528
700.75	545
701.156	534
701.561	548.8
701.987	541.6
702.393	545.8
702.798	549.6
703.203	527.6
703.63	541.4
704.036	539.8
704.442	540.4
704.847	536.6
705.274	536.4
705.68	542.6
706.086	542.8
706.492	536
706.92	537.2
707.326	551.4
707.732	538.4
708.139	539
708.545	532.6
708.973	542
709.38	540.6
709.786	534.8
710.193	556.8
710.6	537.8
711.028	524.8
711.435	532.6
711.842	545.6
712.249	531.6
712.656	539.2
713.064	547
713.492	534.2
713.9	534.8
714.307	543.2
714.715	536.2
715.123	546.6
715.53	543
715.938	548.6
716.367	547.2
716.775	542
717.184	533.2
717.592	538.6
718	551
718.408	575.4
718.816	568.6
719.225	529
719.633	537.8
720.042	534.4
720.472	539.2
720.881	558.6
721.29	541
721.699	530.2
722.108	547.6
722.517	537.2
722.926	539.2
723.335	547.2
723.744	539.6
724.154	548
724.563	538.2
724.973	533.2
725.382	532.8
725.792	539.4
726.202	526
726.612	555.6
727.022	532.4
727.432	528.4
779.813	532
780.223	574.4
780.634	532.8
781.044	540.6
781.454	534.6
781.865	549.6
782.276	535.2
782.686	548.4
783.097	534.8
783.508	531.2
783.919	546.4
784.33	541.6
784.741	544.2
785.152	534.6
785.563	530
785.974	526
786.386	541.8
786.776	530.2
787.188	539.2
787.599	534.4
788.011	540
788.423	537.4
788.835	527.8
789.247	530.6
789.659	524.8
790.071	535.2
790.483	573.6
790.874	533.4
791.286	534.8
791.699	526
792.111	533.2
792.524	534.4
792.937	534
793.349	531.6
793.741	526.6
794.154	528.4
794.567	539
794.98	536.2
795.393	520.2
795.785	551.4
796.198	529.8
796.612	540.4
797.026	531.4
797.439	520.6
797.831	527.4
798.245	523.2
798.659	536.8
799.073	528.6
799.487	529.4
799.88	535.4
800.294	524.8
800.708	542.2
801.123	532
801.516	557
801.93	520
802.345	526
802.76	528.6
803.153	547.2
803.568	551.6
803.983	545.8
804.377	533.6
804.792	531
805.207	520.6
805.601	536.2
806.016	561.8
806.432	533.4
806.826	560.4
807.242	555.6
807.658	535
808.052	529.4
808.468	523.8
808.884	531.4
809.279	532.8
809.695	546
810.111	552.4
810.506	535.4
810.922	544.4
811.339	530.4
811.734	542.4
812.151	531.4
812.546	533.6
812.963	531.8
813.38	533.2
813.776	536.6
814.193	550.2
814.589	531.6
815.006	527.2
815.402	531.4
815.82	527.6
816.237	535.6
816.633	533.4
817.051	522
817.448	535.4
817.866	522.6
818.262	551.2
818.68	538
819.077	533.8
819.495	534
819.892	573.8
820.311	528.6
820.708	533
821.127	530
821.524	544
821.943	535.2
822.34	542.8
822.759	527.6
823.157	533.8
823.576	549.8
823.974	538.2
824.393	549.4
824.791	529
825.189	525.4
825.609	532.4
826.007	528.4
826.427	521.8
826.826	526
827.246	543.2
827.644	524
828.043	536.4
828.463	531.2
828.862	542.4
829.261	537.6
829.682	526.8
830.081	539.2
830.502	525.8
830.901	538
831.301	547.6
831.722	530.8
832.121	531.6
832.521	528.8
832.943	531.8
833.342	526.4
833.742	527.2
834.164	528
834.564	523.8
834.965	533.8
835.386	528.4
835.787	524
836.188	528.6
836.588	535.8
837.01	529.8
837.411	522.8
837.812	543
838.213	536.4
838.636	532.4
839.037	591
839.438	532.2
839.84	535.6
840.263	535
840.664	535
841.066	531.2
841.468	530.6
841.891	529
842.293	549
842.695	539.4
843.098	539.6
843.5	529.6
843.902	532.6
844.326	540.6
844.729	539
845.131	548.2
845.534	533.6
845.937	542.4
846.34	552
846.764	527.8
847.167	531.8
847.571	517.8
847.974	536.2
848.377	528
848.781	573.2
849.184	547
849.588	526.6
849.992	524
850.396	532
850.821	546.2
851.225	535
851.63	531.6
852.034	545.8
852.438	538.4
852.843	566.6
853.247	522.6
853.652	530
854.057	550.2
854.462	539.2
854.867	534
855.272	559.2
855.677	537
856.082	523.4
856.487	521
856.893	530.6
857.298	526.4
857.704	524.6
858.11	534.8
858.516	542.2
858.922	533
859.328	538.8
859.734	530.6
860.14	538.8
860.525	531.4
860.931	522.8
861.338	532
861.745	536.2
862.151	539.6
862.558	540.4
862.965	528.6
863.372	526
863.779	522.2
864.186	550.4
864.572	531
864.98	549.6
865.387	565.4
865.795	523.6
866.203	539
866.61	526.4
867.018	543
867.405	534.2
867.813	537.4
868.221	525.2
868.63	525.2
869.038	545.4
869.425	567.2
869.834	533.6
870.243	524.4
870.652	518.8
871.039	529.2
871.448	536
871.857	542
872.266	536.4
872.654	531.4
873.064	528.2
873.473	537.4
873.883	528
874.271	532.8
874.681	545.4
875.091	529.6
875.48	545
875.89	558.6
876.3	530.8
876.689	529.4
877.1	534
877.51	539.4
877.9	552.2
878.31	530.6
878.721	564.8
879.111	665.2
879.522	531.4
879.933	518.8
880.323	521.8
880.734	523.6
881.125	529.6
881.536	529.8
881.948	523.6
882.338	536.2
882.75	533
883.141	526.8
883.553	529.8
883.944	556.2
884.356	533
884.769	519.4
885.16	527.2
885.573	530
885.964	511.2
886.377	528.8
886.768	514.6
887.181	529.2
887.573	522.8
887.987	541.6
888.378	543.2
888.792	535.8
889.184	577
889.598	529
889.99	532.4
890.383	515
890.797	523.2
891.19	543.4
891.604	528.6
891.997	512.2
892.411	519.8
892.805	527.2
893.198	525.6
893.613	516.4
894.006	530.4
894.421	521.8
894.815	518.6
895.209	525.8
895.624	571.8
896.018	539
896.412	526
896.828	526.6
897.222	519
897.617	528.4
898.033	552
898.427	532
898.822	530.8
899.239	522.6
899.634	528.4
900.029	544
900.424	523.6
900.841	519.2
901.236	539
901.632	540
902.027	578.2
902.445	538.8
902.841	531
903.237	527.4
903.633	549.6
904.05	534.2
904.447	532.6
904.843	540.6
905.24	525.2
905.636	515.8
906.033	522.8
906.451	537.2
906.848	519.8
907.246	527.8
907.643	534.2
908.04	531.2
908.438	541.2
908.835	527.6
909.254	528.2
909.652	525.2
910.05	522.6
910.448	524
910.846	526.8
911.244	520
911.643	520.8
912.041	528
912.44	553.6
912.839	521.4
913.237	522.4
913.636	523
914.035	535.6
914.434	529.4
914.834	547.6
915.233	536
915.633	522.6
916.032	518.4
916.432	516.6
916.832	544.6
917.232	527.6
917.632	515.8
918.032	528.2
918.432	524
918.833	527.4
919.233	528.6
919.634	513.2
920.035	524.2
920.436	525.8
920.837	538.2
921.238	520.2
921.639	530.4
922.019	532
922.42	531
922.822	537
923.224	522.2
923.625	523.6
924.027	531.4
924.429	551.8
924.81	533.8
925.212	542.6
925.615	532.4
926.017	520.8
926.42	539.8
926.801	533
927.204	533
927.607	539.2
928.01	541.4
928.413	530.8
928.795	514
929.199	524.6
929.602	535
930.006	526.2
930.388	523.2
930.792	538
931.196	532.4
931.579	568.4
931.983	523.8
932.388	570.6
932.771	522.2
933.176	515.2
933.58	532
933.964	526
934.369	516.8
934.774	536.8
935.158	526.8
935.563	528
935.947	533.6
936.353	532.8
936.759	528.8
937.143	528.4
937.549	521.2
937.934	533.8
938.34	545.2
938.746	527.6
939.131	523.4
939.538	522.2
939.923	534.4
940.33	527.2
940.716	531
941.123	526.6
941.508	533.4
941.916	548.4
942.302	537.6
942.709	515
943.096	521.6
943.503	533.8
943.89	522
944.298	523.6
944.685	552
945.072	523.8
945.48	539.2
945.867	527
946.276	523.2
946.663	542.6
947.051	547.2
947.46	536.4
947.848	532.2
948.257	524
948.645	529.8
949.033	532.2
949.443	526
949.831	558.6
950.22	526
950.63	540.2
951.018	559.6
951.407	534
951.796	520.4
952.207	541
952.596	536.2
952.985	525
953.375	568.2
953.786	521
954.176	531.2
954.566	529.2
954.956	513
955.367	522.4
955.758	545.4
956.148	521.6
956.539	534.2
956.929	523
957.341	519.4
957.732	529.8
958.123	537.2
958.515	528
958.906	542.8
959.297	530.6
959.689	523.8
960.102	518.8
960.494	529.8
960.886	526.6
961.278	526.6
961.67	550.8
962.062	570.8
962.455	530.2
962.847	511
963.24	524.4
963.633	523.4
964.026	520.8
964.419	528.6
964.812	531.6
965.206	522.6
965.599	532.8
965.993	519.6
966.386	523
966.78	538.8
967.174	537.2
967.569	529.2
967.963	521
968.357	518.8
968.752	520
969.146	528.2
969.541	519.4
969.936	527
970.331	528.8
970.705	528
971.1	523.6
971.496	540
971.892	518.2
972.287	524.6
972.683	528.6
973.079	524.2
973.454	535.8
973.85	532
974.247	535.6
974.643	554
975.04	526.2
975.415	519.4
975.812	521.8
976.209	533.2
976.607	520.4
976.982	533
977.38	536.2
977.778	524.2
978.175	521.4
978.552	530
978.95	530.4
979.348	530.2
979.725	557.6
980.123	520.4
980.522	520.6
980.899	525.2
981.298	517.4
981.697	533
982.075	519.6
982.474	516.2
982.852	523.2
983.251	531.6
983.651	519
984.029	525.2
984.429	527.6
984.808	512.2
985.208	519
985.609	518
985.987	514
986.388	521
986.768	535.4
987.168	526
987.548	532.8
987.949	525.6
988.329	522
988.731	509.4
989.111	526.8
989.491	524.2
989.893	525.2
990.273	524.6
990.676	519.6
991.057	517
991.459	521.2
991.84	520.6
992.221	516.8
992.624	538.8
993.006	530.6
993.388	523.2
993.791	533.8
994.173	530
994.576	556.2
994.959	520.4
995.341	512.4
995.724	529.2
996.128	526
996.511	532
996.894	517.8
997.298	520.6
997.681	535.4
998.065	526.6
998.448	524.6
998.854	531.4
999.237	512.4
999.621	534.2
1000.01	541.6
1000.39	524.8
1000.8	528.2
1001.18	532.8
1001.56	534.8
1001.95	523.2
1002.33	524.6
1002.72	516.2
1003.13	527.2
1003.51	522.6
1003.9	520.6
1004.28	537.6
1004.67	526.8
1005.06	527
1005.44	548.4
1005.83	516.8
1006.21	523.8
1006.6	521.6
1006.99	535.4
1007.37	533.8
1007.76	528.2
1060.12	518.4
1060.51	517
1060.89	523.6
1061.28	529.8
1061.67	532.2
1062.06	524.4
1062.45	521.4
1062.83	525.6
1063.22	530.2
1063.61	553.4
1064	528.2
1064.39	524
1064.78	524.2
1065.14	535.4
1065.53	522.8
1065.92	531
1066.31	519.4
1066.7	526.8
1067.09	536
1067.46	539
1067.85	529.6
1068.24	527.6
1068.63	533.4
1069.02	523.2
1069.39	525.4
1069.78	528.4
1070.17	516.6
1070.57	515.8
1070.93	536
1071.33	514.6
1071.72	524.2
1072.11	519
1072.48	520.2
1072.87	522.6
1073.26	530.2
1073.64	521.2
1074.03	522.4
1074.4	517.6
1074.79	520.8
1075.19	528.6
1075.56	529.4
1075.95	531.4
1076.34	522
1076.72	518.6
1077.11	527.6
1077.48	528.6
1077.88	526
1078.25	524.6
1078.64	533
1079.02	524.8
1079.41	530.6
1079.78	517.4
1080.18	520.4
1080.55	581.2
1080.95	517.6
1081.32	514
1081.72	529.4
1082.09	528.4
1082.49	511
1082.86	512
1083.24	520.8
1083.63	511.8
1084.01	528.6
1084.38	541.6
1084.78	520.6
1085.16	521
1085.55	532.8
1085.93	530
1086.31	520.6
1086.7	552.6
1087.08	525
1087.46	522.8
1087.83	515.6
1088.23	538.4
1088.61	526.6
1088.99	526
1089.36	528
1089.76	524
1090.14	518
1090.52	523.4
1090.9	517
1091.27	532.4
1091.67	547.8
1092.05	530.2
1092.43	521.8
1092.81	538.6
1093.19	530.8
1093.57	522
1093.95	521.2
1094.35	531.4
1094.73	532
1095.11	526.2
1095.49	516.8
1095.87	519.4
1096.25	539.2
1096.63	529.4
1097.01	521.2
1097.39	525.6
1097.77	519
1098.15	525.4
1098.53	526.4
1098.91	523.4
1099.29	527.2
1099.68	538.8
1100.06	531
1100.44	528.4
1100.82	523.8
1101.18	525
1101.56	525.4
1101.95	517.2
1102.33	520
1102.71	532.6
1103.1	519.4
1103.48	509.2
1103.86	511
1104.22	531.4
1104.61	517
1104.99	525.4
1105.38	514.8
1105.76	521.8
1106.12	515.6
1106.51	562
1106.89	535.6
1107.26	525.8
1107.64	527.4
1108.03	521
1108.41	519.2
1108.78	522.8
1109.16	525.6
1109.55	530.2
1109.91	516
1110.3	510.8
1110.69	535.4
1111.05	524
1111.44	524
1111.8	516
1112.19	525.6
1112.58	529.8
1112.94	522.4
1113.33	528.8
1113.7	514.6
1114.09	512.4
1114.45	515.2
1114.84	526.6
1115.21	527.2
1115.6	523.4
1115.96	525.2
1116.35	530
1116.72	517.6
1117.11	533
1117.48	515.8
1117.85	531
1118.24	532.6
1118.6	522.8
1118.99	515
1119.36	521.8
1119.73	516.4
1120.12	518
1120.49	510.4
1120.86	521.4
1121.25	523.4
1121.62	514.6
1121.99	512.4
1122.38	534.6
1122.76	517.6
1123.13	517
1123.5	526.4
1123.89	522.6
1124.26	512.8
1124.63	528
1125	519.8
1125.4	518.6
1125.77	525.8
1126.14	512.8
1126.51	514.8
1126.88	523
1127.26	516.8
1127.63	508
1128.02	512.8
1128.4	515.4
1128.77	527.8
1129.14	519
1129.52	521.8
1129.89	518.4
1130.26	517.4
1130.64	517.2
1131.01	517.8
