#lambda/nm	C1
208.295	469.8
208.67	433.8
209.045	394.4
209.419	397.6
209.794	564.6
210.169	545
210.544	665.8
210.919	567
211.295	557.4
211.67	567.8
212.045	561.8
212.421	571.2
212.796	599
213.172	557.4
213.547	561.4
213.923	567
214.299	559.4
214.675	567.8
215.051	571.8
215.427	568.4
215.803	583.4
216.179	576.4
216.555	555
216.932	576.8
217.308	572.6
217.684	569
218.061	573.8
218.438	569.4
218.814	564
219.191	573.6
219.568	563.2
219.945	568.6
220.322	567.2
220.699	580.4
221.076	575.2
221.453	575.4
221.83	566.8
222.208	560
222.585	574.2
222.962	562.4
223.34	579.8
223.717	566.6
224.095	565.2
224.473	573.8
224.851	562.2
225.229	562
225.607	578.8
225.985	566
226.363	577.6
226.741	568.2
227.119	576.8
227.497	580.6
227.876	558.4
228.254	573.8
228.633	573.8
229.011	570.4
229.39	577.8
229.769	568
230.148	584
230.527	592.2
230.905	572.2
231.284	573.8
231.664	567.4
232.043	573.2
232.422	574.2
232.801	563.2
233.181	573.6
233.56	566.4
233.94	569.2
234.319	556.4
234.699	575.6
235.079	601.4
235.458	599.2
235.838	580.6
236.218	560.8
236.598	562.4
236.978	563
237.358	565.2
237.738	557.8
238.119	576
238.499	560.6
238.88	574.6
239.26	584.8
239.641	554.4
240.021	559.4
240.402	564
240.783	563.4
241.163	576.4
241.544	570.6
241.925	565.2
242.306	583.6
242.687	571.2
243.069	568.8
243.45	571.6
243.831	575.4
244.212	560.8
244.594	604.8
244.975	576.8
245.357	578.2
245.739	566.8
246.12	574.8
246.502	574.4
246.884	578.4
247.266	562.4
247.648	568.2
248.03	583.8
248.412	577.4
248.794	578.4
249.176	570.6
249.559	574.8
249.941	568.2
250.323	562.4
250.706	558.2
251.089	575.4
251.471	571.2
251.854	573.2
252.237	566.6
252.62	575.4
253.002	566.6
253.385	567
253.769	584.8
254.152	571.4
254.535	577.8
254.918	565
255.301	569.8
255.685	566
256.068	565
256.452	587.8
256.835	576
257.219	576.2
257.603	585.8
257.986	567.4
258.37	572.6
258.754	558.4
259.138	582.4
259.522	578.6
259.906	559.6
260.29	569
260.675	567.2
261.059	571.2
261.443	560
261.828	573.6
262.212	571.8
262.597	558.6
262.981	572
263.366	571
263.751	579.4
264.136	557
264.521	570.6
264.906	568.2
265.291	574.4
265.676	554.8
266.061	574.8
266.446	588.8
266.831	570.6
267.217	590.8
267.602	575
267.987	573.8
268.373	564.6
268.759	579.2
269.144	578.6
269.53	578.4
269.916	565.2
270.302	561.8
270.688	577.4
271.074	577.2
271.46	582.4
271.846	597.2
272.232	579
272.618	566
273.004	573.6
273.391	579.8
273.777	574.6
274.164	586
274.55	582
274.937	563.6
275.324	571.6
275.71	575.2
276.097	570.6
276.484	565.8
276.871	574.4
277.258	572.8
277.645	563.2
278.032	571
278.419	572.4
278.807	575.8
279.194	564.8
279.581	566
279.969	570.2
280.356	572
280.744	572.6
281.131	589.8
281.519	585.6
281.907	568.4
282.295	563.2
282.682	576.4
283.07	580
283.458	585.6
283.846	576.8
284.235	584
284.623	575.6
285.011	565
285.399	575.2
285.788	573.2
286.176	559.8
286.565	586.4
286.953	567.8
287.342	571.4
287.731	570.2
288.119	561.4
288.508	573.2
288.897	572.4
289.286	561.2
289.675	568.4
290.064	576
290.453	567.6
290.821	563
291.21	579.6
291.599	565
291.989	570.2
292.378	575.6
292.768	583.4
293.157	576.2
293.547	573.4
293.936	565.8
294.326	560.6
294.716	572.4
295.106	573.8
295.496	576.2
295.886	576.4
296.276	564.8
296.666	565
297.056	567.2
297.446	559.8
297.836	592.4
298.227	563.4
298.617	578.2
299.008	583
299.398	575
299.789	565
300.179	578.8
300.57	576.4
300.961	569.8
301.352	560.6
301.742	580.4
302.133	582.2
302.524	569.6
302.915	577.4
303.307	574
303.698	582.2
304.089	579
304.48	577.6
304.872	576.2
305.263	571
305.655	572.4
306.046	568.6
306.438	571.4
306.829	559.8
307.221	586.2
307.613	579.6
308.005	571.2
308.397	582
308.789	584.8
309.181	594.6
309.573	583
309.965	583.6
310.357	564.6
310.749	564.6
311.142	558.4
311.534	558.8
311.926	574
312.319	571.2
312.711	553.6
313.104	583.6
313.497	564.8
313.889	606.6
314.282	589.6
314.675	597
315.068	568.4
315.461	574.2
315.854	591.8
316.247	577.4
316.64	567.6
317.033	567.6
317.405	580.4
317.798	568.8
318.192	572.2
318.585	572.4
318.979	573.4
319.372	568.8
319.766	568.4
320.16	581.4
320.553	584.8
320.947	589.8
321.341	567.8
321.735	574.2
322.129	552.8
322.523	594.4
322.917	564.2
323.311	589.4
323.705	570
324.099	585.6
324.494	591
324.888	585.8
325.282	562.8
325.677	579.4
326.071	579.8
326.466	579.8
326.861	569
327.255	579.6
327.65	585.6
328.045	585.4
328.44	573.8
328.835	566.8
329.23	567
329.625	589.2
330.02	566.8
330.415	592.4
330.81	579.2
331.206	580.6
331.601	565.4
331.996	574.8
332.37	593.2
332.766	565.6
333.161	596.8
333.557	562.6
333.953	569
334.348	852.6
334.744	563.2
335.14	568
335.536	560
335.932	579.6
336.328	577.4
336.724	579.2
337.12	561.8
337.516	573.2
337.913	567
338.309	571.4
338.705	566.8
339.102	577.6
339.498	568.6
339.895	568.6
340.291	572.6
340.688	583.6
341.085	559.2
341.481	569.2
341.878	567.6
342.275	584.8
342.672	569.8
343.069	567.2
343.466	561.8
343.842	585.8
344.239	558.4
344.636	565.4
345.033	569.8
345.431	565.8
345.828	574.8
346.225	565
346.623	597.2
347.02	575.4
347.418	574.2
347.816	575.8
348.213	563.2
348.611	572.8
349.009	563.6
349.407	574
349.805	558.4
350.203	549.8
350.601	578.4
350.999	561
351.397	601.6
351.795	567.6
352.193	571
352.57	573.6
352.969	578
353.367	565.8
353.766	550.6
354.164	576.2
354.563	571
354.961	565.8
355.36	562.8
355.759	563.6
356.158	555.2
356.557	561.4
356.956	554.6
357.355	562
357.754	565.2
358.153	574.4
358.552	585.8
358.951	569.6
359.35	579.2
359.75	568.4
360.149	565.6
360.527	548.8
360.926	552.6
361.326	563.2
361.726	568.6
362.125	560
362.525	566.2
362.925	564.4
363.325	564
363.724	566.2
364.124	563
364.524	566
364.924	564.2
365.324	574.2
365.725	549.2
366.125	573.4
366.525	566
366.904	556.4
367.304	549.8
367.705	577.4
368.105	572.8
368.506	569.6
368.906	562.4
369.307	565.4
369.708	565.2
370.108	553.8
370.509	572.2
370.91	554.8
371.311	578.4
371.712	566.8
372.113	567.2
372.514	551
372.894	565
373.295	557
373.696	572.8
374.097	578.8
374.499	584.2
374.9	562
375.301	553.6
375.703	564.6
376.105	548
376.506	565.8
376.908	568.4
377.309	563.2
377.711	565.4
378.113	561.8
378.493	557.2
378.895	559.8
379.297	572.6
379.699	545.4
380.102	569
380.504	564.4
380.906	559
381.308	592.2
381.71	564
382.113	570
382.515	561
382.918	568.6
383.299	563.2
383.701	569.2
384.104	568.2
384.507	548
384.909	559.8
385.312	547
385.715	554.4
386.118	559.4
386.521	544
386.924	571
387.327	554.6
387.709	546.6
388.112	539.4
388.515	555.6
388.918	562
389.322	565.8
389.725	560.2
390.129	582.2
390.532	563.2
390.936	563.8
391.339	550.6
391.743	568.4
392.125	563.4
392.529	561.6
392.933	567.4
393.337	560.6
393.74	557.2
394.144	560.6
394.548	554.6
394.953	559.8
395.357	563.4
395.761	561.6
396.144	566.4
396.548	554.8
396.952	564.4
397.357	570.8
397.761	558.2
398.166	566
398.57	565.4
398.975	550.2
399.379	560
399.763	603.6
400.168	555.4
400.572	561.6
400.977	564
401.382	577.8
401.787	565.8
402.192	575.4
402.597	567.6
403.002	549.6
403.386	573
403.791	585
404.197	560.2
404.602	567.8
405.007	564.8
405.413	559.4
405.818	565.6
406.224	553.6
406.608	558.6
407.014	552.2
407.42	576
407.825	554.6
408.231	562
408.637	562.8
409.043	569.2
409.449	553
409.834	551.4
410.24	567.6
410.646	568
411.052	559.6
411.458	566
411.865	563.4
412.271	574.8
412.677	554.8
413.062	570.6
413.469	550.2
413.875	586.4
414.282	569.2
414.689	568.8
415.095	565.4
415.502	553.2
415.888	559.8
416.294	553.4
416.701	600.8
417.108	553.2
417.515	569.2
417.923	567
418.33	584.2
418.715	570.6
419.123	558
419.53	556.6
419.937	562.2
420.345	577.8
420.752	562
421.16	575.2
421.546	560.2
421.953	566.2
422.361	557.2
422.769	562.4
423.177	564
423.585	585.4
423.992	580
424.379	573.2
424.787	569.8
425.195	579.4
425.603	557
426.011	572
426.419	580.8
426.806	569.8
427.214	575.6
427.623	579.8
428.031	574.4
428.44	570.8
428.848	584.2
429.235	587.6
429.644	573.6
430.053	577.8
430.461	588.2
430.87	604.6
431.279	591.6
431.666	573.8
432.075	595.8
432.484	604.6
432.893	604.8
433.302	619.8
433.711	655.6
434.099	624.4
434.508	632
434.918	625
435.327	646.8
435.737	647
436.125	659.2
436.534	668.6
436.944	671
437.353	679.8
437.763	696.2
438.173	680.4
438.561	708.6
438.971	692.2
439.381	709.2
439.791	720
440.201	704.8
440.589	728
440.999	743.8
441.409	737
441.819	737
442.23	751.4
442.619	767.4
443.029	750
443.439	759.6
443.85	777
444.26	787.2
444.649	776.2
445.06	766.6
445.471	778
445.881	777.6
446.292	801.6
446.682	809
447.092	778
447.503	842.2
447.914	802.6
448.325	798.2
448.715	799.4
449.126	790.6
449.537	810
449.948	813
450.338	809.2
450.75	828.6
451.161	826.6
451.572	827.6
451.984	811.4
452.374	798
452.786	809.4
453.197	801.6
453.609	825.4
453.999	808
454.411	815
454.823	825.4
455.235	830
455.647	826.2
456.037	828.6
456.449	821.8
456.862	828
457.274	827.6
457.665	818.2
458.077	827.2
458.489	847.2
458.902	816
459.293	837
459.705	828.8
460.118	818.6
460.53	829.2
460.921	830.2
461.334	819.8
461.747	827.8
462.16	838.2
462.551	847
462.964	840.6
463.377	818.4
463.79	817
464.182	848.6
464.595	822
465.008	836.2
465.421	824.4
465.813	830
466.226	843.8
466.64	824.6
467.053	869.8
467.445	835
467.859	851
468.272	827.4
468.686	833.8
469.078	818.6
469.492	815
469.906	833.2
470.298	837.8
470.712	821.4
471.126	838.4
471.54	811.4
471.933	812.2
472.347	821.6
472.761	808.2
473.175	816.4
473.568	815.6
473.982	815.8
474.397	816.2
474.79	823.4
475.204	815
475.619	812.8
476.033	831.2
476.426	810.4
476.841	809.4
477.256	838
477.649	801.4
478.064	804.4
478.479	806
478.872	797.2
479.287	794
479.702	794
480.118	800.6
480.511	784.4
480.927	791
481.342	791.6
481.736	811.4
482.151	798.6
482.566	801.6
482.96	783.4
483.376	801.4
483.792	791.8
484.186	786.8
484.602	790.6
485.017	780.6
485.412	782.8
485.827	785.2
486.243	781.6
486.638	794.4
487.054	782.2
487.47	776.8
487.865	776
488.281	772.4
488.697	759.8
489.092	755.8
489.508	758.2
489.925	770
490.32	755.8
490.736	772
491.153	768.8
491.548	758.6
491.964	771.6
492.381	749
492.776	764.2
493.193	749.4
493.61	763.8
494.006	749
494.422	766
494.84	732.2
495.235	760
495.652	740
496.069	743.2
496.465	737.4
496.883	752.4
497.3	762
497.696	733.6
498.113	750
498.509	730.4
498.927	715.4
499.344	725
499.741	715
500.158	730.6
500.576	732.6
500.973	728
501.39	726.8
501.787	713.4
502.205	714.8
502.623	705.8
503.02	698.2
503.438	711.4
503.856	709.6
504.253	712.6
504.671	699
505.068	695.8
505.486	702.2
505.905	714.6
506.302	705.8
506.72	710.2
507.118	687.8
507.536	696.6
507.955	697.6
508.352	700
508.771	693.4
509.169	694.6
509.587	682
510.006	689.8
510.404	679.8
510.823	687.8
511.221	673.2
511.64	679.4
512.038	694
512.457	674.8
512.877	681.8
513.275	671.2
513.694	681.6
514.092	670
514.512	678.2
514.91	685.6
515.33	672
515.749	673.6
516.148	676.8
516.568	674.2
516.966	669
517.386	658.6
517.785	660.6
518.205	659.2
518.603	666.4
519.024	659.2
519.444	664
519.843	663.4
520.263	660
520.662	658
521.082	656.6
521.481	648
521.902	655
522.301	655
522.722	658
523.121	648
523.542	646
523.963	646
524.362	655
524.783	645
525.183	651.2
525.604	638.6
526.003	645.4
526.425	640.8
526.824	642.4
527.246	644.8
527.646	646.4
528.067	639.2
528.467	646
528.888	634.2
529.289	626.2
529.71	629.2
530.11	622.4
530.532	624.6
530.932	626
531.354	619.8
531.755	664
532.176	635.6
532.577	626.4
532.999	629.8
533.4	624.4
533.822	634.2
534.223	637
534.645	628
535.046	619.6
535.468	624.4
535.869	636.6
536.292	612.4
536.693	647.2
537.115	622.2
537.516	618
537.939	609
538.34	640.2
538.742	631
539.165	615.8
539.566	617.6
539.989	611.6
540.391	611
540.814	605.6
541.216	608.6
541.639	610.2
542.041	606.4
542.464	609.6
542.866	601.6
543.268	592.6
543.691	610.8
544.093	612
544.517	628.6
544.919	597.6
545.343	627
545.745	603.4
546.147	607.4
546.571	607.8
546.974	593.4
547.398	609.4
547.8	614.6
548.224	605.6
548.627	591.2
549.03	608
549.454	596
549.857	586.4
550.281	586.6
550.684	588
551.087	609
551.512	600.4
551.915	609.2
552.34	593.2
552.743	597.2
553.146	595.8
553.571	596
553.975	601
554.399	590.2
554.803	637.8
555.207	583.4
555.632	591.2
556.036	595.6
556.461	589.6
556.865	588.4
557.268	583
557.694	574.2
558.098	595
558.502	593.4
558.927	585.8
559.332	589
559.736	578.2
560.162	588.8
560.566	587.8
560.992	581.4
561.396	586.8
561.801	579.8
562.227	577.2
562.631	582
563.036	585.8
563.462	588.8
563.867	587.2
564.272	572.4
564.698	585.8
565.103	578
565.508	596.6
565.935	574.8
566.34	583.2
566.745	594.2
567.172	588.8
567.577	603.8
567.982	591.8
568.409	585.4
568.815	575.4
569.22	586.4
569.626	587
570.053	565.2
570.459	574.8
570.865	583.2
571.292	578.6
571.698	579
572.104	563.6
572.531	574.8
572.937	584.8
573.343	573
573.75	575.4
574.177	578.2
574.583	587.4
574.99	573.6
575.396	575
575.824	574.6
576.231	588.2
576.637	569.8
577.065	594.6
577.472	566
577.879	565.2
578.286	583.8
578.714	573
579.121	562.2
579.528	563.6
579.935	582.2
580.364	566.4
580.771	551.2
581.178	562.4
581.585	566.6
582.014	568.6
582.421	562.4
582.829	565
583.236	578.6
583.644	561.4
584.073	562.4
584.481	566.8
584.889	558.2
585.296	568.8
585.726	567.2
586.134	556.4
586.542	570
586.95	575
587.358	557.2
587.787	562.2
588.196	563.6
588.604	568
589.012	555.6
589.421	558.6
589.851	556
590.259	564.4
590.668	555.4
591.076	596
591.485	558.8
591.894	564
592.324	572.6
592.733	574.2
593.142	543
593.551	553.4
593.96	597.6
594.369	556.6
594.8	547.2
595.209	554.8
595.618	535.4
596.028	554.6
596.437	547.2
596.847	556.4
597.256	566
597.687	567
598.097	556.6
598.507	545.4
598.917	556.6
599.327	560.6
599.736	560
600.146	552
600.556	557.8
600.988	568.6
601.398	544.4
601.808	555.8
602.219	546.6
602.629	550.4
603.039	554.2
603.45	577.8
603.86	556
604.271	567
604.703	561
605.114	547.4
605.525	554
605.935	553.2
606.346	578.2
606.757	560.8
607.168	552.8
607.579	547.2
607.99	564.8
608.402	557.8
608.813	561
609.224	551.6
609.636	550.6
610.047	553
610.48	556.2
610.892	562.8
611.303	569.2
611.715	552.6
612.127	545.2
612.539	551.4
612.95	558
613.362	546.2
613.774	542.8
614.186	545.6
614.599	552
615.011	561.8
615.423	557.8
615.835	556.4
616.248	542.4
616.66	559.8
617.073	544.8
617.485	555.4
617.898	563.2
618.311	551.2
618.723	551.8
619.136	579
619.549	565.4
619.962	577
620.375	558.6
620.788	558.2
621.201	552.6
621.614	566.4
622.028	552.2
622.441	555.8
622.854	572.6
623.268	551.6
623.681	557.2
624.095	549.4
624.509	562.6
624.922	559
625.336	540.4
625.728	543.6
626.142	564
626.556	569.2
626.97	558.6
627.384	546.6
627.799	554.4
628.213	558
628.627	551.8
629.041	548.4
629.456	549
629.87	557.2
630.285	565.2
630.699	555.8
631.093	549.8
631.507	565.8
631.922	562.4
632.337	566.6
632.752	539.2
633.167	544.8
633.582	550.8
633.997	551.8
634.412	547.2
634.806	542.6
635.221	538.8
635.637	560.6
636.052	539.6
636.468	549.8
636.883	564.4
637.299	548.8
637.715	535
638.109	541.2
638.525	532.6
638.941	564
639.357	552.6
639.773	557.6
640.189	539.4
640.584	548.6
641	549.2
641.416	531.4
641.832	543
642.249	551.2
642.665	539.8
643.06	550.4
643.477	557.6
643.894	547.2
644.31	542.4
644.727	548.4
645.123	552.6
645.54	550.2
645.957	551
646.374	562.2
646.77	539.6
647.187	571.6
647.604	548
648.021	545.6
648.439	542.8
648.835	547.4
649.252	548.4
649.67	541
650.088	545.4
650.484	549.2
650.902	547.2
651.32	561.6
651.738	541.8
652.134	552.6
652.552	564.6
652.971	554
653.389	542.8
653.786	559.4
654.204	564.8
654.622	536.8
655.019	549.8
655.438	548.4
655.857	551.4
656.275	551.8
656.673	545.4
657.091	553.2
657.51	539
657.908	559.8
658.327	558.8
658.746	537
659.144	544
659.563	555.8
659.982	558.8
660.38	537.2
660.8	548.2
661.219	567
661.617	550.6
662.037	543
662.457	552.6
662.855	528.6
663.275	579.8
663.695	549.6
664.094	550.4
664.514	540.8
664.934	536
665.333	559.2
665.753	535.2
666.152	537
666.572	536
666.993	550.6
667.392	535.2
667.812	539.2
668.212	543.2
668.632	556.4
669.053	539.6
669.453	542
669.874	553.8
670.273	551.6
670.694	547
671.116	553.6
671.515	553.8
671.937	549.4
672.337	534.2
672.758	540.2
673.158	554.4
673.58	538.8
673.98	544.6
674.402	548.8
674.824	538.8
675.224	538.8
675.646	532
676.047	545.4
676.469	535.2
676.869	550
677.292	543.2
677.693	540.8
678.115	539.2
678.516	537.2
678.939	544.4
679.34	545.8
679.762	552.6
680.164	546
680.586	534.8
680.988	541.2
681.411	566
681.812	540
682.236	536.6
682.637	538.8
683.061	538.2
683.462	555
683.864	547.2
684.288	545.2
684.69	536.6
685.114	543.4
685.516	560.4
685.94	538.2
686.342	553.4
686.766	536
687.168	535.4
687.571	559.4
687.995	538.4
688.398	537.4
688.822	538.8
689.225	559.8
689.628	561.4
690.052	541.4
690.456	541.4
690.88	540.4
691.284	535
691.687	550
692.112	541
692.515	540
692.919	545.6
693.344	542.6
693.747	537.2
694.173	534.8
694.577	545.6
694.98	537.6
695.406	536.2
695.81	546
696.214	551
696.64	544
697.044	545.6
697.448	546.2
697.874	540.8
698.279	534
698.684	526.2
699.11	518.8
699.514	537.4
699.919	530.2
700.324	535.4
700.75	547.2
701.156	539
701.561	551.2
701.987	546.4
702.393	552
702.798	548
703.203	535.4
703.63	536
704.036	538
704.442	540.2
704.847	538
705.274	538
705.68	543.2
706.086	543.4
706.492	536.6
706.92	538.2
707.326	543.2
707.732	547.2
708.139	536.4
708.545	536.4
708.973	538.4
709.38	546.6
709.786	533
710.193	562.4
710.6	545.2
711.028	536.2
711.435	547.4
711.842	549.6
712.249	540.4
712.656	538.6
713.064	547.2
713.492	530.6
713.9	536.4
714.307	546.6
714.715	540.8
715.123	549
715.53	550.8
715.938	546
716.367	548
716.775	539.4
717.184	542
717.592	536.6
718	548.4
718.408	570.8
718.816	577.2
719.225	557.6
719.633	538.2
720.042	534.4
720.472	537
720.881	558.8
721.29	542.2
721.699	529.8
722.108	545.4
722.517	547.4
722.926	542.6
723.335	541.6
723.744	536.6
724.154	541.2
724.563	540.4
724.973	546.2
725.382	541.6
725.792	542.4
726.202	534.6
726.612	547.8
727.022	541
727.432	537.2
779.813	542.4
780.223	584.6
780.634	531.6
781.044	528.4
781.454	539
781.865	550.2
782.276	528.8
782.686	548.6
783.097	541.4
783.508	539.6
783.919	548.4
784.33	547.6
784.741	555.2
785.152	531.8
785.563	522
785.974	536.8
786.386	544.6
786.776	544.4
787.188	530.2
787.599	530.2
788.011	548.8
788.423	538.6
788.835	536.6
789.247	528.2
789.659	530.6
790.071	539.4
790.483	575
790.874	531.4
791.286	544.6
791.699	539.4
792.111	540
792.524	543.4
792.937	537.6
793.349	524.8
793.741	528
794.154	534
794.567	554
794.98	538.6
795.393	526.8
795.785	555
796.198	535.4
796.612	543.4
797.026	540.6
797.439	522.4
797.831	530.6
798.245	529.2
798.659	541.4
799.073	534
799.487	535.2
799.88	539.6
800.294	546.8
800.708	534.6
801.123	542.2
801.516	559.8
801.93	524.8
802.345	523.6
802.76	538.4
803.153	552.4
803.568	547.2
803.983	550.8
804.377	542.2
804.792	529.8
805.207	526.6
805.601	545.2
806.016	569.4
806.432	528
806.826	563.2
807.242	551.2
807.658	546.8
808.052	542.8
808.468	531.6
808.884	530.4
809.279	535.8
809.695	546
810.111	564.4
810.506	544.8
810.922	554.2
811.339	529
811.734	557.4
812.151	532
812.546	531.6
812.963	535
813.38	543
813.776	546.4
814.193	559.6
814.589	535.4
815.006	534.8
815.402	528.4
815.82	534.8
816.237	537.2
816.633	542.8
817.051	528.8
817.448	529.2
817.866	536.6
818.262	556
818.68	533.6
819.077	526.8
819.495	536.6
819.892	576.2
820.311	530.2
820.708	537.8
821.127	530.6
821.524	541.6
821.943	549.2
822.34	551.8
822.759	531.8
823.157	539.2
823.576	544.8
823.974	547
824.393	555.8
824.791	529
825.189	534.8
825.609	532.6
826.007	528.6
826.427	526.4
826.826	533.2
827.246	537.6
827.644	527.4
828.043	542.4
828.463	529.8
828.862	537.6
829.261	540.8
829.682	525.4
830.081	546.2
830.502	530.2
830.901	547.4
831.301	556.2
831.722	527.4
832.121	535.8
832.521	532.2
832.943	539.6
833.342	531.6
833.742	528.2
834.164	538.6
834.564	527
834.965	534
835.386	532.6
835.787	530.4
836.188	536
836.588	536.8
837.01	529.4
837.411	523.6
837.812	538.4
838.213	534.2
838.636	538.6
839.037	598
839.438	543.8
839.84	534.6
840.263	549.6
840.664	546
841.066	532.8
841.468	533.6
841.891	529.6
842.293	550.4
842.695	538.4
843.098	546
843.5	522.8
843.902	531.6
844.326	537.6
844.729	530.2
845.131	544
845.534	534.6
845.937	538.8
846.34	539.8
846.764	532.8
847.167	536
847.571	528
847.974	533.4
848.377	532.8
848.781	581.8
849.184	549.2
849.588	530.8
849.992	527.6
850.396	533.2
850.821	549
851.225	546.8
851.63	533.6
852.034	547.8
852.438	532
852.843	558.4
853.247	526
853.652	528.8
854.057	548.2
854.462	532.4
854.867	543.8
855.272	564.4
855.677	541
856.082	527.8
856.487	524
856.893	532.4
857.298	536.4
857.704	522.2
858.11	532.8
858.516	545.6
858.922	539
859.328	545.2
859.734	537.8
860.14	542.2
860.525	533.6
860.931	530.2
861.338	540
861.745	538
862.151	543.6
862.558	536.8
862.965	527.8
863.372	530.6
863.779	529.6
864.186	554.6
864.572	535.4
864.98	554.4
865.387	564.6
865.795	532.8
866.203	540.4
866.61	532.6
867.018	545.8
867.405	544.6
867.813	532.4
868.221	532.4
868.63	535.8
869.038	549
869.425	574.6
869.834	535.4
870.243	535.2
870.652	529.4
871.039	533.2
871.448	530
871.857	536.6
872.266	537.6
872.654	541.2
873.064	523.6
873.473	533.4
873.883	529.8
874.271	523
874.681	543.6
875.091	527.6
875.48	538.8
875.89	549.8
876.3	537.4
876.689	531.2
877.1	530
877.51	537.4
877.9	559.6
878.31	531.6
878.721	566.6
879.111	677.4
879.522	531.6
879.933	522
880.323	518.8
880.734	520.6
881.125	533
881.536	529.6
881.948	536.8
882.338	522.6
882.75	539.4
883.141	525.2
883.553	539.2
883.944	560.2
884.356	538
884.769	526.4
885.16	534.4
885.573	535.2
885.964	526
886.377	529.4
886.768	532.6
887.181	534.6
887.573	528.8
887.987	536
888.378	543.4
888.792	538.2
889.184	575.8
889.598	528
889.99	530
890.383	534.6
890.797	522
891.19	550.6
891.604	530
891.997	522.4
892.411	529.8
892.805	522.2
893.198	531
893.613	517.8
894.006	534.4
894.421	525.2
894.815	528.8
895.209	530.6
895.624	570.4
896.018	554.6
896.412	535.4
896.828	524.8
897.222	541.4
897.617	528.8
898.033	557.2
898.427	529.6
898.822	541.6
899.239	528.6
899.634	526.8
900.029	544
900.424	529.4
900.841	521.8
901.236	541
901.632	537.2
902.027	590.8
902.445	533
902.841	532.2
903.237	529.8
903.633	549.2
904.05	541.8
904.447	541.6
904.843	539.8
905.24	537.6
905.636	520.8
906.033	522.8
906.451	543.2
906.848	521.8
907.246	525.2
907.643	530.6
908.04	535.6
908.438	544.2
908.835	541.2
909.254	536
909.652	531.8
910.05	529.4
910.448	523
910.846	532.2
911.244	527.2
911.643	536.4
912.041	531.8
912.44	539.4
912.839	530
913.237	538
913.636	525.4
914.035	541.4
914.434	534.2
914.834	540.8
915.233	545.6
915.633	525.6
916.032	533.4
916.432	532.8
916.832	543.4
917.232	533.2
917.632	526.2
918.032	531.2
918.432	524.8
918.833	525
919.233	533
919.634	523
920.035	537.8
920.436	519.6
920.837	529
921.238	527.6
921.639	532.2
922.019	526.4
922.42	531.8
922.822	538.2
923.224	531.4
923.625	530.8
924.027	537.8
924.429	550.4
924.81	531.2
925.212	538.6
925.615	536.2
926.017	532.6
926.42	545
926.801	535.8
927.204	531
927.607	534.4
928.01	549.8
928.413	536.4
928.795	517.6
929.199	528.2
929.602	529.4
930.006	526.4
930.388	526
930.792	537.4
931.196	520.4
931.579	563.4
931.983	525
932.388	572.4
932.771	525.8
933.176	527.2
933.58	539.6
933.964	536.2
934.369	529.6
934.774	537.8
935.158	529.6
935.563	535
935.947	538.2
936.353	526.4
936.759	528.6
937.143	535.4
937.549	529.2
937.934	541.6
938.34	542.8
938.746	526
939.131	526
939.538	522.4
939.923	526
940.33	525
940.716	527.2
941.123	533.2
941.508	541
941.916	544.2
942.302	538.8
942.709	522
943.096	526.8
943.503	542.8
943.89	529.4
944.298	528.6
944.685	553.6
945.072	533.2
945.48	549.4
945.867	525
946.276	522.2
946.663	550.6
947.051	544.4
947.46	539.2
947.848	534.8
948.257	527.8
948.645	531.4
949.033	530.8
949.443	515.8
949.831	563.4
950.22	518.8
950.63	541.8
951.018	559.4
951.407	526.6
951.796	526.6
952.207	535.6
952.596	534.8
952.985	528
953.375	572.8
953.786	532.2
954.176	527.2
954.566	537.6
954.956	522.8
955.367	529.8
955.758	549.4
956.148	515.4
956.539	540
956.929	525.2
957.341	522.8
957.732	526.2
958.123	545.6
958.515	522.6
958.906	538
959.297	537
959.689	530.2
960.102	525
960.494	527.8
960.886	533.6
961.278	529.6
961.67	563.8
962.062	560.8
962.455	533.2
962.847	519
963.24	522.6
963.633	528.4
964.026	523.6
964.419	528.6
964.812	537.2
965.206	519.2
965.599	527.8
965.993	525.6
966.386	524
966.78	542.6
967.174	545
967.569	528.4
967.963	524.2
968.357	521.8
968.752	516.8
969.146	516
969.541	527
969.936	534.2
970.331	533
970.705	536.4
971.1	534.8
971.496	534
971.892	517.6
972.287	525.2
972.683	527.6
973.079	528.4
973.454	538.2
973.85	527.6
974.247	531.6
974.643	558
975.04	531.2
975.415	532.6
975.812	527.4
976.209	540.6
976.607	519.2
976.982	538.8
977.38	545.2
977.778	526
978.175	530.2
978.552	534.8
978.95	530.8
979.348	537.4
979.725	570
980.123	536.4
980.522	530.6
980.899	529.8
981.298	521
981.697	529.4
982.075	530.2
982.474	521.4
982.852	525.4
983.251	540
983.651	527.8
984.029	540.8
984.429	527.4
984.808	515
985.208	524.6
985.609	524.6
985.987	517.6
986.388	526.2
986.768	538
987.168	523.6
987.548	535.8
987.949	526.8
988.329	536.2
988.731	521.2
989.111	527
989.491	526
989.893	523.4
990.273	534.6
990.676	528.4
991.057	523.6
991.459	530
991.84	522.6
992.221	519.6
992.624	544
993.006	526.8
993.388	536.6
993.791	532.6
994.173	539.4
994.576	564.2
994.959	522.2
995.341	525.2
995.724	529.2
996.128	528
996.511	528.2
996.894	531
997.298	521.4
997.681	539.6
998.065	530.6
998.448	527.4
998.854	534.2
999.237	519
999.621	534.4
1000.01	543.2
1000.39	531.2
1000.8	529.2
1001.18	533.6
1001.56	537.8
1001.95	531.2
1002.33	534
1002.72	529.8
1003.13	529.2
1003.51	524.2
1003.9	527.4
1004.28	554.4
1004.67	529.2
1005.06	523.2
1005.44	551.2
1005.83	520
1006.21	525.8
1006.6	526
1006.99	538.4
1007.37	532.8
1007.76	531.4
1060.12	521.8
1060.51	531.6
1060.89	537.2
1061.28	543.6
1061.67	542.2
1062.06	522.6
1062.45	531.2
1062.83	517
1063.22	533.2
1063.61	562.8
1064	540.8
1064.39	532.2
1064.78	529
1065.14	540.8
1065.53	522.2
1065.92	531
1066.31	521.6
1066.7	536.4
1067.09	539.4
1067.46	536.8
1067.85	521.8
1068.24	521.2
1068.63	541.8
1069.02	529.2
1069.39	535.2
1069.78	526
1070.17	524.6
1070.57	526
1070.93	524.2
1071.33	524.8
1071.72	532
1072.11	520
1072.48	523.8
1072.87	518
1073.26	528
1073.64	519.8
1074.03	517
1074.4	525
1074.79	520.8
1075.19	527.4
1075.56	518.8
1075.95	524.8
1076.34	525.4
1076.72	530.4
1077.11	527.6
1077.48	538
1077.88	523.6
1078.25	528
1078.64	526.2
1079.02	536.4
1079.41	528.8
1079.78	519.6
1080.18	516.6
1080.55	573.2
1080.95	512.4
1081.32	519.4
1081.72	526.6
1082.09	524.2
1082.49	512.6
1082.86	520.4
1083.24	513.8
1083.63	513.6
1084.01	514.6
1084.38	535.6
1084.78	525.8
1085.16	523.8
1085.55	534.8
1085.93	536.4
1086.31	520.2
1086.7	552
1087.08	525
1087.46	533.2
1087.83	518.4
1088.23	526.2
1088.61	523.6
1088.99	534.8
1089.36	525.4
1089.76	527.2
1090.14	526
1090.52	526.2
1090.9	521.4
1091.27	546.6
1091.67	553.2
1092.05	536.2
1092.43	526
1092.81	539.8
1093.19	527.8
1093.57	523
1093.95	531
1094.35	540.4
1094.73	532.2
1095.11	519.6
1095.49	524.4
1095.87	529.8
1096.25	535.2
1096.63	536.8
1097.01	527.4
1097.39	535.6
1097.77	526.4
1098.15	524.4
1098.53	525.8
1098.91	522.6
1099.29	531.6
1099.68	539.4
1100.06	539.8
1100.44	528
1100.82	531.8
1101.18	537.6
1101.56	530.4
1101.95	513.4
1102.33	528.8
1102.71	531.2
1103.1	514.8
1103.48	528
1103.86	526.4
1104.22	533.6
1104.61	528.6
1104.99	529.2
1105.38	519.4
1105.76	533
1106.12	520.4
1106.51	558.2
1106.89	530.2
1107.26	531
1107.64	527.6
1108.03	527.4
1108.41	521
1108.78	526.4
1109.16	528.8
1109.55	528.2
1109.91	510.4
1110.3	510.2
1110.69	540.8
1111.05	518.2
1111.44	524.4
1111.8	528.8
1112.19	525.6
1112.58	529.6
1112.94	525.2
1113.33	524.6
1113.7	518.2
1114.09	525
1114.45	518
1114.84	531
1115.21	529
1115.6	520
1115.96	527.8
1116.35	527.6
1116.72	517
1117.11	542
1117.48	521.6
1117.85	530.6
1118.24	541.4
1118.6	534.8
1118.99	519
1119.36	527.8
1119.73	521
1120.12	524.8
1120.49	521
1120.86	534.4
1121.25	534.4
1121.62	514.6
1121.99	525.8
1122.38	533.8
1122.76	526.2
1123.13	528.6
1123.5	524
1123.89	527.4
1124.26	514.6
1124.63	533.6
1125	524.4
1125.4	523.2
1125.77	523
1126.14	509.8
1126.51	516.4
1126.88	520.6
1127.26	518
1127.63	520.8
1128.02	527.2
1128.4	520.8
1128.77	521.2
1129.14	529.8
1129.52	518.4
1129.89	535
1130.26	522
1130.64	520.8
1131.01	518.8
