#lambda/nm	C1
208.295	470
208.67	433.2
209.045	395.6
209.419	395.8
209.794	566
210.169	549.4
210.544	665
210.919	575
211.295	565.6
211.67	568.2
212.045	566.2
212.421	557.4
212.796	603.6
213.172	564.8
213.547	563.8
213.923	563.2
214.299	565.4
214.675	570
215.051	577.2
215.427	578.2
215.803	588
216.179	581.8
216.555	563.2
216.932	572.8
217.308	571.6
217.684	563
218.061	575.4
218.438	567.4
218.814	565
219.191	572.2
219.568	560.6
219.945	564
220.322	570.4
220.699	571
221.076	571.4
221.453	578
221.83	570.8
222.208	570.8
222.585	563
222.962	574.4
223.34	568.8
223.717	565.4
224.095	563.4
224.473	572
224.851	566.6
225.229	557
225.607	589
225.985	564.4
226.363	567.8
226.741	573.2
227.119	566
227.497	570.2
227.876	561.2
228.254	578
228.633	573.4
229.011	572.8
229.39	576.6
229.769	564.8
230.148	577.2
230.527	583.6
230.905	567
231.284	569.4
231.664	562.6
232.043	579.8
232.422	576.6
232.801	564
233.181	575.6
233.56	565.4
233.94	564.6
234.319	563
234.699	563.4
235.079	607.2
235.458	602.6
235.838	582.2
236.218	555.4
236.598	561
236.978	554.8
237.358	564.2
237.738	559.8
238.119	573.4
238.499	567.6
238.88	561.4
239.26	586.2
239.641	555.8
240.021	566.6
240.402	565.4
240.783	566
241.163	562
241.544	564.4
241.925	569.2
242.306	584.2
242.687	569.6
243.069	576.4
243.45	567.4
243.831	562.6
244.212	569.4
244.594	607.8
244.975	572.2
245.357	561.6
245.739	558.4
246.12	567.6
246.502	579.6
246.884	550.8
247.266	557.2
247.648	566.2
248.03	581.8
248.412	569.8
248.794	569.6
249.176	564
249.559	575.4
249.941	554.8
250.323	549.6
250.706	562.4
251.089	567.8
251.471	567.8
251.854	567.4
252.237	563.2
252.62	576.4
253.002	575
253.385	564.2
253.769	579
254.152	571.8
254.535	575
254.918	558.6
255.301	565
255.685	569
256.068	560.6
256.452	593.2
256.835	575.2
257.219	584.8
257.603	583.4
257.986	558.4
258.37	569.6
258.754	559
259.138	568.4
259.522	581.8
259.906	565.6
260.29	567
260.675	564.6
261.059	573.8
261.443	560.2
261.828	566.8
262.212	569.8
262.597	562.4
262.981	565.2
263.366	572.2
263.751	572.2
264.136	566.4
264.521	571.6
264.906	563.2
265.291	580.6
265.676	567.8
266.061	570.8
266.446	588
266.831	569
267.217	578.2
267.602	569.4
267.987	572.6
268.373	566.4
268.759	583.6
269.144	573
269.53	570
269.916	565.4
270.302	560
270.688	572.4
271.074	565.6
271.46	571.8
271.846	601
272.232	577.8
272.618	567.8
273.004	560
273.391	573.8
273.777	580
274.164	575.2
274.55	577.6
274.937	571.8
275.324	556.6
275.71	580.6
276.097	570.6
276.484	555
276.871	574
277.258	575
277.645	559.2
278.032	574.6
278.419	567.6
278.807	571.2
279.194	569.2
279.581	567.8
279.969	576.4
280.356	572.4
280.744	567.2
281.131	597
281.519	577.6
281.907	565.4
282.295	568
282.682	576
283.07	569.6
283.458	576.4
283.846	574.6
284.235	575.2
284.623	580
285.011	557.2
285.399	576.2
285.788	564.4
286.176	560.4
286.565	580.2
286.953	557.4
287.342	568.2
287.731	562.4
288.119	566.8
288.508	560.8
288.897	563.2
289.286	551.8
289.675	572.4
290.064	583
290.453	563.6
290.821	567.8
291.21	578.2
291.599	563.2
291.989	573.2
292.378	578.4
292.768	590.2
293.157	569.2
293.547	578.6
293.936	561.8
294.326	563.4
294.716	574
295.106	562.8
295.496	575
295.886	577.4
296.276	565.8
296.666	561
297.056	566.2
297.446	556.8
297.836	575.6
298.227	569.6
298.617	565.4
299.008	589
299.398	566
299.789	567
300.179	577.6
300.57	580.8
300.961	573.8
301.352	569.8
301.742	571.6
302.133	570.2
302.524	574.8
302.915	567.2
303.307	558
303.698	584.4
304.089	577.6
304.48	568.6
304.872	572.6
305.263	561.2
305.655	570.8
306.046	578.4
306.438	582.8
306.829	563
307.221	580.8
307.613	567.6
308.005	580.6
308.397	582.8
308.789	590.6
309.181	592
309.573	582.6
309.965	581.2
310.357	572.4
310.749	573.2
311.142	557.8
311.534	572.6
311.926	575.6
312.319	567.8
312.711	554.8
313.104	570
313.497	566.8
313.889	601
314.282	581.6
314.675	585.6
315.068	573.2
315.461	577.2
315.854	603
316.247	573
316.64	571.8
317.033	570.8
317.405	582
317.798	577.6
318.192	574.2
318.585	569.8
318.979	569.4
319.372	569.4
319.766	569.4
320.16	579
320.553	579.6
320.947	593
321.341	567
321.735	567.8
322.129	554.6
322.523	599
322.917	570
323.311	587.8
323.705	570
324.099	569.4
324.494	584.4
324.888	578.8
325.282	568.2
325.677	578.2
326.071	583.6
326.466	575.6
326.861	573.4
327.255	583.6
327.65	590.8
328.045	589
328.44	580.4
328.835	567.4
329.23	567
329.625	585
330.02	571.2
330.415	590
330.81	577
331.206	576.6
331.601	570.4
331.996	585.8
332.37	591.8
332.766	568.2
333.161	596.4
333.557	561
333.953	569.4
334.348	848.2
334.744	565.4
335.14	565.6
335.536	561.6
335.932	586
336.328	567.6
336.724	574.8
337.12	564.8
337.516	574.8
337.913	568.6
338.309	575
338.705	567.2
339.102	582.8
339.498	565.2
339.895	578.8
340.291	566.4
340.688	578.8
341.085	569.8
341.481	565.8
341.878	567.4
342.275	582.2
342.672	552.4
343.069	560.8
343.466	552.6
343.842	574.8
344.239	562.2
344.636	558
345.033	559.2
345.431	559.6
345.828	567.6
346.225	563.6
346.623	595.8
347.02	561.6
347.418	568.6
347.816	583.8
348.213	553.8
348.611	567.8
349.009	556.4
349.407	580.2
349.805	559.4
350.203	564.8
350.601	579.6
350.999	565
351.397	626.4
351.795	571.2
352.193	569
352.57	573.8
352.969	578.2
353.367	563.4
353.766	559.2
354.164	571.8
354.563	582.4
354.961	571.2
355.36	562.2
355.759	563.8
356.158	561.4
356.557	562.2
356.956	562.2
357.355	556.8
357.754	566
358.153	572.8
358.552	583.6
358.951	569
359.35	574
359.75	561
360.149	559.2
360.527	548.6
360.926	557.8
361.326	565.2
361.726	568
362.125	562.6
362.525	577.2
362.925	556.2
363.325	569.2
363.724	560.2
364.124	562.2
364.524	554.6
364.924	564
365.324	571.2
365.725	543.2
366.125	563.6
366.525	562
366.904	555.8
367.304	546.4
367.705	572.4
368.105	570.8
368.506	560.6
368.906	569
369.307	557.8
369.708	565.2
370.108	553
370.509	567.8
370.91	556
371.311	573.2
371.712	566.2
372.113	560
372.514	550.8
372.894	561.8
373.295	556.8
373.696	578.4
374.097	567
374.499	591
374.9	558.2
375.301	550.6
375.703	564
376.105	556.8
376.506	562
376.908	563.2
377.309	567.6
377.711	558
378.113	563.2
378.493	559.4
378.895	559.6
379.297	561.4
379.699	554.2
380.102	566
380.504	558.6
380.906	551.8
381.308	586.4
381.71	559.8
382.113	566.2
382.515	560.6
382.918	563.4
383.299	558
383.701	573.4
384.104	571.4
384.507	546.2
384.909	557.2
385.312	539.6
385.715	550
386.118	564
386.521	553.8
386.924	569.8
387.327	559
387.709	543.8
388.112	546.4
388.515	563.6
388.918	556.6
389.322	567.6
389.725	555.2
390.129	575.8
390.532	566.4
390.936	550.6
391.339	551.6
391.743	554.4
392.125	555.4
392.529	574.4
392.933	574.4
393.337	562
393.74	556
394.144	556.6
394.548	549.6
394.953	552.6
395.357	565.6
395.761	559
396.144	566.4
396.548	554
396.952	555
397.357	567
397.761	549
398.166	557
398.57	557.4
398.975	550.2
399.379	560.6
399.763	609.2
400.168	557
400.572	556.8
400.977	556.8
401.382	575.4
401.787	564.6
402.192	575.2
402.597	579.2
403.002	549.8
403.386	571.4
403.791	575.6
404.197	558
404.602	563.2
405.007	562
405.413	548.8
405.818	565.6
406.224	561
406.608	556.8
407.014	557.6
407.42	581.2
407.825	557.4
408.231	569.2
408.637	567.8
409.043	575
409.449	550.6
409.834	559.8
410.24	561.4
410.646	572.8
411.052	574.4
411.458	566.2
411.865	575.6
412.271	577.4
412.677	565.8
413.062	564.6
413.469	557.2
413.875	594
414.282	573.6
414.689	568.6
415.095	571.6
415.502	552.4
415.888	563.2
416.294	549.8
416.701	605.4
417.108	561
417.515	572.8
417.923	563.4
418.33	583.2
418.715	565.6
419.123	559.4
419.53	560.8
419.937	562.2
420.345	575.6
420.752	556.4
421.16	581.6
421.546	563.6
421.953	566
422.361	560.6
422.769	562.8
423.177	560.8
423.585	586
423.992	583.2
424.379	571.2
424.787	572.6
425.195	585.2
425.603	563
426.011	577
426.419	574.2
426.806	569.4
427.214	568.8
427.623	578.6
428.031	579.2
428.44	566.2
428.848	588.4
429.235	594.8
429.644	581.4
430.053	584.8
430.461	601.8
430.87	624.4
431.279	600.6
431.666	594
432.075	618.8
432.484	624.8
432.893	632.4
433.302	660
433.711	687.8
434.099	668
434.508	658
434.918	675.8
435.327	698.6
435.737	703.2
436.125	717.4
436.534	736.8
436.944	751
437.353	765.2
437.763	773.6
438.173	771.8
438.561	796.6
438.971	779.6
439.381	803.4
439.791	810
440.201	810.8
440.589	837.6
440.999	842.4
441.409	851
441.819	847.2
442.23	879.8
442.619	877.6
443.029	887.8
443.439	893.6
443.85	900.4
444.26	904.2
444.649	908.4
445.06	913.2
445.471	914
445.881	907.8
446.292	940
446.682	940.2
447.092	940.4
447.503	991.4
447.914	941.2
448.325	949.2
448.715	949.2
449.126	942.2
449.537	949.4
449.948	965
450.338	956
450.75	980
451.161	982.2
451.572	979.4
451.984	965.6
452.374	953.6
452.786	967
453.197	983.2
453.609	976.6
453.999	963.4
454.411	973
454.823	977.2
455.235	978
455.647	976.8
456.037	986.2
456.449	973.8
456.862	984.8
457.274	998.6
457.665	966.8
458.077	1004
458.489	1014.2
458.902	983.6
459.293	990.2
459.705	984.8
460.118	975.4
460.53	973.6
460.921	987
461.334	984.6
461.747	981.2
462.16	983.8
462.551	1011.6
462.964	991
463.377	964
463.79	977.8
464.182	992.8
464.595	976.4
465.008	980.4
465.421	981.8
465.813	983.4
466.226	978.8
466.64	968.4
467.053	1026.6
467.445	994.6
467.859	1002
468.272	999.4
468.686	991.2
469.078	985.8
469.492	970.6
469.906	994.2
470.298	975.8
470.712	969
471.126	993
471.54	959.6
471.933	972.2
472.347	974
472.761	966
473.175	956.6
473.568	965.4
473.982	945.8
474.397	971.6
474.79	953.6
475.204	953.4
475.619	958.4
476.033	946.6
476.426	943.6
476.841	941.6
477.256	974.6
477.649	933
478.064	942.2
478.479	930.6
478.872	939
479.287	926.8
479.702	920
480.118	937.6
480.511	912
480.927	934.8
481.342	923
481.736	919.4
482.151	914.6
482.566	929
482.96	923.2
483.376	912.6
483.792	902.8
484.186	902.4
484.602	905.4
485.017	913.4
485.412	910.4
485.827	914
486.243	897
486.638	917.6
487.054	904.2
487.47	908
487.865	890.8
488.281	897.2
488.697	879.6
489.092	869.2
489.508	861.8
489.925	890.4
490.32	855
490.736	882.6
491.153	877
491.548	862.2
491.964	878.4
492.381	844.6
492.776	869.2
493.193	853.8
493.61	861.6
494.006	851.2
494.422	843
494.84	849
495.235	857.4
495.652	842.6
496.069	838
496.465	849.8
496.883	838
497.3	857.8
497.696	832.6
498.113	846.6
498.509	822
498.927	813.2
499.344	825.8
499.741	823.2
500.158	825.8
500.576	826.8
500.973	814.8
501.39	805
501.787	811.8
502.205	806.4
502.623	797.2
503.02	796.6
503.438	792
503.856	792.6
504.253	794.8
504.671	788.4
505.068	784.8
505.486	784.8
505.905	799.6
506.302	782.6
506.72	793.8
507.118	766.8
507.536	775.6
507.955	778
508.352	770.2
508.771	773
509.169	763.6
509.587	750.8
510.006	763.8
510.404	754.2
510.823	755
511.221	757.6
511.64	743.6
512.038	757.2
512.457	744.2
512.877	734
513.275	729.2
513.694	738
514.092	738.6
514.512	732.6
514.91	744.8
515.33	734.2
515.749	736.6
516.148	740.4
516.568	729
516.966	716.8
517.386	719.4
517.785	726.6
518.205	714.4
518.603	724.2
519.024	714.2
519.444	722.4
519.843	716.8
520.263	717.8
520.662	703.2
521.082	699.6
521.481	706.4
521.902	706.6
522.301	704
522.722	701.4
523.121	701.4
523.542	702.4
523.963	698.2
524.362	695
524.783	682
525.183	685
525.604	692.6
526.003	678
526.425	674.4
526.824	683.6
527.246	687.2
527.646	689.6
528.067	680.6
528.467	682.2
528.888	674.6
529.289	664.4
529.71	674.6
530.11	657.2
530.532	661.8
530.932	661.8
531.354	653.2
531.755	700.4
532.176	673
532.577	666.8
532.999	660.2
533.4	659.6
533.822	665.8
534.223	667.8
534.645	650.4
535.046	648.4
535.468	653.6
535.869	673.2
536.292	648.6
536.693	680.4
537.115	651.2
537.516	643.4
537.939	637.8
538.34	667.6
538.742	661
539.165	645.2
539.566	644.6
539.989	636.4
540.391	632.4
540.814	640.8
541.216	643.2
541.639	634.6
542.041	643.2
542.464	632.6
542.866	631.2
543.268	624.2
543.691	640.6
544.093	634
544.517	653.4
544.919	618.4
545.343	649
545.745	632.2
546.147	630
546.571	636.4
546.974	621.4
547.398	626.2
547.8	638.8
548.224	626.2
548.627	618.2
549.03	630
549.454	615.4
549.857	613.6
550.281	611
550.684	623.8
551.087	622
551.512	623.8
551.915	626.6
552.34	613
552.743	612.4
553.146	617.2
553.571	609.6
553.975	625.2
554.399	607.4
554.803	662
555.207	603.8
555.632	603.2
556.036	610.8
556.461	604
556.865	608.4
557.268	607
557.694	602.2
558.098	604.4
558.502	610.2
558.927	600.8
559.332	607.2
559.736	603
560.162	610.2
560.566	596
560.992	607
561.396	604.4
561.801	592.8
562.227	600.4
562.631	593.8
563.036	594.2
563.462	605.8
563.867	596.8
564.272	580.8
564.698	604
565.103	581.6
565.508	613.8
565.935	591.2
566.34	585
566.745	599
567.172	595.8
567.577	610.2
567.982	605.8
568.409	599
568.815	580.6
569.22	592.2
569.626	595
570.053	572
570.459	604
570.865	587.8
571.292	597
571.698	583.4
572.104	571.6
572.531	577.8
572.937	590.2
573.343	578.6
573.75	582.6
574.177	583.2
574.583	583.8
574.99	585.4
575.396	576.4
575.824	582
576.231	589.4
576.637	581.4
577.065	604.4
577.472	574.6
577.879	582.4
578.286	586.4
578.714	564.8
579.121	578.2
579.528	575.2
579.935	590.2
580.364	571
580.771	565.2
581.178	564
581.585	574.6
582.014	586.8
582.421	573
582.829	557.2
583.236	581.4
583.644	568
584.073	575
584.481	565.6
584.889	569.8
585.296	581.8
585.726	578
586.134	566.4
586.542	565.2
586.95	582.8
587.358	566
587.787	562.6
588.196	576.2
588.604	566.6
589.012	561.4
589.421	553
589.851	557.6
590.259	568.2
590.668	563
591.076	603.6
591.485	561.4
591.894	559.8
592.324	577
592.733	570.6
593.142	555.8
593.551	555.8
593.96	598
594.369	556.8
594.8	562.2
595.209	562.8
595.618	547.4
596.028	563
596.437	560.4
596.847	561.4
597.256	560.2
597.687	564.2
598.097	565.2
598.507	553.6
598.917	561.4
599.327	563.4
599.736	563.6
600.146	570.6
600.556	567.8
600.988	567.6
601.398	559.4
601.808	569.6
602.219	552.4
602.629	565
603.039	558.2
603.45	581
603.86	563
604.271	560.6
604.703	560
605.114	557.8
605.525	556
605.935	556.6
606.346	574.4
606.757	561.8
607.168	559.2
607.579	554.4
607.99	566.2
608.402	552.6
608.813	558.6
609.224	549.6
609.636	543.4
610.047	551
610.48	562.4
610.892	560.8
611.303	565.6
611.715	550.4
612.127	548
612.539	547
612.95	553.8
613.362	546.2
613.774	551
614.186	547.2
614.599	556.8
615.011	562.8
615.423	549
615.835	548.4
616.248	547.2
616.66	562
617.073	558
617.485	549.2
617.898	561.8
618.311	549.8
618.723	546.6
619.136	586.6
619.549	565.4
619.962	575.8
620.375	551.6
620.788	560
621.201	545.8
621.614	561.6
622.028	547
622.441	555.4
622.854	560.4
623.268	542.8
623.681	560.4
624.095	559.2
624.509	560.2
624.922	559
625.336	544.6
625.728	551.2
626.142	559
626.556	567.6
626.97	557.4
627.384	543
627.799	547
628.213	561.4
628.627	549.8
629.041	543.4
629.456	555.8
629.87	551.6
630.285	564.8
630.699	555.8
631.093	552.2
631.507	548.2
631.922	554.4
632.337	560.2
632.752	539.8
633.167	552.6
633.582	546
633.997	543.8
634.412	547.2
634.806	544.6
635.221	542.2
635.637	561.2
636.052	534.4
636.468	540.8
636.883	559.8
637.299	542.8
637.715	537
638.109	545.8
638.525	540.8
638.941	556.6
639.357	549.8
639.773	561.2
640.189	549.6
640.584	547.2
641	542.6
641.416	537.6
641.832	544.2
642.249	547
642.665	558
643.06	551.4
643.477	554.2
643.894	538.4
644.31	556.2
644.727	549.2
645.123	544
645.54	538
645.957	546.2
646.374	556.6
646.77	548
647.187	569.6
647.604	543
648.021	536.6
648.439	536.4
648.835	546.4
649.252	556.6
649.67	546.6
650.088	546.2
650.484	546.6
650.902	553.8
651.32	559
651.738	536
652.134	559.4
652.552	562.2
652.971	553.8
653.389	540.6
653.786	561.6
654.204	566.8
654.622	536.6
655.019	547.8
655.438	555.6
655.857	540.8
656.275	545.4
656.673	543.6
657.091	558.2
657.51	540.6
657.908	560.2
658.327	553.4
658.746	530.2
659.144	545.4
659.563	559.8
659.982	541.4
660.38	534.8
660.8	540.2
661.219	553
661.617	547.4
662.037	536.6
662.457	552.8
662.855	535.6
663.275	568.8
663.695	545.4
664.094	544.8
664.514	548
664.934	536.8
665.333	551.8
665.753	539
666.152	531
666.572	545.6
666.993	556
667.392	536.6
667.812	547
668.212	540
668.632	543.8
669.053	538
669.453	535
669.874	551
670.273	541
670.694	536.4
671.116	548.8
671.515	543.8
671.937	533.8
672.337	540
672.758	540.4
673.158	552.6
673.58	535
673.98	545
674.402	553.2
674.824	536
675.224	540.8
675.646	535.8
676.047	531.2
676.469	542.6
676.869	544.6
677.292	540.8
677.693	537.6
678.115	537
678.516	544
678.939	545.2
679.34	541.4
679.762	551.4
680.164	543.8
680.586	540.6
680.988	547.2
681.411	567.2
681.812	537.6
682.236	533
682.637	530.4
683.061	539.2
683.462	540.6
683.864	534.8
684.288	543
684.69	528.8
685.114	547.8
685.516	553.8
685.94	522
686.342	548
686.766	535.4
687.168	545.2
687.571	559.4
687.995	539
688.398	529.8
688.822	526.8
689.225	552.6
689.628	552
690.052	535
690.456	544.4
690.88	544
691.284	532
691.687	544.6
692.112	535
692.515	539.4
692.919	543.4
693.344	541.4
693.747	538.6
694.173	531
694.577	550.4
694.98	545.4
695.406	536
695.81	544
696.214	542.4
696.64	541.2
697.044	549.8
697.448	554.2
697.874	546
698.279	540.8
698.684	531.8
699.11	540.4
699.514	538.4
699.919	533.2
700.324	535.8
700.75	539.4
701.156	540.4
701.561	548.6
701.987	547.4
702.393	552
702.798	545.6
703.203	538.4
703.63	537
704.036	537
704.442	541
704.847	526.2
705.274	537.6
705.68	538.6
706.086	546.6
706.492	534.6
706.92	539.4
707.326	550.2
707.732	548
708.139	535.2
708.545	531.4
708.973	539.4
709.38	539.6
709.786	527.2
710.193	559.8
710.6	540.8
711.028	535.4
711.435	537.8
711.842	539.2
712.249	538.8
712.656	534.4
713.064	546.4
713.492	531.8
713.9	541.4
714.307	547
714.715	540.4
715.123	548.4
715.53	544.6
715.938	553.4
716.367	550.6
716.775	539.8
717.184	537
717.592	541.4
718	548
718.408	581.4
718.816	583.4
719.225	539
719.633	540
720.042	534.8
720.472	541.6
720.881	555.6
721.29	546.2
721.699	536.8
722.108	544.4
722.517	538.4
722.926	534
723.335	546.2
723.744	534.6
724.154	538.4
724.563	540.6
724.973	536.4
725.382	535.2
725.792	537.4
726.202	528.2
726.612	555.4
727.022	528.4
727.432	535.8
779.813	535.2
780.223	576.4
780.634	533.6
781.044	534.8
781.454	537
781.865	546.8
782.276	520.2
782.686	541.2
783.097	538.4
783.508	538
783.919	538.2
784.33	551.8
784.741	548
785.152	536.8
785.563	527.2
785.974	526.4
786.386	547.8
786.776	533.6
787.188	527.4
787.599	534
788.011	546.2
788.423	535.2
788.835	531.2
789.247	530.8
789.659	533.6
790.071	516.8
790.483	570.8
790.874	530.4
791.286	546
791.699	531.6
792.111	534
792.524	532.4
792.937	532.8
793.349	528.2
793.741	535.6
794.154	540.6
794.567	553.8
794.98	537
795.393	527.2
795.785	550.8
796.198	534.2
796.612	536.4
797.026	530
797.439	527.4
797.831	529.4
798.245	529
798.659	542.4
799.073	529.6
799.487	530.6
799.88	532.4
800.294	536.6
800.708	535.8
801.123	532.8
801.516	553.8
801.93	523
802.345	523.2
802.76	541.2
803.153	544.2
803.568	536.8
803.983	534
804.377	542.2
804.792	522.8
805.207	526.4
805.601	533.6
806.016	560
806.432	523.2
806.826	562
807.242	547.4
807.658	544.4
808.052	535
808.468	528.2
808.884	535.6
809.279	543.4
809.695	539.8
810.111	551.8
810.506	538.4
810.922	546.2
811.339	536.4
811.734	544.4
812.151	531.8
812.546	521.4
812.963	541
813.38	539.2
813.776	543.2
814.193	552.2
814.589	534.2
815.006	536.4
815.402	526.4
815.82	527.8
816.237	536.2
816.633	532.8
817.051	526
817.448	535.4
817.866	527
818.262	555.8
818.68	528.4
819.077	536.2
819.495	532.6
819.892	565.6
820.311	523.6
820.708	533.8
821.127	530.6
821.524	545.8
821.943	538.8
822.34	553.4
822.759	538.2
823.157	531.8
823.576	539.8
823.974	542.8
824.393	574.4
824.791	527.2
825.189	529
825.609	537.4
826.007	534.8
826.427	524.8
826.826	524.2
827.246	526.8
827.644	524.8
828.043	547.2
828.463	526.6
828.862	536
829.261	540.2
829.682	527
830.081	533.8
830.502	528.8
830.901	535
831.301	541.4
831.722	526
832.121	539.2
832.521	526.8
832.943	530.6
833.342	536.6
833.742	520.4
834.164	529
834.564	520.4
834.965	531.8
835.386	532
835.787	533.6
836.188	531.6
836.588	539
837.01	529
837.411	524.4
837.812	537.6
838.213	543.8
838.636	533
839.037	593.4
839.438	538.4
839.84	538.2
840.263	535.8
840.664	527.8
841.066	529.2
841.468	535.2
841.891	530.6
842.293	540.2
842.695	537.2
843.098	542.4
843.5	533.8
843.902	544.4
844.326	540
844.729	541.2
845.131	543.6
845.534	530.2
845.937	542.2
846.34	540.8
846.764	523.8
847.167	540.4
847.571	526.2
847.974	532
848.377	535.6
848.781	580.4
849.184	546.2
849.588	527
849.992	520.4
850.396	538.4
850.821	558.2
851.225	545
851.63	538.4
852.034	545.4
852.438	536.6
852.843	606.8
853.247	528.8
853.652	528.8
854.057	541.8
854.462	535
854.867	538.8
855.272	562.6
855.677	534.6
856.082	528.4
856.487	518.2
856.893	540.6
857.298	531.2
857.704	526
858.11	531.2
858.516	536.2
858.922	534.4
859.328	541.6
859.734	528.8
860.14	541.2
860.525	533
860.931	519.2
861.338	532.2
861.745	536.6
862.151	540.2
862.558	533
862.965	523.8
863.372	522
863.779	525.6
864.186	553.4
864.572	534
864.98	545.6
865.387	557.8
865.795	523
866.203	534.2
866.61	521.2
867.018	539.4
867.405	536
867.813	525.6
868.221	533.2
868.63	534.2
869.038	546.2
869.425	569.6
869.834	534.2
870.243	529.6
870.652	536.8
871.039	532
871.448	531.2
871.857	535.2
872.266	537.8
872.654	534.2
873.064	525.6
873.473	539.4
873.883	526.4
874.271	518.2
874.681	541.4
875.091	519
875.48	532.8
875.89	541.2
876.3	533.2
876.689	512.2
877.1	526.2
877.51	527.8
877.9	549.2
878.31	523
878.721	560.6
879.111	677.4
879.522	526.8
879.933	524.6
880.323	516.8
880.734	520.2
881.125	527.2
881.536	531.6
881.948	534
882.338	528
882.75	549.4
883.141	530.4
883.553	532
883.944	560
884.356	536.4
884.769	533
885.16	529.2
885.573	529.8
885.964	527
886.377	538.2
886.768	518.6
887.181	537.6
887.573	527.8
887.987	541.4
888.378	542.4
888.792	531
889.184	579
889.598	530
889.99	526.6
890.383	526.2
890.797	521.8
891.19	541.2
891.604	528.2
891.997	525
892.411	521
892.805	532
893.198	522.4
893.613	521.6
894.006	539.6
894.421	524
894.815	531.4
895.209	530.2
895.624	571.2
896.018	545.2
896.412	528.2
896.828	531.6
897.222	533.6
897.617	526.8
898.033	548.4
898.427	535.8
898.822	538.2
899.239	509.2
899.634	525.8
900.029	541
900.424	522
900.841	523.6
901.236	541.4
901.632	536
902.027	581.2
902.445	531.8
902.841	536.6
903.237	538.4
903.633	543
904.05	543.2
904.447	533.6
904.843	537.6
905.24	533
905.636	527
906.033	530.8
906.451	541.2
906.848	524.2
907.246	532.4
907.643	530
908.04	532.2
908.438	548
908.835	534.6
909.254	525.8
909.652	531.8
910.05	529.2
910.448	521.2
910.846	527.4
911.244	522.2
911.643	531.6
912.041	528.8
912.44	548.4
912.839	515.4
913.237	524
913.636	524
914.035	535.4
914.434	524
914.834	536.2
915.233	534.6
915.633	529.8
916.032	523.6
916.432	525.4
916.832	537.6
917.232	532
917.632	518.4
918.032	535.4
918.432	524.2
918.833	530.8
919.233	528.8
919.634	519.6
920.035	531.6
920.436	526.4
920.837	532.8
921.238	522.6
921.639	526.6
922.019	534.2
922.42	526
922.822	536.8
923.224	524.8
923.625	529.6
924.027	518.6
924.429	546.2
924.81	527.4
925.212	536
925.615	531
926.017	529.8
926.42	541.2
926.801	532
927.204	534.4
927.607	533
928.01	543
928.413	535.2
928.795	513.2
929.199	520
929.602	529
930.006	528.4
930.388	526.8
930.792	525.2
931.196	531.6
931.579	559
931.983	525.8
932.388	569.8
932.771	523.2
933.176	524
933.58	534
933.964	534.4
934.369	524.6
934.774	538.8
935.158	520
935.563	520.6
935.947	531.4
936.353	533
936.759	534.4
937.143	531.4
937.549	532.2
937.934	538
938.34	550.2
938.746	521
939.131	532.6
939.538	524.2
939.923	530.6
940.33	531.4
940.716	533.4
941.123	539.6
941.508	533.4
941.916	542.8
942.302	536.6
942.709	525.8
943.096	520.2
943.503	529.8
943.89	522.8
944.298	523.8
944.685	552.8
945.072	532
945.48	536.4
945.867	527.6
946.276	527
946.663	548.8
947.051	550.6
947.46	554.6
947.848	527.4
948.257	533
948.645	531.2
949.033	519.6
949.443	524.6
949.831	562.8
950.22	519.4
950.63	542.2
951.018	565
951.407	533.2
951.796	519.8
952.207	535.8
952.596	534
952.985	522.2
953.375	563.2
953.786	523.2
954.176	525.2
954.566	537.4
954.956	520.6
955.367	529.4
955.758	551.2
956.148	516
956.539	542.6
956.929	520
957.341	527.4
957.732	522.6
958.123	542.2
958.515	518
958.906	530
959.297	524.4
959.689	526.6
960.102	519.2
960.494	539
960.886	529.4
961.278	529.4
961.67	553.6
962.062	565.6
962.455	528.4
962.847	524.6
963.24	524
963.633	526.6
964.026	519.6
964.419	526.8
964.812	537.6
965.206	529
965.599	529.2
965.993	524.2
966.386	524
966.78	530.4
967.174	533
967.569	520.4
967.963	519.6
968.357	523.2
968.752	517
969.146	519.6
969.541	511.2
969.936	516.8
970.331	525.4
970.705	528
971.1	529.2
971.496	532.4
971.892	523.4
972.287	522.6
972.683	529.4
973.079	529.2
973.454	536.4
973.85	532.2
974.247	537.6
974.643	550.4
975.04	528.8
975.415	532.6
975.812	524.8
976.209	529.2
976.607	521.6
976.982	533.8
977.38	547.2
977.778	526.4
978.175	522.4
978.552	524.2
978.95	530.2
979.348	533.6
979.725	563.8
980.123	529
980.522	529.8
980.899	530.4
981.298	526
981.697	527.6
982.075	527.6
982.474	524.8
982.852	529.4
983.251	524.4
983.651	529.4
984.029	520.6
984.429	529.4
984.808	516.4
985.208	520.8
985.609	514
985.987	513.2
986.388	520
986.768	533.4
987.168	517
987.548	520.4
987.949	529.8
988.329	531.4
988.731	509.6
989.111	525
989.491	525
989.893	523
990.273	529.4
990.676	524.8
991.057	514.2
991.459	523.6
991.84	533.6
992.221	517.6
992.624	543.4
993.006	528.2
993.388	536.4
993.791	532
994.173	524.2
994.576	560.4
994.959	522.4
995.341	523
995.724	528.4
996.128	520.6
996.511	533
996.894	528
997.298	522.6
997.681	531.2
998.065	530.2
998.448	522.2
998.854	534
999.237	521.2
999.621	537.4
1000.01	541
1000.39	530.8
1000.8	523.8
1001.18	527.8
1001.56	530.2
1001.95	525
1002.33	528.8
1002.72	522.4
1003.13	519.4
1003.51	527.4
1003.9	528.2
1004.28	532.2
1004.67	517
1005.06	533
1005.44	558.4
1005.83	519.2
1006.21	527.6
1006.6	519.8
1006.99	543.2
1007.37	533.4
1007.76	522.8
1060.12	522
1060.51	518.2
1060.89	527.4
1061.28	540.4
1061.67	535.4
1062.06	531.2
1062.45	527
1062.83	522.2
1063.22	532.4
1063.61	558.8
1064	534.2
1064.39	527.8
1064.78	523.6
1065.14	534.4
1065.53	530.6
1065.92	529.8
1066.31	532.8
1066.7	531
1067.09	532.8
1067.46	531
1067.85	524.6
1068.24	521.4
1068.63	536.8
1069.02	517.2
1069.39	530.6
1069.78	519.6
1070.17	519
1070.57	521.8
1070.93	521.2
1071.33	520.8
1071.72	526
1072.11	511.8
1072.48	527.6
1072.87	521.8
1073.26	517.4
1073.64	516.2
1074.03	524.8
1074.4	527.4
1074.79	528.2
1075.19	531.4
1075.56	528.2
1075.95	528.8
1076.34	521.8
1076.72	521
1077.11	531.8
1077.48	534.2
1077.88	532.8
1078.25	518.8
1078.64	536.6
1079.02	532.2
1079.41	535.2
1079.78	532.8
1080.18	513
1080.55	584.6
1080.95	533.6
1081.32	524.8
1081.72	532
1082.09	524
1082.49	525.2
1082.86	527.4
1083.24	525.8
1083.63	526
1084.01	524.8
1084.38	528.8
1084.78	520.6
1085.16	537
1085.55	541.8
1085.93	540.8
1086.31	511.4
1086.7	559.2
1087.08	520
1087.46	520.2
1087.83	518.4
1088.23	541
1088.61	526.4
1088.99	527.4
1089.36	520.4
1089.76	531
1090.14	522.2
1090.52	523.4
1090.9	521.4
1091.27	535
1091.67	544.2
1092.05	523.6
1092.43	521.8
1092.81	531.2
1093.19	531.2
1093.57	526.6
1093.95	526.6
1094.35	542.2
1094.73	535.6
1095.11	519.8
1095.49	511
1095.87	529.8
1096.25	535.6
1096.63	540.6
1097.01	523.8
1097.39	531
1097.77	521.2
1098.15	526
1098.53	523.6
1098.91	524.6
1099.29	521.2
1099.68	549.4
1100.06	528.2
1100.44	525.4
1100.82	530.6
1101.18	532.6
1101.56	520.6
1101.95	528.2
1102.33	527.6
1102.71	522.4
1103.1	531
1103.48	509.8
1103.86	514.6
1104.22	516.8
1104.61	530.8
1104.99	528.6
1105.38	525.4
1105.76	515.8
1106.12	520.4
1106.51	556.4
1106.89	527.2
1107.26	522.4
1107.64	527
1108.03	517
1108.41	520.8
1108.78	517.4
1109.16	525.8
1109.55	534.8
1109.91	509.4
1110.3	506.6
1110.69	532.4
1111.05	516.4
1111.44	522.8
1111.8	518.4
1112.19	526.6
1112.58	531.2
1112.94	513.2
1113.33	524.8
1113.7	522.8
1114.09	512.6
1114.45	521.6
1114.84	521.6
1115.21	524.8
1115.6	520.8
1115.96	522.6
1116.35	525.4
1116.72	519.2
1117.11	538
1117.48	519
1117.85	520.4
1118.24	531.2
1118.6	524.8
1118.99	522
1119.36	524
1119.73	527.8
1120.12	525.8
1120.49	518.8
1120.86	531
1121.25	522.6
1121.62	520.2
1121.99	516.6
1122.38	532.2
1122.76	518.4
1123.13	520.8
1123.5	529.8
1123.89	525.4
1124.26	517.2
1124.63	525.2
1125	522.6
1125.4	517.4
1125.77	516.2
1126.14	509.2
1126.51	524.6
1126.88	515.6
1127.26	527
1127.63	510.6
1128.02	522.4
1128.4	515.2
1128.77	515.4
1129.14	521
1129.52	522.2
1129.89	528
1130.26	512.8
1130.64	522.8
1131.01	512
