#lambda/nm	C1
208.295	475.2
208.67	440.6
209.045	401
209.419	403.2
209.794	566.2
210.169	550.4
210.544	674
210.919	576
211.295	576.8
211.67	574.4
212.045	567.4
212.421	560
212.796	600.6
213.172	566.6
213.547	573.8
213.923	564.6
214.299	563.8
214.675	578
215.051	574.6
215.427	575
215.803	591.8
216.179	581
216.555	566.6
216.932	581.2
217.308	578.4
217.684	567
218.061	579
218.438	576.6
218.814	571.4
219.191	585.8
219.568	562
219.945	570.6
220.322	585.2
220.699	579.4
221.076	585.6
221.453	570.4
221.83	570
222.208	570.6
222.585	576.2
222.962	574.4
223.34	573.2
223.717	570
224.095	581.2
224.473	570.8
224.851	574.6
225.229	571
225.607	584
225.985	573.2
226.363	576.2
226.741	573.2
227.119	573.6
227.497	588.6
227.876	566.6
228.254	579.6
228.633	570.2
229.011	573
229.39	574.6
229.769	564.6
230.148	577.4
230.527	586.8
230.905	568.2
231.284	573.2
231.664	568.8
232.043	585.4
232.422	574.2
232.801	570.6
233.181	582.2
233.56	575
233.94	572.6
234.319	558
234.699	569
235.079	597.6
235.458	604.8
235.838	585
236.218	563
236.598	566.4
236.978	564
237.358	567.2
237.738	568
238.119	577
238.499	566.2
238.88	581.8
239.26	590.8
239.641	563.4
240.021	576
240.402	573.8
240.783	573.4
241.163	560
241.544	578.6
241.925	576.8
242.306	588.6
242.687	578.4
243.069	567.2
243.45	574.8
243.831	567.8
244.212	569
244.594	607.4
244.975	581
245.357	572.8
245.739	568.4
246.12	570.6
246.502	585.6
246.884	576.2
247.266	573.4
247.648	574.8
248.03	589
248.412	568.2
248.794	568.4
249.176	568.4
249.559	583.4
249.941	571.4
250.323	557.6
250.706	563
251.089	576.4
251.471	568.4
251.854	568.6
252.237	564.6
252.62	580.4
253.002	574.4
253.385	565
253.769	590
254.152	574.2
254.535	572.6
254.918	562.4
255.301	566.4
255.685	576.6
256.068	566
256.452	593.6
256.835	582.4
257.219	570.4
257.603	583
257.986	561.4
258.37	583.6
258.754	559
259.138	579.4
259.522	579.2
259.906	571.2
260.29	578.6
260.675	570
261.059	573.2
261.443	564.2
261.828	576
262.212	567.2
262.597	554.4
262.981	568
263.366	573
263.751	570.4
264.136	564.6
264.521	566.8
264.906	552.6
265.291	589.6
265.676	572.2
266.061	585
266.446	590.6
266.831	580
267.217	583.6
267.602	581.2
267.987	577.4
268.373	569.6
268.759	586.8
269.144	578.6
269.53	577.6
269.916	572.4
270.302	571.2
270.688	587.4
271.074	568.4
271.46	585.2
271.846	608
272.232	578.6
272.618	571
273.004	573.4
273.391	579
273.777	584.4
274.164	577.2
274.55	583.4
274.937	570.6
275.324	568.4
275.71	577.6
276.097	573.2
276.484	565.4
276.871	573.8
277.258	583
277.645	559
278.032	563.6
278.419	571.6
278.807	575.6
279.194	564.4
279.581	564.2
279.969	575.4
280.356	576.8
280.744	576.8
281.131	598
281.519	581.4
281.907	574.6
282.295	569
282.682	584.6
283.07	581.4
283.458	584.4
283.846	585.4
284.235	576.8
284.623	579.8
285.011	564.6
285.399	573.8
285.788	563.6
286.176	556.8
286.565	586.8
286.953	566
287.342	566.6
287.731	573.4
288.119	552.8
288.508	570.4
288.897	575.2
289.286	564.2
289.675	567.6
290.064	577.6
290.453	562.6
290.821	568.6
291.21	590.2
291.599	565.6
291.989	566.4
292.378	573.4
292.768	586.4
293.157	573.4
293.547	580.4
293.936	564.8
294.326	560.2
294.716	569
295.106	566.2
295.496	573.4
295.886	577.8
296.276	574.6
296.666	565.4
297.056	566
297.446	565
297.836	592.8
298.227	567.2
298.617	577.4
299.008	584
299.398	567
299.789	570
300.179	578.8
300.57	581.2
300.961	567.2
301.352	564.6
301.742	578.6
302.133	567.6
302.524	571.2
302.915	570.4
303.307	560.8
303.698	589.8
304.089	577.8
304.48	567.2
304.872	577.4
305.263	576.4
305.655	572
306.046	574.8
306.438	576.4
306.829	571.8
307.221	573.6
307.613	581
308.005	587.6
308.397	588.2
308.789	599.8
309.181	605.6
309.573	587.6
309.965	591.4
310.357	567.4
310.749	566.4
311.142	565.2
311.534	567
311.926	572.2
312.319	569.8
312.711	567.6
313.104	595
313.497	579.8
313.889	606.8
314.282	597.6
314.675	600.6
315.068	570.6
315.461	585.4
315.854	603.6
316.247	587.4
316.64	574.6
317.033	580.4
317.405	578
317.798	575.2
318.192	580
318.585	568.2
318.979	578.4
319.372	567.2
319.766	571
320.16	588.2
320.553	581.8
320.947	597
321.341	566.4
321.735	573.6
322.129	562
322.523	595.4
322.917	559.6
323.311	589.2
323.705	581.6
324.099	570.8
324.494	591.2
324.888	578.4
325.282	570
325.677	577
326.071	578.2
326.466	584.2
326.861	580.2
327.255	582.2
327.65	579.4
328.045	589.2
328.44	580
328.835	571.6
329.23	558.4
329.625	589.8
330.02	565.8
330.415	594.6
330.81	585
331.206	581.4
331.601	562.6
331.996	587.8
332.37	587.6
332.766	567.2
333.161	597.2
333.557	567.6
333.953	570
334.348	880.6
334.744	576.6
335.14	565
335.536	573.8
335.932	589.8
336.328	573.2
336.724	584.6
337.12	575.4
337.516	573.6
337.913	577.6
338.309	586.8
338.705	570.6
339.102	596.2
339.498	575
339.895	587.4
340.291	567.4
340.688	585.4
341.085	571.6
341.481	570.2
341.878	570.2
342.275	592.6
342.672	565
343.069	568.4
343.466	561.6
343.842	584
344.239	561.8
344.636	576
345.033	571.6
345.431	553.6
345.828	573.6
346.225	562.4
346.623	598.2
347.02	576.2
347.418	572.8
347.816	589
348.213	560.6
348.611	579.6
349.009	567.6
349.407	579
349.805	554.2
350.203	564.6
350.601	581.8
350.999	571
351.397	613
351.795	566.8
352.193	577
352.57	579
352.969	586.2
353.367	560
353.766	570.8
354.164	571
354.563	586.6
354.961	567.6
355.36	569
355.759	569.8
356.158	562.4
356.557	560.4
356.956	574.8
357.355	557.6
357.754	569.6
358.153	575.2
358.552	588.2
358.951	573.8
359.35	584.6
359.75	566
360.149	561.8
360.527	556.6
360.926	563.2
361.326	567.4
361.726	566.2
362.125	562.2
362.525	570.6
362.925	566.6
363.325	567.6
363.724	567.6
364.124	563
364.524	557.2
364.924	568.6
365.324	584.4
365.725	555.8
366.125	566.2
366.525	570.2
366.904	557
367.304	549.8
367.705	583.6
368.105	584.6
368.506	577
368.906	570.4
369.307	566.6
369.708	568.4
370.108	560.2
370.509	578
370.91	564.2
371.311	574.4
371.712	566.2
372.113	559.8
372.514	555.2
372.894	569.2
373.295	559.8
373.696	574.6
374.097	570.6
374.499	592.6
374.9	565.8
375.301	558.4
375.703	575.2
376.105	557
376.506	572.4
376.908	568.8
377.309	567.2
377.711	569.2
378.113	564.2
378.493	566.8
378.895	564.6
379.297	568.2
379.699	552.8
380.102	563.2
380.504	569.4
380.906	559
381.308	586.8
381.71	562.6
382.113	572.6
382.515	573.8
382.918	561.8
383.299	568.2
383.701	579.2
384.104	565.2
384.507	548.6
384.909	553.6
385.312	556.6
385.715	551
386.118	561.8
386.521	555.8
386.924	565.6
387.327	556
387.709	545
388.112	551.6
388.515	556.4
388.918	565.2
389.322	563.2
389.725	555.8
390.129	583.4
390.532	564.8
390.936	549.2
391.339	562.4
391.743	560.4
392.125	561.2
392.529	569
392.933	573.2
393.337	558.6
393.74	564
394.144	559
394.548	558.8
394.953	557.4
395.357	572.4
395.761	554.4
396.144	569.6
396.548	561
396.952	563.6
397.357	564.2
397.761	557.2
398.166	564.6
398.57	554.4
398.975	557
399.379	568.6
399.763	613
400.168	567.8
400.572	565.6
400.977	560
401.382	587.4
401.787	572.6
402.192	570
402.597	580.6
403.002	551.2
403.386	573
403.791	584.4
404.197	562.4
404.602	558.6
405.007	562.6
405.413	556
405.818	564.8
406.224	554.4
406.608	567
407.014	552.2
407.42	580.4
407.825	557.2
408.231	577
408.637	560.8
409.043	579.8
409.449	557.4
409.834	557
410.24	562.2
410.646	567.4
411.052	581.4
411.458	564.8
411.865	572.2
412.271	566.8
412.677	564.6
413.062	576.6
413.469	560.8
413.875	592.2
414.282	580.6
414.689	570
415.095	574.4
415.502	560.2
415.888	563.4
416.294	553
416.701	607.4
417.108	562
417.515	573.8
417.923	569
418.33	589.8
418.715	576.4
419.123	558.4
419.53	568.6
419.937	569.2
420.345	577.2
420.752	561.4
421.16	577.8
421.546	571.4
421.953	568
422.361	556.6
422.769	569.6
423.177	565.4
423.585	591.4
423.992	578.6
424.379	578
424.787	570.8
425.195	586.8
425.603	563.2
426.011	578.2
426.419	576.2
426.806	576.8
427.214	564.6
427.623	571.4
428.031	576.4
428.44	566.4
428.848	575.8
429.235	586.4
429.644	561
430.053	568.6
430.461	583.4
430.87	594.4
431.279	576.4
431.666	565.4
432.075	573.4
432.484	563
432.893	571.4
433.302	584.2
433.711	606.2
434.099	576.2
434.508	566.4
434.918	566.8
435.327	574.4
435.737	572.2
436.125	566.6
436.534	567.6
436.944	568.2
437.353	566.4
437.763	587.6
438.173	556.4
438.561	576
438.971	551.2
439.381	560.2
439.791	569.4
440.201	543
440.589	566.8
440.999	570
441.409	565.8
441.819	555
442.23	576
442.619	571.6
443.029	559.8
443.439	570.4
443.85	570.8
444.26	584
444.649	577.2
445.06	579.4
445.471	559.6
445.881	560
446.292	575.2
446.682	587.6
447.092	549.6
447.503	609.8
447.914	568.2
448.325	571.8
448.715	568.8
449.126	560.8
449.537	560.6
449.948	563.6
450.338	569.4
450.75	567.4
451.161	556
451.572	570.2
451.984	563.2
452.374	548.4
452.786	563.4
453.197	564.4
453.609	570
453.999	550
454.411	556.2
454.823	568
455.235	561.2
455.647	557.8
456.037	565.6
456.449	557.8
456.862	561.4
457.274	562.8
457.665	554.6
458.077	570.2
458.489	587.2
458.902	556.4
459.293	568
459.705	565
460.118	563.8
460.53	565.2
460.921	565.4
461.334	566.8
461.747	565
462.16	569.8
462.551	580.2
462.964	567.4
463.377	551.2
463.79	558
464.182	569.4
464.595	554.8
465.008	570.4
465.421	564.6
465.813	563.6
466.226	566.2
466.64	561.6
467.053	604.2
467.445	566.4
467.859	576.2
468.272	563.8
468.686	562.8
469.078	568.2
469.492	550.4
469.906	554.2
470.298	568
470.712	551.6
471.126	581.6
471.54	542.6
471.933	552
472.347	551.8
472.761	553.2
473.175	551.6
473.568	557
473.982	555.4
474.397	557.6
474.79	564.2
475.204	562.6
475.619	560.4
476.033	557
476.426	557.6
476.841	548.2
477.256	583.4
477.649	552.4
478.064	548.8
478.479	557.4
478.872	548.4
479.287	539.6
479.702	553.2
480.118	560.6
480.511	554
480.927	558.6
481.342	554.2
481.736	559.2
482.151	555.6
482.566	569.6
482.96	558.2
483.376	555.2
483.792	543.8
484.186	553.2
484.602	542.4
485.017	554.2
485.412	549.2
485.827	552.8
486.243	559.2
486.638	576.4
487.054	563.4
487.47	566.4
487.865	562.8
488.281	546.8
488.697	543.4
489.092	552
489.508	546.6
489.925	562.6
490.32	548.4
490.736	568.6
491.153	556
491.548	562.2
491.964	571
492.381	546.4
492.776	558.6
493.193	552.8
493.61	559.8
494.006	549.6
494.422	557
494.84	542
495.235	563.8
495.652	551.8
496.069	552
496.465	552.4
496.883	560
497.3	580.2
497.696	549.2
498.113	561.8
498.509	544
498.927	539.2
499.344	546.4
499.741	546.4
500.158	560.4
500.576	569
500.973	559.8
501.39	554.8
501.787	541.8
502.205	562.6
502.623	559.8
503.02	544
503.438	551.2
503.856	551.6
504.253	555
504.671	543.6
505.068	552.8
505.486	548.4
505.905	575.4
506.302	556.6
506.72	563.4
507.118	545.2
507.536	557.6
507.955	556.6
508.352	558.8
508.771	562.6
509.169	563
509.587	549
510.006	553.2
510.404	545.4
510.823	553
511.221	555.4
511.64	554.8
512.038	562.8
512.457	546.6
512.877	548
513.275	554.6
513.694	552.8
514.092	546.2
514.512	554.8
514.91	561.8
515.33	558.2
515.749	553
516.148	553.2
516.568	561
516.966	549.8
517.386	545
517.785	556.8
518.205	550.8
518.603	547.2
519.024	552.4
519.444	553.2
519.843	555.4
520.263	566.4
520.662	562.2
521.082	550
521.481	560
521.902	552
522.301	555.6
522.722	561.6
523.121	549
523.542	546.2
523.963	545.2
524.362	554.2
524.783	556
525.183	549.4
525.604	551
526.003	543
526.425	547.8
526.824	554.8
527.246	565.2
527.646	560.2
528.067	556.8
528.467	548.2
528.888	555.8
529.289	555.4
529.71	550.4
530.11	552.4
530.532	550.4
530.932	550
531.354	548
531.755	584
532.176	561.8
532.577	550.6
532.999	554.4
533.4	546.6
533.822	562.2
534.223	555
534.645	550.8
535.046	553.6
535.468	549.2
535.869	570.6
536.292	546.2
536.693	587.4
537.115	549.6
537.516	554.2
537.939	550
538.34	564
538.742	565.6
539.165	558.6
539.566	554.2
539.989	541
540.391	557
540.814	551
541.216	553.2
541.639	543.2
542.041	560.4
542.464	545.4
542.866	542.2
543.268	547.2
543.691	560.6
544.093	551.4
544.517	569
544.919	544.4
545.343	578.4
545.745	542.2
546.147	561.6
546.571	550
546.974	549.4
547.398	548.8
547.8	576.2
548.224	550.6
548.627	545.8
549.03	553.8
549.454	542.6
549.857	539
550.281	549.4
550.684	544
551.087	567.8
551.512	557.6
551.915	556.2
552.34	554.6
552.743	548.6
553.146	556.2
553.571	548.2
553.975	571.4
554.399	559.2
554.803	601.2
555.207	559.4
555.632	541.8
556.036	553.2
556.461	540.8
556.865	559.4
557.268	551.2
557.694	547.2
558.098	556.8
558.502	562.6
558.927	544.6
559.332	552
559.736	553.4
560.162	556.2
560.566	554.8
560.992	559.4
561.396	553.4
561.801	551
562.227	556.8
562.631	561.8
563.036	557.4
563.462	566.4
563.867	555.4
564.272	537.8
564.698	560.8
565.103	535.2
565.508	563.2
565.935	554
566.34	543.4
566.745	560
567.172	550.4
567.577	565.2
567.982	560.4
568.409	551.4
568.815	546.6
569.22	558.8
569.626	555.2
570.053	533.6
570.459	553.6
570.865	557.4
571.292	562
571.698	554.8
572.104	543
572.531	541.6
572.937	561
573.343	549.4
573.75	548.6
574.177	559
574.583	552.8
574.99	547
575.396	549.2
575.824	556.8
576.231	560
576.637	551.2
577.065	579
577.472	545
577.879	555
578.286	569.2
578.714	539.6
579.121	541
579.528	551.6
579.935	558.4
580.364	542.4
580.771	532.6
581.178	543.6
581.585	547.2
582.014	552.8
582.421	541.2
582.829	546.2
583.236	551.8
583.644	543
584.073	545.2
584.481	545.4
584.889	540.4
585.296	555.4
585.726	559.8
586.134	550.6
586.542	547
586.95	565
587.358	544.6
587.787	548.8
588.196	559
588.604	546.6
589.012	555.4
589.421	541.4
589.851	548.8
590.259	548.2
590.668	540
591.076	584.6
591.485	545
591.894	540.2
592.324	560.2
592.733	569.2
593.142	538.6
593.551	549.2
593.96	551.2
594.369	539.4
594.8	538.4
595.209	559.8
595.618	536.8
596.028	547.8
596.437	542.4
596.847	546.4
597.256	557.6
597.687	553.4
598.097	548
598.507	535.2
598.917	556
599.327	555.8
599.736	552.6
600.146	559.6
600.556	546.8
600.988	568.4
601.398	547.8
601.808	556.2
602.219	540.8
602.629	551
603.039	555
603.45	578.2
603.86	552.8
604.271	558.2
604.703	554
605.114	550.6
605.525	558
605.935	544.8
606.346	567.8
606.757	546.8
607.168	545
607.579	543.6
607.99	560.8
608.402	543.8
608.813	560.4
609.224	546.8
609.636	546.4
610.047	544
610.48	548.2
610.892	552.8
611.303	557.4
611.715	547.2
612.127	545.8
612.539	548.2
612.95	551.4
613.362	534.4
613.774	546
614.186	547.8
614.599	546.8
615.011	557.4
615.423	548.2
615.835	547.8
616.248	534.8
616.66	548.8
617.073	537.6
617.485	549.4
617.898	547.8
618.311	548.2
618.723	546.4
619.136	565.6
619.549	556.4
619.962	572
620.375	543
620.788	552.8
621.201	539.4
621.614	553.8
622.028	551.6
622.441	550.4
622.854	557
623.268	539.8
623.681	548.2
624.095	543.6
624.509	562.6
624.922	548
625.336	539.8
625.728	546.8
626.142	549.6
626.556	562.4
626.97	559.8
627.384	548
627.799	546.2
628.213	556.8
628.627	539.4
629.041	550.4
629.456	541.8
629.87	548.6
630.285	550
630.699	559.6
631.093	546.6
631.507	545.2
631.922	549.2
632.337	557.2
632.752	538.8
633.167	554.8
633.582	542.4
633.997	535.4
634.412	534
634.806	543.8
635.221	536.4
635.637	556.2
636.052	541.4
636.468	551
636.883	563.2
637.299	535.6
637.715	529.4
638.109	546.6
638.525	534.8
638.941	553.8
639.357	549.6
639.773	557.2
640.189	546.6
640.584	549.2
641	555.2
641.416	535.8
641.832	548
642.249	540.4
642.665	549.6
643.06	554.4
643.477	553.2
643.894	539
644.31	555.4
644.727	549.2
645.123	555.6
645.54	539.2
645.957	546.4
646.374	560.4
646.77	538.4
647.187	577.2
647.604	551
648.021	528.6
648.439	548.6
648.835	548
649.252	548.6
649.67	550.4
650.088	539.6
650.484	545.6
650.902	544.6
651.32	552.8
651.738	550.6
652.134	554
652.552	557.8
652.971	551
653.389	546.4
653.786	561.8
654.204	575.8
654.622	548.4
655.019	556.2
655.438	556.2
655.857	548.2
656.275	548.2
656.673	548.2
657.091	556
657.51	545.8
657.908	558
658.327	558.6
658.746	535
659.144	541.8
659.563	569.4
659.982	551.4
660.38	537.4
660.8	544
661.219	549.8
661.617	548
662.037	537.2
662.457	556.8
662.855	533.8
663.275	580.8
663.695	541.6
664.094	541
664.514	540.8
664.934	531.2
665.333	551
665.753	540.4
666.152	532.8
666.572	536
666.993	548.4
667.392	543
667.812	536.8
668.212	538.2
668.632	554.6
669.053	539.2
669.453	552.4
669.874	550.6
670.273	548
670.694	536.6
671.116	553.2
671.515	549.4
671.937	540.6
672.337	538.4
672.758	537.4
673.158	546.6
673.58	534
673.98	549.6
674.402	545.4
674.824	546.6
675.224	536.4
675.646	536.6
676.047	546
676.469	535.2
676.869	543.2
677.292	536.2
677.693	536.4
678.115	534.8
678.516	542.2
678.939	541.2
679.34	538.8
679.762	547
680.164	542.2
680.586	536.6
680.988	542.2
681.411	566.2
681.812	544.6
682.236	534.8
682.637	537.8
683.061	544.8
683.462	559
683.864	540.4
684.288	547.4
684.69	531.6
685.114	550.6
685.516	548
685.94	542.8
686.342	545.4
686.766	540.6
687.168	537.8
687.571	561.2
687.995	544.6
688.398	533
688.822	540.4
689.225	561.8
689.628	572.8
690.052	540.2
690.456	552.4
690.88	547.8
691.284	529.6
691.687	547
692.112	536.6
692.515	531.2
692.919	548.6
693.344	543.4
693.747	542.6
694.173	535.2
694.577	553.6
694.98	541.2
695.406	535
695.81	545.8
696.214	547
696.64	546.2
697.044	549.2
697.448	552.6
697.874	544.6
698.279	544
698.684	528.2
699.11	537.6
699.514	541.2
699.919	543.2
700.324	531.6
700.75	547.8
701.156	548.6
701.561	545.2
701.987	546.2
702.393	548.6
702.798	557.4
703.203	542.8
703.63	540.2
704.036	545.8
704.442	549.6
704.847	539
705.274	549
705.68	551.6
706.086	551.6
706.492	531.8
706.92	536.8
707.326	555
707.732	539.4
708.139	537.8
708.545	536.8
708.973	537.2
709.38	541.6
709.786	534.4
710.193	554.8
710.6	555
711.028	531.4
711.435	546.6
711.842	544.6
712.249	543.2
712.656	539
713.064	551.6
713.492	542
713.9	538.2
714.307	547.2
714.715	548.6
715.123	553.2
715.53	550.2
715.938	548
716.367	547.2
716.775	542.6
717.184	534
717.592	545.6
718	540.6
718.408	567.4
718.816	587
719.225	546.8
719.633	548.6
720.042	533.4
720.472	534.4
720.881	564.6
721.29	544.8
721.699	529.8
722.108	545.8
722.517	542.8
722.926	538.2
723.335	554.4
723.744	542.2
724.154	539.4
724.563	540.2
724.973	544.8
725.382	542.4
725.792	539.4
726.202	528.2
726.612	561.4
727.022	540.2
727.432	537.8
779.813	537.8
780.223	580
780.634	534.8
781.044	529.4
781.454	544.2
781.865	549.6
782.276	530
782.686	555.4
783.097	542
783.508	533.8
783.919	544.6
784.33	546.6
784.741	552.8
785.152	531.2
785.563	533.8
785.974	539.2
786.386	554.6
786.776	543.4
787.188	541.8
787.599	532
788.011	545
788.423	544
788.835	533.6
789.247	539.8
789.659	539.6
790.071	533.4
790.483	583.6
790.874	544.2
791.286	541.8
791.699	536.6
792.111	546.4
792.524	536
792.937	540
793.349	531.2
793.741	529.2
794.154	539.2
794.567	549.6
794.98	546.8
795.393	537.4
795.785	550.6
796.198	538.8
796.612	538.4
797.026	545
797.439	523.2
797.831	539.8
798.245	529.2
798.659	540.2
799.073	530.4
799.487	533.6
799.88	531.2
800.294	542.6
800.708	545
801.123	550.2
801.516	560
801.93	525
802.345	528
802.76	545.8
803.153	560.2
803.568	556.6
803.983	548.6
804.377	539.8
804.792	526.6
805.207	535.6
805.601	539.6
806.016	575.4
806.432	536.8
806.826	570.6
807.242	559.2
807.658	545
808.052	533.4
808.468	542.8
808.884	532.8
809.279	543
809.695	550.8
810.111	556
810.506	545.2
810.922	553
811.339	536.6
811.734	553.2
812.151	540.8
812.546	535.2
812.963	531
813.38	549.4
813.776	542.2
814.193	556.6
814.589	535.4
815.006	533.6
815.402	531.6
815.82	531.6
816.237	541.6
816.633	537.6
817.051	534.8
817.448	549
817.866	537
818.262	563.6
818.68	540.2
819.077	535
819.495	538.6
819.892	578.6
820.311	534.4
820.708	540.8
821.127	539.4
821.524	544.4
821.943	543.8
822.34	556.6
822.759	541.2
823.157	544
823.576	549.8
823.974	548.8
824.393	559.2
824.791	529.6
825.189	533.2
825.609	533.2
826.007	537.6
826.427	526
826.826	536
827.246	534
827.644	523.4
828.043	533.2
828.463	533
828.862	539.4
829.261	546.2
829.682	521.8
830.081	542.6
830.502	530.8
830.901	537.8
831.301	546.8
831.722	529.2
832.121	539
832.521	528.4
832.943	539.4
833.342	533.2
833.742	529
834.164	536.4
834.564	522.8
834.965	537.6
835.386	530
835.787	528.6
836.188	542.2
836.588	535
837.01	541.8
837.411	520
837.812	539
838.213	533.8
838.636	535
839.037	599.8
839.438	540
839.84	543
840.263	543.4
840.664	542.6
841.066	534.8
841.468	541.4
841.891	534.8
842.293	541
842.695	541.6
843.098	551.4
843.5	538.2
843.902	551
844.326	543.2
844.729	539
845.131	549
845.534	539.6
845.937	558.2
846.34	555.2
846.764	533.4
847.167	530.4
847.571	531.4
847.974	542.6
848.377	535.6
848.781	586.4
849.184	549.4
849.588	534.8
849.992	534
850.396	531.8
850.821	553.8
851.225	543.6
851.63	531.4
852.034	552.2
852.438	534
852.843	606
853.247	535.8
853.652	529
854.057	554
854.462	544.4
854.867	545.4
855.272	565.2
855.677	543.8
856.082	535.2
856.487	530.4
856.893	537.6
857.298	532
857.704	532.6
858.11	543
858.516	546.8
858.922	537.2
859.328	548.4
859.734	539.4
860.14	546.2
860.525	540.4
860.931	534.2
861.338	542.4
861.745	537.2
862.151	542.8
862.558	531.8
862.965	530.2
863.372	529.6
863.779	529.4
864.186	553.8
864.572	544.2
864.98	551
865.387	563.8
865.795	533.6
866.203	540.8
866.61	527.8
867.018	545
867.405	544.6
867.813	538.2
868.221	536.2
868.63	528
869.038	543.6
869.425	573.6
869.834	542.2
870.243	529.8
870.652	535.8
871.039	534.6
871.448	531.8
871.857	540.2
872.266	545.6
872.654	539.6
873.064	543
873.473	547
873.883	537.6
874.271	530.4
874.681	540.2
875.091	513.2
875.48	543
875.89	553
876.3	531.8
876.689	520
877.1	529.8
877.51	532.6
877.9	552.6
878.31	527.2
878.721	567.2
879.111	668.4
879.522	536.6
879.933	525
880.323	518.8
880.734	537
881.125	534.6
881.536	527
881.948	537.2
882.338	542.4
882.75	553.2
883.141	533
883.553	537.4
883.944	554.2
884.356	547
884.769	530.4
885.16	539.4
885.573	536.8
885.964	530.2
886.377	534.2
886.768	531.8
887.181	534
887.573	527.2
887.987	544.6
888.378	550.2
888.792	540.4
889.184	583
889.598	533
889.99	534.6
890.383	525.4
890.797	525.4
891.19	542.8
891.604	534.6
891.997	531.2
892.411	536
892.805	538
893.198	530.8
893.613	529
894.006	533.8
894.421	525.4
894.815	537.8
895.209	530.6
895.624	575
896.018	551
896.412	532.6
896.828	536.4
897.222	538.6
897.617	532
898.033	554.4
898.427	537.2
898.822	533
899.239	528.4
899.634	534.4
900.029	551.8
900.424	528.8
900.841	526.4
901.236	541.4
901.632	532.6
902.027	587.8
902.445	542.6
902.841	530.6
903.237	540.8
903.633	550
904.05	537.2
904.447	536.8
904.843	543.6
905.24	534.8
905.636	523.8
906.033	535.4
906.451	544.6
906.848	527.8
907.246	536.8
907.643	529.2
908.04	532.8
908.438	548.2
908.835	539
909.254	537
909.652	540.8
910.05	528.6
910.448	521.6
910.846	538.8
911.244	528.8
911.643	534.8
912.041	529.2
912.44	555.8
912.839	531
913.237	529.6
913.636	521.6
914.035	537.4
914.434	533
914.834	543.8
915.233	540.8
915.633	534.6
916.032	528
916.432	531
916.832	540.4
917.232	530.4
917.632	520.8
918.032	537
918.432	534.4
918.833	530
919.233	532.8
919.634	516.6
920.035	538.6
920.436	533
920.837	541.6
921.238	528.4
921.639	527.6
922.019	525.8
922.42	541.6
922.822	531.8
923.224	532.2
923.625	527.8
924.027	523.8
924.429	553.4
924.81	544.2
925.212	541.2
925.615	536
926.017	530.2
926.42	551.8
926.801	538.4
927.204	536.4
927.607	539
928.01	541.8
928.413	537.8
928.795	519.6
929.199	531
929.602	531.6
930.006	533.2
930.388	528.8
930.792	533.4
931.196	525
931.579	569.4
931.983	529.2
932.388	579.6
932.771	536.2
933.176	525.2
933.58	537.4
933.964	548.4
934.369	525.4
934.774	532.6
935.158	527.2
935.563	534.2
935.947	539.8
936.353	537
936.759	531.6
937.143	539.4
937.549	533.8
937.934	544
938.34	547.6
938.746	523.8
939.131	535.4
939.538	534.4
939.923	543
940.33	527
940.716	533
941.123	542.8
941.508	540
941.916	542.4
942.302	533.6
942.709	526.6
943.096	532.2
943.503	541.4
943.89	531
944.298	527.2
944.685	561.4
945.072	529.8
945.48	546
945.867	527
946.276	529
946.663	553.2
947.051	549.8
947.46	550
947.848	537.2
948.257	539
948.645	537.8
949.033	535.4
949.443	525.2
949.831	565.6
950.22	524.8
950.63	544.4
951.018	558.2
951.407	532.2
951.796	524
952.207	539.2
952.596	535.4
952.985	534.6
953.375	579.6
953.786	532.6
954.176	535
954.566	535.8
954.956	528.8
955.367	537
955.758	558
956.148	523.4
956.539	534.6
956.929	522.4
957.341	523
957.732	525.4
958.123	530.6
958.515	533
958.906	535.2
959.297	524.2
959.689	525.6
960.102	525.6
960.494	541.4
960.886	525.2
961.278	533.2
961.67	552.2
962.062	561.8
962.455	533
962.847	528.6
963.24	527.4
963.633	531.2
964.026	524.8
964.419	530
964.812	539
965.206	533.4
965.599	540.6
965.993	533.4
966.386	534.4
966.78	541
967.174	540.8
967.569	524.8
967.963	527
968.357	521.2
968.752	532.6
969.146	524
969.541	516
969.936	536
970.331	538.2
970.705	536.4
971.1	526.6
971.496	538.2
971.892	527.8
972.287	538.2
972.683	529.8
973.079	527.4
973.454	548.8
973.85	536.2
974.247	535.4
974.643	553.2
975.04	532.4
975.415	536.2
975.812	527.2
976.209	538.2
976.607	519.6
976.982	547
977.38	547
977.778	534.4
978.175	520.2
978.552	534.8
978.95	535.6
979.348	533
979.725	579.8
980.123	527.6
980.522	523.8
980.899	528.8
981.298	532
981.697	532.2
982.075	529
982.474	535
982.852	535
983.251	534.8
983.651	532.2
984.029	539.4
984.429	532.8
984.808	520.8
985.208	527.2
985.609	531.4
985.987	523
986.388	528.2
986.768	534.2
987.168	521
987.548	538.6
987.949	532.4
988.329	542
988.731	518.4
989.111	525.6
989.491	524.6
989.893	528.4
990.273	537.6
990.676	527.8
991.057	525.2
991.459	522.8
991.84	530.6
992.221	526.8
992.624	540.2
993.006	534.2
993.388	528.4
993.791	535.8
994.173	535
994.576	566.6
994.959	528.2
995.341	531.6
995.724	530.8
996.128	528.8
996.511	528.2
996.894	532.4
997.298	523
997.681	532.8
998.065	531
998.448	530.8
998.854	541.6
999.237	516.2
999.621	537.2
1000.01	548.4
1000.39	533.2
1000.8	535.6
1001.18	536.4
1001.56	539.6
1001.95	536.8
1002.33	537.4
1002.72	525.4
1003.13	530.4
1003.51	530.2
1003.9	529.8
1004.28	541
1004.67	526.6
1005.06	523.8
1005.44	568.2
1005.83	520.8
1006.21	526.6
1006.6	516.2
1006.99	539.6
1007.37	531.4
1007.76	532.2
1060.12	526.6
1060.51	527.4
1060.89	533.4
1061.28	535.4
1061.67	537.8
1062.06	523.6
1062.45	536.2
1062.83	523
1063.22	530.6
1063.61	565
1064	532.6
1064.39	530
1064.78	533.2
1065.14	540.2
1065.53	530.8
1065.92	525.2
1066.31	522.6
1066.7	536.6
1067.09	538.8
1067.46	541.6
1067.85	530
1068.24	523.2
1068.63	532
1069.02	520
1069.39	532
1069.78	523.6
1070.17	533.4
1070.57	529.6
1070.93	531.4
1071.33	533.4
1071.72	531.6
1072.11	523.6
1072.48	526.4
1072.87	533.6
1073.26	536.8
1073.64	522
1074.03	519.6
1074.4	521
1074.79	534.4
1075.19	527.8
1075.56	532.8
1075.95	532
1076.34	523.6
1076.72	520.6
1077.11	530.4
1077.48	538.4
1077.88	530
1078.25	533.4
1078.64	538.4
1079.02	531.4
1079.41	535.6
1079.78	533.4
1080.18	531.2
1080.55	586.6
1080.95	531.8
1081.32	519.2
1081.72	540.4
1082.09	534.8
1082.49	529.6
1082.86	533.4
1083.24	524.2
1083.63	526.8
1084.01	533.2
1084.38	545.2
1084.78	518.4
1085.16	537
1085.55	549.6
1085.93	538.6
1086.31	514.2
1086.7	559.2
1087.08	533.6
1087.46	535.4
1087.83	530.4
1088.23	538.6
1088.61	530.2
1088.99	533
1089.36	529.8
1089.76	527.4
1090.14	536.6
1090.52	523.6
1090.9	533.2
1091.27	542.2
1091.67	553.6
1092.05	542.2
1092.43	527
1092.81	536.2
1093.19	536
1093.57	521.8
1093.95	523.4
1094.35	541.6
1094.73	542.2
1095.11	525
1095.49	526.6
1095.87	530.8
1096.25	543.2
1096.63	538.6
1097.01	535.4
1097.39	541.8
1097.77	530.4
1098.15	536.4
1098.53	523.6
1098.91	521.8
1099.29	530.8
1099.68	541
1100.06	535.4
1100.44	526.8
1100.82	532.6
1101.18	531.2
1101.56	527.6
1101.95	524
1102.33	525.2
1102.71	526.4
1103.1	526.8
1103.48	515.6
1103.86	514.2
1104.22	527
1104.61	523.2
1104.99	522.8
1105.38	521
1105.76	535.2
1106.12	528.8
1106.51	558.8
1106.89	543
1107.26	532
1107.64	535.8
1108.03	520.2
1108.41	534.6
1108.78	523.2
1109.16	526.4
1109.55	534.4
1109.91	515.2
1110.3	514.6
1110.69	539.6
1111.05	530.2
1111.44	527.4
1111.8	524.4
1112.19	532.6
1112.58	531.8
1112.94	524.2
1113.33	514.4
1113.7	525.4
1114.09	527.6
1114.45	513.8
1114.84	529.2
1115.21	529
1115.6	520.6
1115.96	528.4
1116.35	542.4
1116.72	526.4
1117.11	539.8
1117.48	529.8
1117.85	521.4
1118.24	543
1118.6	528.2
1118.99	520.8
1119.36	529
1119.73	521.2
1120.12	526.8
1120.49	520.8
1120.86	540.8
1121.25	526.8
1121.62	522.4
1121.99	527
1122.38	549.4
1122.76	523.4
1123.13	527.2
1123.5	537.8
1123.89	532.8
1124.26	522.6
1124.63	529.6
1125	529.2
1125.4	519.8
1125.77	524.6
1126.14	514.4
1126.51	529.2
1126.88	539.6
1127.26	524.6
1127.63	511.2
1128.02	518.2
1128.4	526.2
1128.77	525.6
1129.14	528.2
1129.52	530
1129.89	538.2
1130.26	525.6
1130.64	523.2
1131.01	526.6
