#lambda/nm	C1
208.295	471.2
208.67	434.2
209.045	398.2
209.419	400.8
209.794	570
210.169	553.8
210.544	667
210.919	577.2
211.295	568.2
211.67	575.4
212.045	566
212.421	572.2
212.796	604.6
213.172	565.8
213.547	562.4
213.923	572.2
214.299	561.6
214.675	585.2
215.051	576
215.427	582
215.803	592
216.179	574.8
216.555	561
216.932	579.4
217.308	570
217.684	577
218.061	583.2
218.438	579.4
218.814	567.2
219.191	584.8
219.568	558.4
219.945	568.6
220.322	567.4
220.699	576.4
221.076	575.6
221.453	575
221.83	569
222.208	568.4
222.585	572.6
222.962	579
223.34	576
223.717	571.6
224.095	568.2
224.473	567.6
224.851	560
225.229	558.4
225.607	588
225.985	566.2
226.363	570
226.741	565
227.119	570.4
227.497	580
227.876	558
228.254	576
228.633	576.4
229.011	561.2
229.39	575.8
229.769	573.2
230.148	570
230.527	584.6
230.905	568.2
231.284	569
231.664	565.6
232.043	580.4
232.422	569.4
232.801	561.2
233.181	580.2
233.56	569
233.94	565.8
234.319	566.4
234.699	565.6
235.079	604.8
235.458	617.2
235.838	592.4
236.218	571.6
236.598	556.2
236.978	566.2
237.358	560.4
237.738	570
238.119	579.4
238.499	563.6
238.88	572.4
239.26	587.4
239.641	564.4
240.021	567.6
240.402	575.8
240.783	565.4
241.163	570.8
241.544	572.8
241.925	565.4
242.306	591.2
242.687	575.8
243.069	576.8
243.45	582.6
243.831	562.2
244.212	566.6
244.594	611.2
244.975	584.6
245.357	576.6
245.739	565.6
246.12	572.2
246.502	575.6
246.884	568
247.266	563.2
247.648	576.6
248.03	587.8
248.412	566.4
248.794	568.6
249.176	565.8
249.559	580.2
249.941	565.8
250.323	559.6
250.706	563.4
251.089	567.6
251.471	575.4
251.854	567.6
252.237	573
252.62	584.4
253.002	566.4
253.385	570.4
253.769	585
254.152	566.2
254.535	572.6
254.918	565.8
255.301	571
255.685	564
256.068	570
256.452	597.6
256.835	577
257.219	575.6
257.603	579.2
257.986	565
258.37	578.8
258.754	550
259.138	576.8
259.522	583.4
259.906	572
260.29	575
260.675	567.4
261.059	569.4
261.443	565.2
261.828	576.2
262.212	577.2
262.597	563.4
262.981	566.6
263.366	578.4
263.751	573
264.136	573.2
264.521	567
264.906	563.4
265.291	583.6
265.676	572.4
266.061	573.4
266.446	587.4
266.831	572.6
267.217	591
267.602	574.2
267.987	574.4
268.373	566.2
268.759	585.4
269.144	579
269.53	569.8
269.916	573.6
270.302	561.2
270.688	580.4
271.074	574.8
271.46	585
271.846	604
272.232	571.6
272.618	567.2
273.004	574
273.391	579.8
273.777	586.4
274.164	569.6
274.55	588.2
274.937	578
275.324	576.6
275.71	584
276.097	578.8
276.484	565.6
276.871	572.2
277.258	578.6
277.645	558.8
278.032	568.2
278.419	566.6
278.807	581
279.194	568.8
279.581	563
279.969	580.8
280.356	582.8
280.744	572.6
281.131	589.4
281.519	585.6
281.907	572
282.295	567.8
282.682	581.2
283.07	572
283.458	569.2
283.846	583.2
284.235	582.4
284.623	579.6
285.011	559.8
285.399	580.8
285.788	576.6
286.176	560.2
286.565	581.2
286.953	561.2
287.342	568.6
287.731	563.2
288.119	559.2
288.508	565.4
288.897	574
289.286	563.8
289.675	571.4
290.064	582
290.453	566.8
290.821	569.4
291.21	587.6
291.599	563.2
291.989	571
292.378	573.6
292.768	589.6
293.157	574.4
293.547	574.8
293.936	567.4
294.326	565.8
294.716	576.4
295.106	573
295.496	577
295.886	582.6
296.276	574.8
296.666	569.4
297.056	568.4
297.446	555.2
297.836	586.4
298.227	576.2
298.617	571.4
299.008	590.2
299.398	579.6
299.789	572.2
300.179	577
300.57	580
300.961	566.8
301.352	576
301.742	577.2
302.133	573.2
302.524	571.4
302.915	575.2
303.307	564.4
303.698	589.4
304.089	577.4
304.48	563.4
304.872	573.8
305.263	571.2
305.655	558.2
306.046	578.4
306.438	572.4
306.829	565.8
307.221	579.8
307.613	573
308.005	584.2
308.397	584
308.789	589.2
309.181	592
309.573	588.8
309.965	580.4
310.357	567.6
310.749	580.6
311.142	568.2
311.534	575
311.926	579.2
312.319	572.6
312.711	563.6
313.104	591.8
313.497	565.4
313.889	606.8
314.282	593.4
314.675	595.2
315.068	571.8
315.461	578.4
315.854	608.4
316.247	587.2
316.64	575.6
317.033	569.6
317.405	582.6
317.798	569.8
318.192	583
318.585	579.2
318.979	576
319.372	566.2
319.766	572.6
320.16	584.6
320.553	585.4
320.947	594.2
321.341	576.2
321.735	567.4
322.129	564.8
322.523	600.6
322.917	563.8
323.311	584.6
323.705	577
324.099	580.4
324.494	586.4
324.888	584.4
325.282	578.6
325.677	579
326.071	571
326.466	583
326.861	570.8
327.255	582.8
327.65	585
328.045	588.6
328.44	569.8
328.835	574
329.23	572
329.625	590
330.02	562
330.415	589.4
330.81	578.2
331.206	572
331.601	571.2
331.996	586
332.37	593.8
332.766	560.4
333.161	592.6
333.557	571
333.953	578
334.348	772.4
334.744	571.4
335.14	575
335.536	572.8
335.932	585.4
336.328	573.2
336.724	576
337.12	569.2
337.516	582.2
337.913	570
338.309	585.8
338.705	567.6
339.102	585
339.498	566.8
339.895	587
340.291	575.8
340.688	584
341.085	559.6
341.481	570.2
341.878	567.6
342.275	584
342.672	561.6
343.069	565.8
343.466	561.4
343.842	580.8
344.239	570
344.636	567.6
345.033	562.8
345.431	566.2
345.828	574
346.225	559.4
346.623	606.2
347.02	572.8
347.418	578.8
347.816	588.4
348.213	560
348.611	567
349.009	570.6
349.407	570.2
349.805	570.4
350.203	559.8
350.601	581.2
350.999	565
351.397	615.2
351.795	572.2
352.193	583.8
352.57	569
352.969	580
353.367	568.2
353.766	564.4
354.164	567
354.563	580.6
354.961	579.4
355.36	557.2
355.759	566.2
356.158	566.2
356.557	557.8
356.956	564.4
357.355	563.8
357.754	578
358.153	574.6
358.552	585.2
358.951	562.6
359.35	581
359.75	567.8
360.149	566.2
360.527	552.8
360.926	560.6
361.326	569.2
361.726	559
362.125	562.8
362.525	577.8
362.925	560.4
363.325	568.2
363.724	571
364.124	564.2
364.524	556.4
364.924	561.4
365.324	576.2
365.725	556
366.125	571.4
366.525	571.4
366.904	559.6
367.304	550
367.705	590.6
368.105	571.4
368.506	564.4
368.906	564.8
369.307	568.8
369.708	567.4
370.108	558.6
370.509	576.8
370.91	557
371.311	571.2
371.712	563
372.113	563.8
372.514	554.2
372.894	570
373.295	556
373.696	573.2
374.097	570.2
374.499	591.4
374.9	564
375.301	563.6
375.703	557.6
376.105	556.2
376.506	569.8
376.908	565.2
377.309	569.4
377.711	568.6
378.113	566.8
378.493	569.8
378.895	556.6
379.297	571.8
379.699	553.8
380.102	569.8
380.504	558
380.906	548.2
381.308	595
381.71	566.4
382.113	579.6
382.515	565.2
382.918	565.6
383.299	565.6
383.701	572.8
384.104	564.8
384.507	546.4
384.909	560.4
385.312	550.2
385.715	547.6
386.118	569.4
386.521	549.6
386.924	580.2
387.327	561.4
387.709	551.6
388.112	549.8
388.515	561.4
388.918	563.2
389.322	562.8
389.725	553
390.129	580
390.532	563
390.936	555.4
391.339	563.6
391.743	567.2
392.125	558.8
392.529	573.6
392.933	576.4
393.337	553.6
393.74	566.2
394.144	566.4
394.548	563.2
394.953	557.6
395.357	568.6
395.761	557
396.144	553.8
396.548	560.2
396.952	566.8
397.357	564.4
397.761	562.6
398.166	557.4
398.57	567.6
398.975	551.2
399.379	566.8
399.763	617
400.168	565.2
400.572	563.2
400.977	562
401.382	582
401.787	568.8
402.192	584.2
402.597	583.2
403.002	553.2
403.386	576
403.791	581.2
404.197	558.8
404.602	568.4
405.007	565
405.413	558.8
405.818	566.6
406.224	554.2
406.608	561.8
407.014	550.4
407.42	581.8
407.825	551.6
408.231	569
408.637	568.2
409.043	578
409.449	555.4
409.834	560
410.24	570.8
410.646	573.6
411.052	576
411.458	567.4
411.865	579.4
412.271	577.4
412.677	566.4
413.062	562.8
413.469	559.8
413.875	584.6
414.282	577.8
414.689	569.8
415.095	573.2
415.502	560.2
415.888	564.2
416.294	552
416.701	607.2
417.108	561.2
417.515	576
417.923	563.6
418.33	581.8
418.715	572.4
419.123	561.2
419.53	567.8
419.937	567.4
420.345	578.2
420.752	560
421.16	568.8
421.546	560.8
421.953	571.4
422.361	560.6
422.769	564.8
423.177	562
423.585	591
423.992	579
424.379	560.8
424.787	578
425.195	579.6
425.603	563.6
426.011	576.8
426.419	574.8
426.806	567.8
427.214	563
427.623	578.2
428.031	576
428.44	571
428.848	578
429.235	586.2
429.644	574.8
430.053	570
430.461	588.6
430.87	588.6
431.279	577.4
431.666	568.4
432.075	562.8
432.484	569.4
432.893	567.2
433.302	587.8
433.711	596.4
434.099	568.6
434.508	561.4
434.918	554.6
435.327	577.2
435.737	569.8
436.125	572.2
436.534	568.4
436.944	566.6
437.353	566.4
437.763	579.2
438.173	552.4
438.561	575.8
438.971	549.8
439.381	556.2
439.791	572.8
440.201	545.2
440.589	565
440.999	569.2
441.409	567.6
441.819	553.6
442.23	568
442.619	569.4
443.029	565.8
443.439	560.2
443.85	569.6
444.26	572.2
444.649	573.4
445.06	568
445.471	551.4
445.881	562
446.292	569.2
446.682	581.6
447.092	551.8
447.503	603
447.914	562.4
448.325	563.6
448.715	562.8
449.126	554
449.537	553.8
449.948	568.8
450.338	559.4
450.75	576
451.161	562.8
451.572	573.8
451.984	549.2
452.374	550.4
452.786	561.4
453.197	564.6
453.609	574
453.999	557.2
454.411	555
454.823	575
455.235	557.8
455.647	565.2
456.037	560.2
456.449	546
456.862	562.6
457.274	565.2
457.665	555.6
458.077	567
458.489	587.6
458.902	555
459.293	563.6
459.705	555.4
460.118	550.8
460.53	559.6
460.921	562.2
461.334	569.6
461.747	562.8
462.16	579.2
462.551	577.4
462.964	568.6
463.377	545.4
463.79	556.4
464.182	570.8
464.595	549.8
465.008	562.8
465.421	564.8
465.813	556.2
466.226	570.4
466.64	557.8
467.053	605.4
467.445	572
467.859	573.6
468.272	558.2
468.686	571.2
469.078	559
469.492	559
469.906	559.4
470.298	574.6
470.712	546.6
471.126	573.2
471.54	556.2
471.933	552.4
472.347	558.6
472.761	554.8
473.175	551.8
473.568	560.2
473.982	548.8
474.397	553.8
474.79	548.8
475.204	560.8
475.619	556.6
476.033	558.6
476.426	556.2
476.841	548.8
477.256	572.4
477.649	547.6
478.064	552.2
478.479	547.2
478.872	550.2
479.287	555.4
479.702	543.2
480.118	550
480.511	555.8
480.927	553.4
481.342	549
481.736	562.2
482.151	549.4
482.566	572
482.96	556.4
483.376	565
483.792	547.8
484.186	557.6
484.602	551.2
485.017	559.6
485.412	552
485.827	562.4
486.243	559.4
486.638	579
487.054	565.4
487.47	571.6
487.865	562
488.281	548.2
488.697	557
489.092	552.6
489.508	544.2
489.925	569
490.32	549.2
490.736	569.8
491.153	556.8
491.548	565.6
491.964	566.4
492.381	538
492.776	556.4
493.193	560.4
493.61	562.8
494.006	552.2
494.422	566.8
494.84	548.6
495.235	562.8
495.652	549.6
496.069	558.4
496.465	542
496.883	563.6
497.3	577.8
497.696	552.2
498.113	562.6
498.509	544.4
498.927	538.8
499.344	551.8
499.741	544.4
500.158	561.2
500.576	558.4
500.973	553.4
501.39	547.2
501.787	548.6
502.205	549.4
502.623	547
503.02	546
503.438	550.4
503.856	547.6
504.253	554
504.671	562.8
505.068	541.8
505.486	550.8
505.905	571.4
506.302	553.4
506.72	565.4
507.118	546
507.536	557.2
507.955	554.4
508.352	557.6
508.771	555.4
509.169	552.4
509.587	552.6
510.006	556.2
510.404	552.6
510.823	553.8
511.221	559
511.64	550.2
512.038	567.4
512.457	552.8
512.877	546.6
513.275	550.4
513.694	549.6
514.092	548.8
514.512	554.4
514.91	559.6
515.33	556.6
515.749	555.6
516.148	558.2
516.568	562.6
516.966	547.8
517.386	546.8
517.785	552.2
518.205	556.6
518.603	550.4
519.024	546.6
519.444	558.6
519.843	557.2
520.263	554.8
520.662	556
521.082	546.2
521.481	553.2
521.902	544.8
522.301	553.8
522.722	556.2
523.121	552.8
523.542	543.6
523.963	554
524.362	547.8
524.783	558.8
525.183	548
525.604	548.4
526.003	545.2
526.425	553.4
526.824	559.4
527.246	563.8
527.646	557.8
528.067	553
528.467	549
528.888	563.6
529.289	547.8
529.71	548
530.11	558.6
530.532	544.2
530.932	545.4
531.354	549.8
531.755	586.8
532.176	561.8
532.577	552.4
532.999	557.8
533.4	543.2
533.822	562.4
534.223	557.6
534.645	550
535.046	542.6
535.468	546.6
535.869	562
536.292	544.4
536.693	576.4
537.115	552.2
537.516	543.4
537.939	547.6
538.34	563.2
538.742	556.6
539.165	541.8
539.566	547.2
539.989	546.4
540.391	546.2
540.814	557.4
541.216	560.4
541.639	556.8
542.041	554.4
542.464	548.4
542.866	547.2
543.268	543.8
543.691	547
544.093	552
544.517	573.2
544.919	543.6
545.343	570
545.745	538
546.147	556.2
546.571	558.6
546.974	538.2
547.398	555.8
547.8	563.2
548.224	551
548.627	546.2
549.03	558.2
549.454	539.4
549.857	539.4
550.281	547
550.684	545
551.087	556.8
551.512	558
551.915	557.6
552.34	551.4
552.743	545
553.146	547.6
553.571	553
553.975	561.8
554.399	541.2
554.803	606
555.207	549.8
555.632	549.8
556.036	553.2
556.461	542.6
556.865	551.8
557.268	558.8
557.694	541.2
558.098	557
558.502	560.6
558.927	543.2
559.332	549.6
559.736	551.6
560.162	548.8
560.566	551.6
560.992	549.2
561.396	553.8
561.801	557.4
562.227	550.4
562.631	540.4
563.036	550.4
563.462	562.4
563.867	552.8
564.272	540.6
564.698	550
565.103	540.4
565.508	564.4
565.935	556.6
566.34	550
566.745	566
567.172	539.4
567.577	569.8
567.982	555.2
568.409	553
568.815	540.2
569.22	553.6
569.626	550
570.053	536.2
570.459	554.8
570.865	552.8
571.292	554.2
571.698	554
572.104	532.4
572.531	544
572.937	559.4
573.343	547.8
573.75	544.6
574.177	544.4
574.583	554.8
574.99	553
575.396	549
575.824	546.8
576.231	546
576.637	545
577.065	568.6
577.472	546.6
577.879	550.4
578.286	572.6
578.714	540
579.121	549.2
579.528	552
579.935	557
580.364	539.8
580.771	542.4
581.178	537
581.585	545.6
582.014	549.6
582.421	540.2
582.829	551.2
583.236	557.2
583.644	542.8
584.073	545.6
584.481	548.2
584.889	541
585.296	550.8
585.726	549
586.134	537.2
586.542	550.6
586.95	571.4
587.358	532.2
587.787	549.6
588.196	555
588.604	549.6
589.012	543.6
589.421	536.6
589.851	544.4
590.259	553.4
590.668	551.6
591.076	587
591.485	539.8
591.894	543.2
592.324	555.6
592.733	554.4
593.142	539
593.551	545
593.96	546
594.369	533.8
594.8	541
595.209	561.2
595.618	530.8
596.028	543.4
596.437	539
596.847	554.4
597.256	550.2
597.687	558.6
598.097	540.4
598.507	536.6
598.917	551.8
599.327	544.8
599.736	549.2
600.146	558.4
600.556	552
600.988	552.6
601.398	552.2
601.808	561
602.219	537.4
602.629	555
603.039	553.8
603.45	571
603.86	548.8
604.271	567.6
604.703	548
605.114	537.8
605.525	550.8
605.935	545.2
606.346	568.8
606.757	558.8
607.168	546.2
607.579	547.2
607.99	548.4
608.402	553
608.813	555.4
609.224	549
609.636	543.8
610.047	555.6
610.48	551.4
610.892	562.2
611.303	555.8
611.715	549.4
612.127	538.6
612.539	543.4
612.95	544.6
613.362	531.8
613.774	540
614.186	536
614.599	542.2
615.011	553.2
615.423	543.8
615.835	533.8
616.248	535.2
616.66	547.4
617.073	538.6
617.485	549.6
617.898	555.6
618.311	553.6
618.723	551.8
619.136	580
619.549	553.4
619.962	561.8
620.375	543.6
620.788	556.4
621.201	546.6
621.614	554
622.028	545
622.441	547.4
622.854	556.6
623.268	546.4
623.681	544.6
624.095	552
624.509	555.2
624.922	545.8
625.336	533
625.728	558.6
626.142	559
626.556	560.6
626.97	546
627.384	549.6
627.799	545.2
628.213	560.8
628.627	547.4
629.041	553.4
629.456	542.8
629.87	546.6
630.285	561
630.699	556.6
631.093	543
631.507	548.2
631.922	554.4
632.337	558.8
632.752	533.4
633.167	543.4
633.582	542.2
633.997	543.2
634.412	541.8
634.806	548.8
635.221	535.4
635.637	557.4
636.052	544.4
636.468	550.6
636.883	560.6
637.299	544.4
637.715	532.4
638.109	538.6
638.525	537.2
638.941	555
639.357	546.4
639.773	560.8
640.189	539.6
640.584	545.6
641	555.4
641.416	538.6
641.832	546.4
642.249	537.2
642.665	547.4
643.06	558.4
643.477	561.2
643.894	534.4
644.31	540.8
644.727	542.8
645.123	548.4
645.54	535.4
645.957	544.4
646.374	558.2
646.77	553.4
647.187	571.8
647.604	549.6
648.021	536.4
648.439	537.2
648.835	544.8
649.252	537.8
649.67	542.6
650.088	545
650.484	545.2
650.902	558.4
651.32	554.6
651.738	548
652.134	549.6
652.552	556.8
652.971	562
653.389	543.8
653.786	555.6
654.204	564.6
654.622	540.4
655.019	547.4
655.438	546.8
655.857	545.6
656.275	551.8
656.673	539.4
657.091	555.8
657.51	544.2
657.908	553
658.327	554
658.746	542.4
659.144	554
659.563	560
659.982	547.4
660.38	547.6
660.8	544
661.219	553.6
661.617	548.4
662.037	548.6
662.457	562.2
662.855	535.2
663.275	574.6
663.695	545.4
664.094	550.4
664.514	557.6
664.934	538
665.333	548.6
665.753	540
666.152	536.2
666.572	527.6
666.993	553.4
667.392	543.2
667.812	539.4
668.212	540.6
668.632	555.4
669.053	542.8
669.453	540.4
669.874	547
670.273	552.6
670.694	529.6
671.116	555
671.515	546.8
671.937	544.2
672.337	540.4
672.758	540.6
673.158	546
673.58	541
673.98	546.6
674.402	552.4
674.824	546.4
675.224	531
675.646	535
676.047	540
676.469	542.2
676.869	555.8
677.292	552.2
677.693	537.6
678.115	536.4
678.516	548
678.939	541
679.34	545.4
679.762	552.2
680.164	543.4
680.586	533.4
680.988	548.2
681.411	572
681.812	545
682.236	538.8
682.637	537.2
683.061	534
683.462	540.2
683.864	538
684.288	546
684.69	529.6
685.114	559.8
685.516	548.6
685.94	538.8
686.342	549.4
686.766	536
687.168	537.4
687.571	560.4
687.995	545.8
688.398	531
688.822	543
689.225	563.2
689.628	560.8
690.052	540.4
690.456	541.8
690.88	535.8
691.284	534.6
691.687	543.6
692.112	545.6
692.515	537.2
692.919	549
693.344	545.2
693.747	532.4
694.173	534.4
694.577	553.2
694.98	539.4
695.406	542
695.81	543.2
696.214	540.2
696.64	547.6
697.044	542.8
697.448	544.6
697.874	533
698.279	537
698.684	534
699.11	544
699.514	536.2
699.919	539
700.324	528.8
700.75	543.8
701.156	549.8
701.561	556.8
701.987	547.6
702.393	546.2
702.798	555.8
703.203	537.8
703.63	541.2
704.036	539.8
704.442	544.2
704.847	533.2
705.274	542.6
705.68	553
706.086	557
706.492	531.6
706.92	541.4
707.326	546.2
707.732	536.4
708.139	535.8
708.545	544.8
708.973	536.8
709.38	546
709.786	537
710.193	549.8
710.6	545.2
711.028	531.8
711.435	542.2
711.842	536.2
712.249	530.4
712.656	542
713.064	548.2
713.492	531.4
713.9	532
714.307	539.4
714.715	541.2
715.123	538.6
715.53	541.6
715.938	552.4
716.367	540.4
716.775	539.2
717.184	534.4
717.592	536.2
718	549
718.408	564.2
718.816	578
719.225	541.4
719.633	543
720.042	535.4
720.472	543
720.881	563.2
721.29	549
721.699	530.4
722.108	550.4
722.517	547.6
722.926	530.4
723.335	545.4
723.744	537.2
724.154	545.2
724.563	537.2
724.973	546.6
725.382	543.8
725.792	538.8
726.202	533.2
726.612	557.4
727.022	537
727.432	530.2
779.813	522.8
780.223	572.4
780.634	536.2
781.044	534
781.454	546.6
781.865	545.6
782.276	522.8
782.686	558
783.097	540.2
783.508	535.8
783.919	549.2
784.33	547.6
784.741	549.6
785.152	532
785.563	523.2
785.974	536.8
786.386	548
786.776	539.2
787.188	535
787.599	538
788.011	548.4
788.423	545.8
788.835	536.6
789.247	535.4
789.659	532.2
790.071	535.8
790.483	581.4
790.874	540.4
791.286	549.8
791.699	538.6
792.111	542.2
792.524	540.2
792.937	547.6
793.349	534.4
793.741	535.2
794.154	535.6
794.567	559.6
794.98	542.4
795.393	535.8
795.785	547.6
796.198	534
796.612	538
797.026	538.8
797.439	531
797.831	534.8
798.245	524.8
798.659	541.6
799.073	536.2
799.487	541.2
799.88	543.2
800.294	541.8
800.708	547
801.123	542
801.516	559.2
801.93	528.6
802.345	526
802.76	538.2
803.153	555.4
803.568	557.4
803.983	555.2
804.377	544.4
804.792	529.8
805.207	525
805.601	533.6
806.016	575.4
806.432	536.4
806.826	564.2
807.242	541.8
807.658	538.6
808.052	535.2
808.468	537
808.884	526.8
809.279	529.4
809.695	554.6
810.111	560
810.506	541.4
810.922	553.6
811.339	533.6
811.734	545.8
812.151	532.4
812.546	535.2
812.963	531.8
813.38	548
813.776	541
814.193	555.8
814.589	531.8
815.006	528.6
815.402	527.8
815.82	534.2
816.237	535
816.633	542
817.051	524
817.448	537.6
817.866	525.2
818.262	562.2
818.68	533.8
819.077	536.4
819.495	528.6
819.892	580.6
820.311	532.4
820.708	535
821.127	536.8
821.524	551
821.943	539.8
822.34	552
822.759	539.4
823.157	539
823.576	551
823.974	545.4
824.393	584.8
824.791	530.8
825.189	529.8
825.609	536
826.007	536.8
826.427	520.2
826.826	537.6
827.246	546.2
827.644	521.2
828.043	541.6
828.463	529.4
828.862	553.4
829.261	550.2
829.682	529.6
830.081	543.8
830.502	528
830.901	542.8
831.301	547.6
831.722	535.2
832.121	542
832.521	532.6
832.943	541.8
833.342	542.2
833.742	523.2
834.164	534.6
834.564	528
834.965	547.2
835.386	534.8
835.787	533
836.188	535.4
836.588	537.4
837.01	540.2
837.411	530.4
837.812	549.6
838.213	541.4
838.636	538.2
839.037	598
839.438	541.8
839.84	539.2
840.263	541.2
840.664	541.2
841.066	530.6
841.468	536.8
841.891	535.8
842.293	542.8
842.695	540.2
843.098	538.6
843.5	535.4
843.902	543.4
844.326	536.8
844.729	544.2
845.131	548
845.534	532.4
845.937	543.8
846.34	550.8
846.764	528.2
847.167	541.2
847.571	530.6
847.974	534.2
848.377	529.2
848.781	576.4
849.184	554.4
849.588	526.4
849.992	531.4
850.396	538.6
850.821	563.4
851.225	537.4
851.63	532.2
852.034	552.6
852.438	539.4
852.843	558.8
853.247	536.4
853.652	529.4
854.057	550.2
854.462	536.2
854.867	549
855.272	563
855.677	542.8
856.082	526.2
856.487	533.6
856.893	544.8
857.298	535
857.704	537.6
858.11	541.6
858.516	538.6
858.922	528.4
859.328	538.6
859.734	538.6
860.14	540.6
860.525	534.8
860.931	522
861.338	532.2
861.745	532
862.151	542.2
862.558	537.8
862.965	532.4
863.372	531.8
863.779	534.8
864.186	557.4
864.572	533.8
864.98	551.4
865.387	565.4
865.795	532
866.203	547.6
866.61	521.2
867.018	549.6
867.405	538.6
867.813	532
868.221	534.8
868.63	528.6
869.038	539.4
869.425	574
869.834	538
870.243	527.2
870.652	533.4
871.039	529.8
871.448	535.8
871.857	535
872.266	542.6
872.654	536.2
873.064	533
873.473	544.6
873.883	530
874.271	532.8
874.681	547.4
875.091	521.4
875.48	536.8
875.89	547.6
876.3	527.8
876.689	524.6
877.1	531.6
877.51	538
877.9	550
878.31	540.6
878.721	566.2
879.111	680.2
879.522	530.2
879.933	525.8
880.323	530.8
880.734	530.8
881.125	534.6
881.536	535.6
881.948	528.8
882.338	537.6
882.75	541
883.141	533.6
883.553	541.6
883.944	555.6
884.356	544.4
884.769	532
885.16	533.2
885.573	534.8
885.964	530.6
886.377	533
886.768	525
887.181	543.6
887.573	523.8
887.987	549.4
888.378	549.6
888.792	535
889.184	578.8
889.598	528.6
889.99	536.8
890.383	532.4
890.797	530.2
891.19	541.2
891.604	536.6
891.997	525.4
892.411	531
892.805	525
893.198	533.2
893.613	524.6
894.006	529.4
894.421	532.2
894.815	529.2
895.209	536.2
895.624	565.4
896.018	552.4
896.412	531
896.828	528.8
897.222	533
897.617	542.2
898.033	552
898.427	541.8
898.822	531.8
899.239	531.6
899.634	528
900.029	550
900.424	535.2
900.841	524.4
901.236	549.8
901.632	541
902.027	594.4
902.445	532
902.841	539.6
903.237	536.4
903.633	550.2
904.05	534
904.447	534.6
904.843	543.6
905.24	534.2
905.636	530.2
906.033	527.4
906.451	538
906.848	531
907.246	522.4
907.643	526.2
908.04	537.6
908.438	547.2
908.835	531.8
909.254	532.2
909.652	536.8
910.05	537
910.448	529.4
910.846	526.2
911.244	522.4
911.643	534.8
912.041	540.4
912.44	549.2
912.839	527.2
913.237	531.8
913.636	529.6
914.035	535.8
914.434	526.8
914.834	546.4
915.233	541.6
915.633	527.8
916.032	522.6
916.432	533.4
916.832	546.6
917.232	531
917.632	524.8
918.032	540.6
918.432	531
918.833	535
919.233	529.4
919.634	522.6
920.035	539.2
920.436	518.8
920.837	545.2
921.238	528.2
921.639	528
922.019	529
922.42	536.4
922.822	531.2
923.224	533.6
923.625	531.2
924.027	529.4
924.429	546.8
924.81	539.2
925.212	537.8
925.615	537
926.017	532
926.42	546.2
926.801	534.2
927.204	534
927.607	541.2
928.01	556.4
928.413	531.8
928.795	515.6
929.199	537.6
929.602	528.2
930.006	525.6
930.388	522.4
930.792	539
931.196	537.8
931.579	568
931.983	521.8
932.388	583
932.771	529.6
933.176	524.6
933.58	535.6
933.964	539.4
934.369	520
934.774	533.6
935.158	531.2
935.563	530.2
935.947	537.8
936.353	539.8
936.759	531
937.143	532.6
937.549	530.8
937.934	537.2
938.34	547
938.746	526.2
939.131	525.6
939.538	528.6
939.923	535
940.33	534.4
940.716	534.8
941.123	536.8
941.508	543.8
941.916	545.8
942.302	535.4
942.709	527
943.096	533.2
943.503	534.4
943.89	540
944.298	531
944.685	558.8
945.072	528.6
945.48	539.6
945.867	528.2
946.276	526.8
946.663	558.2
947.051	549.4
947.46	544
947.848	536.4
948.257	534.4
948.645	532.8
949.033	520.8
949.443	523.2
949.831	567.6
950.22	524.4
950.63	529.6
951.018	557.4
951.407	530.6
951.796	527
952.207	533.2
952.596	533.8
952.985	521.2
953.375	569.2
953.786	521.2
954.176	526.4
954.566	537.6
954.956	515.4
955.367	527
955.758	553
956.148	527.4
956.539	542.8
956.929	519.8
957.341	515.4
957.732	536.2
958.123	538.4
958.515	527.4
958.906	537.8
959.297	532.4
959.689	526.2
960.102	527.6
960.494	535
960.886	529.2
961.278	520.8
961.67	550
962.062	564.6
962.455	527.4
962.847	522
963.24	529.6
963.633	530.8
964.026	516
964.419	535.6
964.812	541
965.206	531.4
965.599	541.6
965.993	531.2
966.386	528
966.78	538.8
967.174	542.4
967.569	525.8
967.963	532.6
968.357	521.8
968.752	529.4
969.146	530.4
969.541	526
969.936	521
970.331	527.8
970.705	537.2
971.1	536.2
971.496	541.8
971.892	522.6
972.287	532.4
972.683	530.4
973.079	529.6
973.454	541.8
973.85	537
974.247	537.4
974.643	553
975.04	529.4
975.415	535.6
975.812	518
976.209	528.4
976.607	524.2
976.982	546.6
977.38	547.4
977.778	534.4
978.175	533
978.552	532.6
978.95	532.8
979.348	536.2
979.725	572.2
980.123	528.2
980.522	525
980.899	528.6
981.298	526
981.697	527.2
982.075	528.8
982.474	528.2
982.852	536.2
983.251	546.8
983.651	527
984.029	540.6
984.429	519.8
984.808	511.8
985.208	530
985.609	524.8
985.987	521.6
986.388	533.2
986.768	539.6
987.168	531.8
987.548	532.4
987.949	544
988.329	534
988.731	523
989.111	530.2
989.491	530.4
989.893	526.2
990.273	544
990.676	520.6
991.057	524.2
991.459	529.2
991.84	530
992.221	522.6
992.624	547
993.006	540.4
993.388	530
993.791	540.4
994.173	532.6
994.576	564.2
994.959	522.6
995.341	527.2
995.724	533
996.128	526.6
996.511	533.6
996.894	526.2
997.298	539.2
997.681	532
998.065	533.2
998.448	529.4
998.854	530.4
999.237	525.4
999.621	543.2
1000.01	553.4
1000.39	528.8
1000.8	527.8
1001.18	534.6
1001.56	527.6
1001.95	534.2
1002.33	536.4
1002.72	531.8
1003.13	531.6
1003.51	525.6
1003.9	527
1004.28	541.6
1004.67	514
1005.06	527.8
1005.44	554.8
1005.83	524.4
1006.21	533.2
1006.6	528
1006.99	538.4
1007.37	539.6
1007.76	532.4
1060.12	521.6
1060.51	524.2
1060.89	541.8
1061.28	536.4
1061.67	544.8
1062.06	531.6
1062.45	534.2
1062.83	530.4
1063.22	546.6
1063.61	565.2
1064	536.6
1064.39	528.2
1064.78	524.6
1065.14	531.4
1065.53	536.2
1065.92	528.6
1066.31	523.6
1066.7	526.2
1067.09	545.8
1067.46	534
1067.85	517.2
1068.24	521.2
1068.63	533.4
1069.02	521.2
1069.39	536
1069.78	527.4
1070.17	523.4
1070.57	521.6
1070.93	525.6
1071.33	523
1071.72	519
1072.11	525
1072.48	519
1072.87	524.6
1073.26	520
1073.64	516.2
1074.03	516.8
1074.4	525.6
1074.79	519
1075.19	534.8
1075.56	523
1075.95	529.2
1076.34	532.4
1076.72	527.6
1077.11	531.2
1077.48	537.2
1077.88	524.2
1078.25	527
1078.64	533.8
1079.02	524.6
1079.41	535.6
1079.78	525.4
1080.18	526.4
1080.55	583
1080.95	524.4
1081.32	518.6
1081.72	537
1082.09	526.4
1082.49	521
1082.86	531.6
1083.24	519.4
1083.63	521.6
1084.01	532.2
1084.38	530.2
1084.78	527.4
1085.16	530.8
1085.55	543.4
1085.93	542.4
1086.31	519.8
1086.7	553.6
1087.08	530.4
1087.46	529.2
1087.83	513.8
1088.23	532.2
1088.61	531.4
1088.99	535.4
1089.36	529.8
1089.76	528.4
1090.14	531.8
1090.52	532.6
1090.9	519
1091.27	535.8
1091.67	541.2
1092.05	539.4
1092.43	532
1092.81	533
1093.19	542.6
1093.57	523
1093.95	525.2
1094.35	536.8
1094.73	534.2
1095.11	526.4
1095.49	514.2
1095.87	520.6
1096.25	533.8
1096.63	531.8
1097.01	526
1097.39	533.8
1097.77	532.4
1098.15	528.2
1098.53	518.2
1098.91	525.2
1099.29	524.2
1099.68	552
1100.06	541.2
1100.44	523.6
1100.82	532.4
1101.18	523.8
1101.56	525
1101.95	528.4
1102.33	529.4
1102.71	533
1103.1	523
1103.48	507.8
1103.86	518.2
1104.22	529.2
1104.61	527.4
1104.99	524
1105.38	520.2
1105.76	527
1106.12	523.8
1106.51	561.4
1106.89	539.4
1107.26	532
1107.64	537.2
1108.03	531.8
1108.41	528.2
1108.78	527.4
1109.16	531.2
1109.55	540.2
1109.91	521.4
1110.3	520.8
1110.69	543.8
1111.05	524
1111.44	536
1111.8	534.6
1112.19	522.6
1112.58	536.2
1112.94	518.8
1113.33	520
1113.7	516.2
1114.09	523.4
1114.45	526.8
1114.84	532.6
1115.21	533.6
1115.6	528.2
1115.96	528
1116.35	529
1116.72	531.2
1117.11	532
1117.48	528.4
1117.85	525.4
1118.24	536.8
1118.6	534.8
1118.99	523
1119.36	527.6
1119.73	530.4
1120.12	531.2
1120.49	515
1120.86	531.6
1121.25	528
1121.62	521.4
1121.99	525.8
1122.38	535.4
1122.76	529
1123.13	520.2
1123.5	531.8
1123.89	529.2
1124.26	516
1124.63	528.2
1125	534.4
1125.4	526.4
1125.77	521.4
1126.14	517
1126.51	532.2
1126.88	527.4
1127.26	524.8
1127.63	518.6
1128.02	530.8
1128.4	523.4
1128.77	528.4
1129.14	531.6
1129.52	527.6
1129.89	530
1130.26	517.2
1130.64	519
1131.01	517.6
