#lambda/nm	C1
208.295	470.2
208.67	430.8
209.045	396.4
209.419	395.8
209.794	560.6
210.169	553.8
210.544	659.6
210.919	569.4
211.295	565
211.67	563.6
212.045	573.2
212.421	564.4
212.796	590.6
213.172	565.8
213.547	562
213.923	567
214.299	564
214.675	574.6
215.051	571
215.427	577.4
215.803	584.6
216.179	574
216.555	560.8
216.932	580.6
217.308	563.6
217.684	573.4
218.061	568.8
218.438	568.6
218.814	560.8
219.191	580.4
219.568	563
219.945	566.2
220.322	574.2
220.699	572.4
221.076	574.6
221.453	573.2
221.83	576.4
222.208	556.8
222.585	567.4
222.962	569
223.34	569.6
223.717	560
224.095	568.8
224.473	573.8
224.851	566.2
225.229	557.4
225.607	590.6
225.985	552.2
226.363	564.2
226.741	572
227.119	568
227.497	583.4
227.876	554.8
228.254	576.8
228.633	571.4
229.011	571.2
229.39	572.4
229.769	569
230.148	572.6
230.527	582.6
230.905	562.2
231.284	567.4
231.664	559.6
232.043	586.4
232.422	574.2
232.801	563
233.181	567.8
233.56	559.8
233.94	571.8
234.319	556.6
234.699	567.2
235.079	602.6
235.458	602.4
235.838	587.8
236.218	568.2
236.598	554.4
236.978	555
237.358	560
237.738	562.2
238.119	569.8
238.499	560.8
238.88	564.2
239.26	579.2
239.641	557.6
240.021	564.2
240.402	569.6
240.783	565.8
241.163	566.6
241.544	569.4
241.925	567.2
242.306	580.6
242.687	576
243.069	569.6
243.45	582.8
243.831	561.8
244.212	566.4
244.594	603
244.975	578.6
245.357	574.2
245.739	567.4
246.12	566.4
246.502	589.6
246.884	566.2
247.266	565.8
247.648	575.4
248.03	592.6
248.412	569
248.794	571.4
249.176	559.4
249.559	576.6
249.941	560.8
250.323	565
250.706	562.6
251.089	571.4
251.471	575.4
251.854	562.2
252.237	572.8
252.62	578.6
253.002	557.2
253.385	572.6
253.769	581.6
254.152	564.8
254.535	572.8
254.918	550.4
255.301	572.8
255.685	569.8
256.068	558
256.452	588.4
256.835	577.2
257.219	570.4
257.603	574
257.986	560.8
258.37	574
258.754	550.8
259.138	574.6
259.522	578.4
259.906	572.4
260.29	576.8
260.675	570.6
261.059	569.8
261.443	561.8
261.828	576.4
262.212	573.6
262.597	556
262.981	564
263.366	574.2
263.751	571.4
264.136	571.6
264.521	569.4
264.906	557.4
265.291	583.2
265.676	573.2
266.061	576.8
266.446	587.2
266.831	567
267.217	585.2
267.602	578.6
267.987	568.2
268.373	569
268.759	579.6
269.144	574.8
269.53	562.6
269.916	559.2
270.302	567.8
270.688	567.8
271.074	570.8
271.46	583
271.846	596.4
272.232	565.2
272.618	567.8
273.004	569.2
273.391	575.6
273.777	578.2
274.164	574.4
274.55	578
274.937	569.2
275.324	569
275.71	579.8
276.097	586.8
276.484	568.2
276.871	578.2
277.258	571.8
277.645	555.6
278.032	566.4
278.419	558.8
278.807	569.8
279.194	561.2
279.581	564.4
279.969	561.4
280.356	571.4
280.744	570.2
281.131	585.4
281.519	567.8
281.907	565
282.295	567.2
282.682	571.6
283.07	562.6
283.458	580.6
283.846	582
284.235	587.6
284.623	577.2
285.011	565
285.399	573.2
285.788	572.8
286.176	560.2
286.565	581.4
286.953	560.4
287.342	557.6
287.731	562.2
288.119	558.6
288.508	562.6
288.897	572.8
289.286	555.8
289.675	573.4
290.064	578
290.453	576
290.821	576.2
291.21	582.6
291.599	565.6
291.989	571.4
292.378	582.6
292.768	586
293.157	566.8
293.547	577.8
293.936	575.2
294.326	567.2
294.716	568.4
295.106	563.6
295.496	578.2
295.886	578.6
296.276	575.6
296.666	568.4
297.056	556.8
297.446	554
297.836	580.6
298.227	569
298.617	573.4
299.008	581.8
299.398	570
299.789	565.4
300.179	572.2
300.57	574.6
300.961	563.2
301.352	564.2
301.742	579
302.133	570
302.524	570.4
302.915	578.2
303.307	562.2
303.698	574.6
304.089	578.6
304.48	566.8
304.872	578.4
305.263	565.8
305.655	566.6
306.046	580.2
306.438	579
306.829	568.4
307.221	587.4
307.613	577.2
308.005	583
308.397	574.4
308.789	588.4
309.181	591
309.573	586.2
309.965	576
310.357	561.6
310.749	573.8
311.142	565.6
311.534	563.6
311.926	572.2
312.319	574.2
312.711	560.6
313.104	572.6
313.497	568.8
313.889	603.6
314.282	582.4
314.675	589.8
315.068	568.2
315.461	565.2
315.854	595.8
316.247	575.2
316.64	565.2
317.033	576.6
317.405	566.8
317.798	571
318.192	572.2
318.585	566
318.979	576
319.372	561.8
319.766	573.6
320.16	579.8
320.553	582
320.947	579.2
321.341	560.2
321.735	576.2
322.129	562.4
322.523	593
322.917	562
323.311	582.6
323.705	571.4
324.099	567.4
324.494	589.4
324.888	586.2
325.282	566.2
325.677	592
326.071	574.2
326.466	574.4
326.861	569.4
327.255	576.4
327.65	587.2
328.045	576.4
328.44	573.8
328.835	572.8
329.23	563.4
329.625	585.4
330.02	553.6
330.415	579.4
330.81	566.6
331.206	570.2
331.601	573.8
331.996	575
332.37	581.8
332.766	557.8
333.161	593.8
333.557	564.8
333.953	564.8
334.348	901.6
334.744	559.8
335.14	563
335.536	560.6
335.932	582
336.328	574.4
336.724	583.2
337.12	575.4
337.516	567.8
337.913	570.4
338.309	580.8
338.705	566.8
339.102	577.8
339.498	568
339.895	577.6
340.291	563.6
340.688	577.6
341.085	564.8
341.481	571.8
341.878	572.4
342.275	593.2
342.672	562.4
343.069	567.8
343.466	552
343.842	576.6
344.239	563.6
344.636	567.8
345.033	562.4
345.431	562.2
345.828	570.2
346.225	566.8
346.623	601.2
347.02	567.4
347.418	565.8
347.816	587.4
348.213	550
348.611	578.8
349.009	563.6
349.407	576.6
349.805	560.8
350.203	563.2
350.601	582.2
350.999	564
351.397	625.8
351.795	561.8
352.193	588.4
352.57	567.6
352.969	572
353.367	562.8
353.766	555
354.164	560.2
354.563	570.2
354.961	575
355.36	566.4
355.759	566.8
356.158	556.2
356.557	549
356.956	557.8
357.355	557.8
357.754	572.8
358.153	565.6
358.552	586
358.951	565.6
359.35	572.2
359.75	564.2
360.149	562.4
360.527	548.8
360.926	555.6
361.326	563.8
361.726	551.8
362.125	556.2
362.525	569.4
362.925	567.4
363.325	563
363.724	564.2
364.124	565.6
364.524	556.4
364.924	560.2
365.324	567.4
365.725	553.2
366.125	570
366.525	563.8
366.904	558.6
367.304	547.8
367.705	587.2
368.105	566.2
368.506	564
368.906	562
369.307	554.2
369.708	566.2
370.108	549.4
370.509	572
370.91	555.4
371.311	560
371.712	565.4
372.113	558.4
372.514	548.2
372.894	555.4
373.295	560.8
373.696	572.4
374.097	571.4
374.499	588.8
374.9	569.6
375.301	556
375.703	558.6
376.105	547.2
376.506	564
376.908	571.4
377.309	561
377.711	561.6
378.113	552.4
378.493	565
378.895	559.2
379.297	572.2
379.699	545.6
380.102	566.8
380.504	554.8
380.906	556.4
381.308	589.8
381.71	559.4
382.113	563.8
382.515	564.6
382.918	566
383.299	561.2
383.701	559
384.104	560.8
384.507	542.6
384.909	566.8
385.312	555
385.715	552
386.118	558.2
386.521	554
386.924	573
387.327	555
387.709	552.6
388.112	550.4
388.515	565.8
388.918	561
389.322	565.2
389.725	561
390.129	578
390.532	557.8
390.936	556.8
391.339	554.4
391.743	564.4
392.125	555.4
392.529	570
392.933	568.8
393.337	553.6
393.74	561.2
394.144	560.6
394.548	555.4
394.953	557.4
395.357	568.4
395.761	561
396.144	563.4
396.548	556
396.952	561.8
397.357	556.4
397.761	561
398.166	556.8
398.57	555.6
398.975	557.8
399.379	566
399.763	605.4
400.168	561
400.572	560.6
400.977	550.8
401.382	575.6
401.787	583
402.192	577.4
402.597	573.6
403.002	557.8
403.386	569.4
403.791	574
404.197	558.2
404.602	557
405.007	565.2
405.413	557.6
405.818	560.2
406.224	558.2
406.608	560.4
407.014	558.6
407.42	571.8
407.825	556.6
408.231	566.6
408.637	560
409.043	572.6
409.449	558
409.834	556.4
410.24	557.8
410.646	569.4
411.052	570.2
411.458	558
411.865	563.6
412.271	566.2
412.677	558.8
413.062	561.8
413.469	548
413.875	586.4
414.282	566.8
414.689	557.8
415.095	571.2
415.502	554.4
415.888	561.4
416.294	544.2
416.701	596.8
417.108	553.2
417.515	569.8
417.923	557.4
418.33	586.4
418.715	567
419.123	558.6
419.53	561
419.937	558.8
420.345	577.2
420.752	557
421.16	570.8
421.546	560
421.953	569.2
422.361	551.8
422.769	561.8
423.177	554.8
423.585	584.6
423.992	579.8
424.379	570.4
424.787	572.4
425.195	586.8
425.603	565.2
426.011	569.4
426.419	569.2
426.806	566
427.214	562.8
427.623	572.8
428.031	576.6
428.44	563
428.848	574.8
429.235	578.8
429.644	571.2
430.053	564.8
430.461	569.4
430.87	586.6
431.279	574.6
431.666	561.8
432.075	567.8
432.484	569.4
432.893	572.4
433.302	582.2
433.711	595.4
434.099	567.2
434.508	564.6
434.918	560.4
435.327	564.8
435.737	560.6
436.125	559.6
436.534	574.8
436.944	571
437.353	564.2
437.763	581
438.173	557.4
438.561	575.4
438.971	546.8
439.381	563.6
439.791	560.6
440.201	543.6
440.589	562.4
440.999	567.2
441.409	564.6
441.819	551
442.23	564.8
442.619	563.6
443.029	560.4
443.439	562.8
443.85	573.2
444.26	564.2
444.649	570.8
445.06	558.2
445.471	552.8
445.881	565.6
446.292	571
446.682	582
447.092	546
447.503	606.4
447.914	563.2
448.325	556
448.715	559
449.126	547.6
449.537	559.2
449.948	559.6
450.338	563
450.75	564.8
451.161	562.6
451.572	562.8
451.984	551.4
452.374	543.6
452.786	560.8
453.197	576.8
453.609	564.2
453.999	551
454.411	557.4
454.823	572.6
455.235	571.4
455.647	560
456.037	564.6
456.449	553
456.862	550.6
457.274	560.4
457.665	553.8
458.077	562.8
458.489	582.4
458.902	566.2
459.293	560.4
459.705	550.8
460.118	549.8
460.53	571
460.921	561.2
461.334	566.6
461.747	556.2
462.16	564
462.551	568.8
462.964	558.8
463.377	545.2
463.79	553.4
464.182	565.8
464.595	547
465.008	557.4
465.421	563.8
465.813	540.6
466.226	565.6
466.64	548.6
467.053	596.2
467.445	567.2
467.859	573.2
468.272	564.4
468.686	563.4
469.078	557.8
469.492	542.8
469.906	556
470.298	562.8
470.712	548.2
471.126	574.6
471.54	540.4
471.933	545.6
472.347	551.8
472.761	547.6
473.175	546.2
473.568	551
473.982	553.4
474.397	561.8
474.79	549
475.204	565.4
475.619	557.8
476.033	554.8
476.426	557.6
476.841	552.2
477.256	572.8
477.649	548.4
478.064	544
478.479	542.8
478.872	554.2
479.287	536.4
479.702	542.2
480.118	558.2
480.511	559.4
480.927	559
481.342	548.6
481.736	560.8
482.151	542.2
482.566	562
482.96	548.2
483.376	562
483.792	552.4
484.186	563.8
484.602	550.2
485.017	551.6
485.412	554.2
485.827	551.2
486.243	550.4
486.638	580.2
487.054	560.6
487.47	561.8
487.865	549.8
488.281	549.6
488.697	556.2
489.092	548.8
489.508	545.8
489.925	558.6
490.32	544.2
490.736	560.4
491.153	557.2
491.548	557
491.964	565.8
492.381	542.8
492.776	558.6
493.193	559.2
493.61	562.6
494.006	549.6
494.422	556.2
494.84	551
495.235	559.2
495.652	551
496.069	548
496.465	552.2
496.883	555
497.3	566.2
497.696	538.6
498.113	553.8
498.509	541.2
498.927	545.6
499.344	553.2
499.741	546
500.158	561
500.576	560.2
500.973	561.6
501.39	546.4
501.787	539.6
502.205	553.2
502.623	544.6
503.02	536.4
503.438	543.2
503.856	548.4
504.253	548.2
504.671	554.4
505.068	549.2
505.486	556.8
505.905	568
506.302	545.2
506.72	555
507.118	545
507.536	549.8
507.955	551.4
508.352	556.8
508.771	559.6
509.169	555.6
509.587	541.2
510.006	544
510.404	534.4
510.823	548.6
511.221	538.6
511.64	543.6
512.038	558.4
512.457	550
512.877	551.4
513.275	549.8
513.694	552.4
514.092	548.4
514.512	549.4
514.91	558.4
515.33	554.2
515.749	545
516.148	556.4
516.568	554.8
516.966	548.4
517.386	549.4
517.785	552
518.205	552.6
518.603	545.2
519.024	543.4
519.444	554.6
519.843	563.2
520.263	547.8
520.662	554.4
521.082	549.4
521.481	549
521.902	548.6
522.301	547.4
522.722	547
523.121	551.8
523.542	546.4
523.963	546.6
524.362	546.6
524.783	552.8
525.183	547.2
525.604	546.2
526.003	540.4
526.425	536.8
526.824	544.2
527.246	550
527.646	550.6
528.067	550.4
528.467	548.2
528.888	553.8
529.289	549
529.71	546.8
530.11	543.4
530.532	547.8
530.932	542
531.354	547
531.755	579.2
532.176	551
532.577	557
532.999	550.6
533.4	550.4
533.822	558.2
534.223	562
534.645	553
535.046	557.8
535.468	553
535.869	560
536.292	546
536.693	581.4
537.115	546.2
537.516	544.6
537.939	551
538.34	566
538.742	562.4
539.165	546
539.566	550.4
539.989	533
540.391	538.4
540.814	550.6
541.216	545.4
541.639	547.2
542.041	560.8
542.464	543
542.866	541.4
543.268	533
543.691	548
544.093	549.2
544.517	564.6
544.919	538.2
545.343	572.4
545.745	541
546.147	550.6
546.571	535.4
546.974	540.2
547.398	546.6
547.8	565.6
548.224	548.4
548.627	543.8
549.03	549
549.454	539.4
549.857	539.6
550.281	534.6
550.684	541.8
551.087	562
551.512	555.8
551.915	560.6
552.34	545.8
552.743	539.6
553.146	541.4
553.571	546.2
553.975	565.2
554.399	537.4
554.803	588.4
555.207	545.2
555.632	540.6
556.036	551.4
556.461	542.6
556.865	541.4
557.268	537.8
557.694	546
558.098	553.4
558.502	548.4
558.927	543.2
559.332	548
559.736	556.8
560.162	554.6
560.566	541
560.992	544.8
561.396	548.6
561.801	544.6
562.227	548
562.631	536.4
563.036	547.4
563.462	548.8
563.867	559
564.272	533.4
564.698	543.8
565.103	537.6
565.508	562.2
565.935	547.6
566.34	543
566.745	560.4
567.172	540.8
567.577	563.8
567.982	561.4
568.409	557.8
568.815	539.6
569.22	551.4
569.626	556.4
570.053	533.8
570.459	548.2
570.865	557.4
571.292	545.6
571.698	555
572.104	541.6
572.531	536.2
572.937	552
573.343	552.4
573.75	546.2
574.177	550
574.583	553.4
574.99	546.6
575.396	549.8
575.824	548.6
576.231	556.4
576.637	542.8
577.065	573.6
577.472	551.8
577.879	549.4
578.286	558.4
578.714	543.6
579.121	540.6
579.528	541.6
579.935	552.6
580.364	543.2
580.771	534.2
581.178	538.6
581.585	553.2
582.014	547.8
582.421	540
582.829	542.4
583.236	556.8
583.644	535.6
584.073	543.4
584.481	546.6
584.889	542.4
585.296	552.4
585.726	548.4
586.134	535
586.542	541
586.95	570
587.358	540.8
587.787	551.8
588.196	551.4
588.604	548.2
589.012	544.2
589.421	530.2
589.851	540.8
590.259	550.2
590.668	532.8
591.076	580.6
591.485	536.2
591.894	543
592.324	555.8
592.733	551.4
593.142	537.4
593.551	531.8
593.96	571
594.369	531.6
594.8	540.8
595.209	546
595.618	533.6
596.028	544.4
596.437	538.8
596.847	539.6
597.256	549.2
597.687	547.2
598.097	540.8
598.507	542.4
598.917	549.4
599.327	549.4
599.736	540.8
600.146	564.6
600.556	548.4
600.988	552.6
601.398	537.4
601.808	558
602.219	534.4
602.629	547.4
603.039	546
603.45	570.4
603.86	546.6
604.271	559.4
604.703	551.2
605.114	541.4
605.525	539.4
605.935	547.8
606.346	565.6
606.757	546.8
607.168	547.8
607.579	540.8
607.99	554.4
608.402	550.2
608.813	541.8
609.224	530.4
609.636	542.8
610.047	542.6
610.48	542
610.892	555.2
611.303	548.4
611.715	548.4
612.127	535
612.539	546.2
612.95	551.4
613.362	528.4
613.774	542.2
614.186	539
614.599	538.4
615.011	555.4
615.423	544.8
615.835	536.2
616.248	539.2
616.66	549.6
617.073	537
617.485	538.2
617.898	553.8
618.311	539.6
618.723	536.8
619.136	567.8
619.549	555
619.962	560.4
620.375	543.6
620.788	541.6
621.201	536.4
621.614	538
622.028	535.8
622.441	547.8
622.854	550.6
623.268	534
623.681	545.4
624.095	535.4
624.509	549
624.922	548.8
625.336	535
625.728	537.2
626.142	560.4
626.556	553.4
626.97	543
627.384	538.4
627.799	545.8
628.213	551.4
628.627	548.8
629.041	541
629.456	538.4
629.87	538.4
630.285	552.4
630.699	551.4
631.093	538.4
631.507	542
631.922	540.8
632.337	549.6
632.752	526.8
633.167	544.4
633.582	537.8
633.997	544
634.412	541.2
634.806	545.2
635.221	529.8
635.637	552.2
636.052	528.8
636.468	548.4
636.883	559.6
637.299	547.4
637.715	531.2
638.109	542
638.525	528.2
638.941	550
639.357	545
639.773	545.2
640.189	533.8
640.584	534.6
641	541.4
641.416	528.6
641.832	538.8
642.249	538.4
642.665	541.6
643.06	548.8
643.477	541.8
643.894	527.4
644.31	542.2
644.727	539.8
645.123	534
645.54	537.8
645.957	547.8
646.374	555.2
646.77	542.8
647.187	575
647.604	546.4
648.021	526.6
648.439	542
648.835	545.2
649.252	537.2
649.67	534
650.088	543.4
650.484	543.8
650.902	550.2
651.32	548
651.738	542
652.134	543.2
652.552	552.4
652.971	549.8
653.389	545.2
653.786	556.8
654.204	559.8
654.622	539.4
655.019	534.2
655.438	539.2
655.857	544.8
656.275	544
656.673	528.6
657.091	550.8
657.51	536.4
657.908	545.8
658.327	557.8
658.746	527.6
659.144	540
659.563	552.2
659.982	545.6
660.38	525.4
660.8	542.6
661.219	552.8
661.617	543.4
662.037	546.2
662.457	553
662.855	532.8
663.275	566.4
663.695	544.4
664.094	543.4
664.514	536.2
664.934	536.6
665.333	551.6
665.753	539.2
666.152	526.2
666.572	526
666.993	549.6
667.392	538.2
667.812	536
668.212	539.8
668.632	547.8
669.053	545
669.453	543
669.874	538.6
670.273	546.8
670.694	538
671.116	552.6
671.515	543.4
671.937	541
672.337	539
672.758	530.2
673.158	556.4
673.58	539.4
673.98	543
674.402	552.8
674.824	546
675.224	531
675.646	538.8
676.047	537.6
676.469	547.4
676.869	542.2
677.292	539.8
677.693	532.8
678.115	542.4
678.516	540
678.939	544.2
679.34	539
679.762	553.2
680.164	546.6
680.586	530.8
680.988	545.4
681.411	562.8
681.812	533
682.236	525.4
682.637	540.2
683.061	539.2
683.462	539.4
683.864	533.2
684.288	546.4
684.69	540.2
685.114	547
685.516	549.4
685.94	536.4
686.342	553.4
686.766	534
687.168	537.8
687.571	553.4
687.995	543.4
688.398	532.8
688.822	531.8
689.225	549.8
689.628	557.4
690.052	539.2
690.456	548
690.88	538.8
691.284	531.8
691.687	549.2
692.112	530.6
692.515	529.8
692.919	542.6
693.344	543.8
693.747	536.2
694.173	537.4
694.577	546.8
694.98	546
695.406	538.6
695.81	546
696.214	542.2
696.64	550.6
697.044	550.8
697.448	542.4
697.874	547.2
698.279	544.8
698.684	536.2
699.11	533
699.514	546.4
699.919	541.6
700.324	529
700.75	531.4
701.156	537.2
701.561	548.8
701.987	543.4
702.393	545
702.798	545.2
703.203	538
703.63	537.4
704.036	536
704.442	546.4
704.847	531
705.274	535.4
705.68	549.8
706.086	549.8
706.492	537.2
706.92	535.6
707.326	545.4
707.732	533
708.139	529.2
708.545	538.4
708.973	536.4
709.38	539.2
709.786	528
710.193	550.6
710.6	537.4
711.028	534.4
711.435	534.2
711.842	537.4
712.249	535
712.656	530
713.064	538.2
713.492	534.8
713.9	532
714.307	540.2
714.715	544
715.123	541.2
715.53	539
715.938	539.2
716.367	541
716.775	531.2
717.184	530.2
717.592	535.4
718	548.4
718.408	568.8
718.816	579.8
719.225	538.8
719.633	535.6
720.042	524.8
720.472	537
720.881	549
721.29	543.2
721.699	527.2
722.108	543.2
722.517	535.6
722.926	530.4
723.335	541.8
723.744	539.4
724.154	537.2
724.563	541
724.973	534
725.382	539.2
725.792	534.4
726.202	528.6
726.612	555
727.022	534.6
727.432	535.4
779.813	530.2
780.223	577.8
780.634	534
781.044	528.8
781.454	535.4
781.865	544.8
782.276	533.4
782.686	550
783.097	531
783.508	533.8
783.919	541.2
784.33	552.4
784.741	540
785.152	524.4
785.563	525.8
785.974	523.8
786.386	544
786.776	531.2
787.188	536
787.599	530.6
788.011	547.2
788.423	534.2
788.835	540
789.247	534.8
789.659	535.2
790.071	531.6
790.483	574.4
790.874	534.2
791.286	546.6
791.699	530.2
792.111	535.8
792.524	540.2
792.937	537.8
793.349	526.2
793.741	535.6
794.154	532.8
794.567	554.6
794.98	532.2
795.393	516.6
795.785	549.8
796.198	532.6
796.612	540.2
797.026	527.8
797.439	521
797.831	533.6
798.245	527.4
798.659	525.8
799.073	530.2
799.487	524
799.88	534.2
800.294	536.4
800.708	541.4
801.123	532.6
801.516	543.2
801.93	515.4
802.345	518.4
802.76	535
803.153	550
803.568	552.2
803.983	542.8
804.377	537.2
804.792	526.6
805.207	523.8
805.601	540.8
806.016	572.6
806.432	528.8
806.826	564.8
807.242	543.2
807.658	532.2
808.052	535.2
808.468	530.2
808.884	536.6
809.279	522
809.695	544.4
810.111	556.6
810.506	536
810.922	548.6
811.339	539
811.734	537.4
812.151	531.2
812.546	535.8
812.963	528.4
813.38	552
813.776	535.6
814.193	555.2
814.589	537
815.006	529
815.402	530.8
815.82	530.6
816.237	538.6
816.633	542
817.051	532.6
817.448	541.2
817.866	522.6
818.262	546
818.68	528.4
819.077	534.4
819.495	538.6
819.892	573.6
820.311	530
820.708	535.2
821.127	526.2
821.524	546.8
821.943	538.6
822.34	555.6
822.759	536.4
823.157	533.2
823.576	548
823.974	543.2
824.393	579.6
824.791	527
825.189	531.8
825.609	533.4
826.007	535
826.427	523.4
826.826	532.4
827.246	541
827.644	522.6
828.043	550.4
828.463	533.2
828.862	541
829.261	541
829.682	528.2
830.081	549
830.502	532.4
830.901	540.2
831.301	548.6
831.722	531.2
832.121	528
832.521	533.4
832.943	532.8
833.342	530.6
833.742	527
834.164	533.8
834.564	529.6
834.965	530.6
835.386	530.4
835.787	534.6
836.188	542.2
836.588	540.6
837.01	533.6
837.411	528.8
837.812	542.4
838.213	535.4
838.636	533.4
839.037	596.2
839.438	539.8
839.84	533.6
840.263	542
840.664	537.6
841.066	531
841.468	536
841.891	531
842.293	549.4
842.695	533.6
843.098	539.4
843.5	527.6
843.902	533.8
844.326	536
844.729	531.4
845.131	544.8
845.534	538.8
845.937	549.2
846.34	541.6
846.764	532.8
847.167	534
847.571	518.6
847.974	531.6
848.377	526.8
848.781	575.4
849.184	547.8
849.588	533.4
849.992	524.2
850.396	528.6
850.821	551.8
851.225	532.8
851.63	533.4
852.034	541.8
852.438	523.8
852.843	564.8
853.247	523.4
853.652	529.8
854.057	546.4
854.462	534
854.867	540.6
855.272	563.6
855.677	539.4
856.082	533.2
856.487	524.6
856.893	533.2
857.298	529.2
857.704	533.6
858.11	539.8
858.516	542
858.922	538.4
859.328	539.2
859.734	538
860.14	539.6
860.525	534
860.931	520
861.338	532.4
861.745	538.6
862.151	541.4
862.558	530.4
862.965	525.8
863.372	531.8
863.779	527.4
864.186	553.8
864.572	532.2
864.98	546.4
865.387	551
865.795	523.2
866.203	534
866.61	519.2
867.018	543.4
867.405	537.2
867.813	527.2
868.221	531.8
868.63	521.6
869.038	534.8
869.425	564.8
869.834	537.4
870.243	525.6
870.652	530
871.039	524.8
871.448	537.4
871.857	535
872.266	526.8
872.654	539.4
873.064	529.6
873.473	540.4
873.883	520.4
874.271	530.2
874.681	544.2
875.091	517.4
875.48	546.2
875.89	545.2
876.3	534.8
876.689	525.8
877.1	526.2
877.51	532.6
877.9	557.8
878.31	531.4
878.721	563.6
879.111	681.2
879.522	531
879.933	529.6
880.323	521.2
880.734	527.6
881.125	533
881.536	525.6
881.948	533
882.338	530
882.75	534.2
883.141	530
883.553	536.8
883.944	554
884.356	544.6
884.769	555.2
885.16	560.8
885.573	529.2
885.964	524
886.377	534.6
886.768	520.8
887.181	528.2
887.573	520.4
887.987	539.6
888.378	540.6
888.792	527.2
889.184	577
889.598	522.4
889.99	533.8
890.383	528.8
890.797	521
891.19	541.2
891.604	521.4
891.997	523
892.411	528.8
892.805	523.8
893.198	522.2
893.613	513.4
894.006	528.2
894.421	522.2
894.815	523.8
895.209	527.6
895.624	563.8
896.018	545.4
896.412	528.8
896.828	526
897.222	532.8
897.617	526.4
898.033	548.2
898.427	533.6
898.822	528.6
899.239	521.4
899.634	523.8
900.029	546.4
900.424	521.8
900.841	515.8
901.236	537.6
901.632	537.2
902.027	584.4
902.445	538.6
902.841	527.8
903.237	523.8
903.633	544.2
904.05	540.2
904.447	530.8
904.843	534.6
905.24	531
905.636	522.2
906.033	531.6
906.451	543.2
906.848	518.4
907.246	524.4
907.643	537.6
908.04	528.2
908.438	548.8
908.835	534.6
909.254	527.2
909.652	537.8
910.05	537.2
910.448	524.4
910.846	536
911.244	523
911.643	523.2
912.041	526.2
912.44	537.2
912.839	528.6
913.237	528.8
913.636	524
914.035	538.2
914.434	530.2
914.834	543.4
915.233	537.6
915.633	531
916.032	526.2
916.432	527.4
916.832	547.8
917.232	521.8
917.632	519.2
918.032	536.2
918.432	524.4
918.833	525.4
919.233	522.6
919.634	523.2
920.035	543.2
920.436	524.8
920.837	536.6
921.238	525
921.639	530.8
922.019	529.8
922.42	533.8
922.822	536
923.224	536.8
923.625	530.6
924.027	536.2
924.429	546.6
924.81	535.2
925.212	538.6
925.615	533.6
926.017	526
926.42	541.6
926.801	536.6
927.204	533.2
927.607	546.4
928.01	545
928.413	530.2
928.795	522.2
929.199	521.6
929.602	525.6
930.006	525.6
930.388	520.6
930.792	531.8
931.196	526
931.579	561.6
931.983	524
932.388	580.4
932.771	528.4
933.176	519.8
933.58	531.6
933.964	536.4
934.369	526
934.774	533.8
935.158	526.6
935.563	526.4
935.947	531.8
936.353	542
936.759	529.4
937.143	530.6
937.549	523.8
937.934	544.2
938.34	556.6
938.746	525
939.131	524.6
939.538	529
939.923	533.2
940.33	523.8
940.716	530.4
941.123	536
941.508	536.2
941.916	540.6
942.302	532.6
942.709	520.8
943.096	523
943.503	532
943.89	520.2
944.298	522.8
944.685	555.2
945.072	524.6
945.48	536.6
945.867	523.4
946.276	519.4
946.663	543
947.051	549.4
947.46	535.4
947.848	528.2
948.257	533
948.645	537.2
949.033	524.6
949.443	521.6
949.831	559.4
950.22	522.8
950.63	535
951.018	551
951.407	526
951.796	524.8
952.207	538.6
952.596	539
952.985	523.6
953.375	578.4
953.786	526.6
954.176	524
954.566	526.2
954.956	519.2
955.367	521.4
955.758	543.8
956.148	516.2
956.539	540.6
956.929	525.4
957.341	519
957.732	519.6
958.123	536
958.515	514
958.906	531.6
959.297	522.6
959.689	531.8
960.102	519.8
960.494	532.8
960.886	527.6
961.278	524.2
961.67	543.4
962.062	559
962.455	526
962.847	521
963.24	530.2
963.633	527.6
964.026	518.2
964.419	527.6
964.812	531.8
965.206	516.8
965.599	525.4
965.993	527.4
966.386	533.2
966.78	539.8
967.174	534.4
967.569	518
967.963	519.8
968.357	513.2
968.752	529.4
969.146	521
969.541	520.8
969.936	525.4
970.331	530.8
970.705	525.8
971.1	521.8
971.496	537.2
971.892	519.2
972.287	524.6
972.683	520.6
973.079	528.2
973.454	542.2
973.85	526.8
974.247	533.6
974.643	556
975.04	532.6
975.415	526.8
975.812	520.6
976.209	526.2
976.607	523.4
976.982	534.4
977.38	539.4
977.778	529.2
978.175	516.6
978.552	529.8
978.95	530.4
979.348	536.6
979.725	572.8
980.123	527.8
980.522	524.6
980.899	525.6
981.298	523.2
981.697	534.2
982.075	530
982.474	522.6
982.852	528.4
983.251	539.8
983.651	521.4
984.029	530.2
984.429	525.6
984.808	528.6
985.208	528.6
985.609	517.8
985.987	512.8
986.388	516
986.768	533.8
987.168	513
987.548	528.2
987.949	529.2
988.329	542.4
988.731	511.4
989.111	520.4
989.491	519.2
989.893	521.4
990.273	525.8
990.676	520
991.057	517.4
991.459	511.2
991.84	525.6
992.221	513
992.624	548.8
993.006	524
993.388	522.6
993.791	536
994.173	522
994.576	553.2
994.959	523.6
995.341	525.4
995.724	532.6
996.128	525.8
996.511	527.8
996.894	523
997.298	525.4
997.681	529.2
998.065	530.6
998.448	521.6
998.854	532.4
999.237	528.4
999.621	539.8
1000.01	543.2
1000.39	531.2
1000.8	519.8
1001.18	530.2
1001.56	535.2
1001.95	530.8
1002.33	531.8
1002.72	529.2
1003.13	522.2
1003.51	527.8
1003.9	533
1004.28	544.2
1004.67	526.4
1005.06	533.4
1005.44	556.6
1005.83	522.4
1006.21	531.6
1006.6	517.4
1006.99	535.6
1007.37	540.2
1007.76	528.6
1060.12	520.2
1060.51	515
1060.89	537.8
1061.28	533.6
1061.67	534.8
1062.06	533.8
1062.45	525.4
1062.83	528.4
1063.22	536.2
1063.61	557.2
1064	535
1064.39	521
1064.78	528.6
1065.14	536.8
1065.53	533.2
1065.92	524.4
1066.31	523.6
1066.7	538.2
1067.09	529.8
1067.46	535.6
1067.85	522.4
1068.24	520.2
1068.63	530.6
1069.02	522.8
1069.39	531
1069.78	523.4
1070.17	522
1070.57	522.8
1070.93	531.2
1071.33	519
1071.72	532.6
1072.11	521.6
1072.48	523
1072.87	526.6
1073.26	522.8
1073.64	522.2
1074.03	524.6
1074.4	520
1074.79	529.2
1075.19	527.2
1075.56	523.8
1075.95	529.6
1076.34	529.4
1076.72	524.6
1077.11	531.8
1077.48	542.2
1077.88	533.4
1078.25	529.6
1078.64	533.8
1079.02	530
1079.41	537.4
1079.78	518.8
1080.18	522.4
1080.55	587.8
1080.95	515
1081.32	519
1081.72	529.2
1082.09	533.4
1082.49	522.8
1082.86	525.6
1083.24	508.6
1083.63	522.4
1084.01	531.2
1084.38	536.4
1084.78	522.8
1085.16	526.8
1085.55	536.8
1085.93	537.4
1086.31	513.8
1086.7	546.6
1087.08	528.8
1087.46	520.8
1087.83	523
1088.23	526.4
1088.61	524.6
1088.99	528.2
1089.36	519.8
1089.76	517
1090.14	526.6
1090.52	524.6
1090.9	521.4
1091.27	539
1091.67	553
1092.05	529
1092.43	522.2
1092.81	531.2
1093.19	533.2
1093.57	519
1093.95	520
1094.35	539.8
1094.73	532.8
1095.11	523.6
1095.49	525.6
1095.87	523.8
1096.25	536.6
1096.63	529.8
1097.01	531
1097.39	528.2
1097.77	524.2
1098.15	525.4
1098.53	520.8
1098.91	523.6
1099.29	522.6
1099.68	537.6
1100.06	529.2
1100.44	531.4
1100.82	528.8
1101.18	531.6
1101.56	520
1101.95	509.4
1102.33	529
1102.71	524.4
1103.1	516.4
1103.48	514
1103.86	511.6
1104.22	526.8
1104.61	521.2
1104.99	519.6
1105.38	516.6
1105.76	519.6
1106.12	529
1106.51	559.6
1106.89	530.8
1107.26	523.8
1107.64	533.4
1108.03	524.2
1108.41	527
1108.78	520.8
1109.16	524.4
1109.55	527.4
1109.91	508.4
1110.3	507.6
1110.69	533.4
1111.05	527.6
1111.44	518.2
1111.8	528
1112.19	529.4
1112.58	532.6
1112.94	525.8
1113.33	519.2
1113.7	516.4
1114.09	520.2
1114.45	525.4
1114.84	517.8
1115.21	524.4
1115.6	521.2
1115.96	527.2
1116.35	526.4
1116.72	522.4
1117.11	534
1117.48	518.8
1117.85	518.8
1118.24	538.2
1118.6	532.8
1118.99	511.6
1119.36	528
1119.73	523.2
1120.12	521.8
1120.49	512.8
1120.86	526
1121.25	521
1121.62	509.8
1121.99	524.8
1122.38	535.2
1122.76	529.2
1123.13	522.6
1123.5	530.4
1123.89	525.2
1124.26	514
1124.63	515.8
1125	520.2
1125.4	517
1125.77	514.2
1126.14	510.8
1126.51	517.2
1126.88	525.8
1127.26	512.8
1127.63	514
1128.02	516.6
1128.4	512.2
1128.77	521
1129.14	518
1129.52	520
1129.89	516.6
1130.26	511.6
1130.64	517.2
1131.01	520.6
