#lambda/nm	C1
208.295	469.8
208.67	432.6
209.045	396.4
209.419	399.8
209.794	564.2
210.169	554.2
210.544	674.2
210.919	566.4
211.295	555.6
211.67	569.8
212.045	563.6
212.421	556.8
212.796	597
213.172	565.8
213.547	565.4
213.923	566
214.299	559.4
214.675	558.8
215.051	572.4
215.427	567.2
215.803	580
216.179	573.4
216.555	564.2
216.932	573.6
217.308	570.2
217.684	560.6
218.061	574.2
218.438	565.8
218.814	570.4
219.191	573
219.568	562
219.945	561
220.322	572.8
220.699	571
221.076	578.8
221.453	574.8
221.83	562.4
222.208	563.8
222.585	560.8
222.962	562
223.34	571.6
223.717	568.2
224.095	555.8
224.473	574
224.851	558
225.229	552.8
225.607	583.8
225.985	559
226.363	578.2
226.741	566.2
227.119	566
227.497	581.4
227.876	553.8
228.254	573
228.633	575.2
229.011	578.4
229.39	566.6
229.769	580
230.148	575
230.527	583
230.905	566.4
231.284	574.2
231.664	562.6
232.043	584.6
232.422	576
232.801	566
233.181	572.6
233.56	560
233.94	569
234.319	565.2
234.699	565.8
235.079	608.6
235.458	600.8
235.838	579.4
236.218	564.2
236.598	556.4
236.978	552.8
237.358	546.2
237.738	559.2
238.119	567.8
238.499	554.6
238.88	559.2
239.26	573
239.641	546.4
240.021	565.6
240.402	562
240.783	560.8
241.163	561
241.544	572.8
241.925	568.4
242.306	577
242.687	570
243.069	557
243.45	579
243.831	569.2
244.212	562.6
244.594	599.4
244.975	574
245.357	567.8
245.739	557.4
246.12	564.8
246.502	571.2
246.884	553
247.266	570.8
247.648	555.8
248.03	583.6
248.412	568.2
248.794	567.4
249.176	562.4
249.559	572.8
249.941	561.4
250.323	558.2
250.706	565.4
251.089	571.4
251.471	570.4
251.854	570.6
252.237	563.8
252.62	564.4
253.002	564.8
253.385	564.6
253.769	578.6
254.152	565.2
254.535	572.4
254.918	554.2
255.301	567.6
255.685	563.8
256.068	556.8
256.452	587.8
256.835	579.2
257.219	574
257.603	589
257.986	560.8
258.37	574.6
258.754	557.2
259.138	565.2
259.522	581.2
259.906	556
260.29	570.4
260.675	567.4
261.059	566.4
261.443	572.8
261.828	578.2
262.212	582.8
262.597	555
262.981	566.4
263.366	574
263.751	574.6
264.136	559.8
264.521	565.6
264.906	567.2
265.291	584
265.676	565.8
266.061	571.2
266.446	586.4
266.831	570.4
267.217	579.8
267.602	573.6
267.987	570.2
268.373	561.2
268.759	578
269.144	577.8
269.53	565.6
269.916	568.6
270.302	563.4
270.688	570.2
271.074	569.4
271.46	572.2
271.846	582.2
272.232	566
272.618	555.8
273.004	561.4
273.391	576.6
273.777	581.4
274.164	576
274.55	579.4
274.937	577.6
275.324	567
275.71	580.2
276.097	573.2
276.484	557.6
276.871	572.6
277.258	574
277.645	558.6
278.032	571.2
278.419	567.8
278.807	570.6
279.194	563.4
279.581	563
279.969	571.8
280.356	568.4
280.744	574
281.131	588.4
281.519	579.8
281.907	567.8
282.295	562.6
282.682	578.2
283.07	582
283.458	583.4
283.846	580
284.235	583.4
284.623	584.4
285.011	556.8
285.399	565.6
285.788	568.2
286.176	560.8
286.565	580.4
286.953	555.2
287.342	559.2
287.731	560.8
288.119	560.8
288.508	562
288.897	569.8
289.286	553.8
289.675	569
290.064	572.8
290.453	563.2
290.821	568.6
291.21	579
291.599	560.2
291.989	568.8
292.378	579.8
292.768	588.8
293.157	563.8
293.547	580.2
293.936	562
294.326	561.8
294.716	568.8
295.106	562.4
295.496	576.4
295.886	575.2
296.276	565.8
296.666	572.2
297.056	567
297.446	561.2
297.836	582.2
298.227	565.4
298.617	568.2
299.008	584.6
299.398	563
299.789	559.8
300.179	574.6
300.57	577
300.961	571.8
301.352	565.4
301.742	572.2
302.133	565
302.524	561.6
302.915	562.8
303.307	553.8
303.698	571.8
304.089	573.4
304.48	562.8
304.872	580.2
305.263	572
305.655	572.6
306.046	579
306.438	573
306.829	562
307.221	583.4
307.613	575.4
308.005	573.6
308.397	574.2
308.789	581.4
309.181	589.8
309.573	582.4
309.965	582.2
310.357	569.6
310.749	568.6
311.142	556.6
311.534	562.4
311.926	565.8
312.319	568.6
312.711	553.6
313.104	577.6
313.497	565.6
313.889	600.8
314.282	585
314.675	587.4
315.068	567.8
315.461	586
315.854	588
316.247	570
316.64	573.4
317.033	571.6
317.405	574.8
317.798	566.6
318.192	579.6
318.585	561.6
318.979	573.6
319.372	566.8
319.766	567
320.16	572.8
320.553	581.2
320.947	592.6
321.341	568.8
321.735	563.2
322.129	554.8
322.523	593.6
322.917	564
323.311	578.8
323.705	565
324.099	575.6
324.494	581.8
324.888	582.2
325.282	566
325.677	579
326.071	575
326.466	584.6
326.861	570.8
327.255	581
327.65	583.2
328.045	583.2
328.44	568.6
328.835	574
329.23	569
329.625	585.4
330.02	571
330.415	583
330.81	583.2
331.206	565.6
331.601	562
331.996	571.4
332.37	594.6
332.766	563.4
333.161	601.4
333.557	579.4
333.953	571
334.348	850.4
334.744	568.4
335.14	565.4
335.536	555.6
335.932	577.2
336.328	570
336.724	566.4
337.12	558.2
337.516	569.6
337.913	574.6
338.309	574.2
338.705	555
339.102	569
339.498	561
339.895	576.8
340.291	567.8
340.688	571.6
341.085	553.2
341.481	559.2
341.878	568.6
342.275	587.6
342.672	557.4
343.069	554.2
343.466	551
343.842	573.8
344.239	563.6
344.636	567
345.033	558.2
345.431	564.8
345.828	572.8
346.225	557.2
346.623	596.4
347.02	567
347.418	567.6
347.816	579.2
348.213	554.8
348.611	567.2
349.009	563.2
349.407	564.8
349.805	554.8
350.203	554.2
350.601	575
350.999	558.6
351.397	630
351.795	570.6
352.193	568.4
352.57	572.6
352.969	573.8
353.367	551.4
353.766	557.2
354.164	576.2
354.563	571.6
354.961	570.8
355.36	569
355.759	566.2
356.158	560
356.557	559
356.956	558
357.355	545.6
357.754	569.2
358.153	568.4
358.552	589.8
358.951	580.6
359.35	573.2
359.75	560
360.149	555.4
360.527	548
360.926	558
361.326	568.8
361.726	558.6
362.125	557.8
362.525	578.2
362.925	559
363.325	557.2
363.724	563
364.124	555.4
364.524	552
364.924	554.2
365.324	564.2
365.725	555.2
366.125	561.2
366.525	557.6
366.904	552.8
367.304	551.4
367.705	573.2
368.105	581.2
368.506	559.4
368.906	560.4
369.307	559
369.708	577
370.108	546.4
370.509	570.8
370.91	560.2
371.311	559.8
371.712	558.2
372.113	557.6
372.514	553.2
372.894	559
373.295	559
373.696	575.4
374.097	570.6
374.499	589.6
374.9	564.8
375.301	556.6
375.703	556.8
376.105	552.8
376.506	565.6
376.908	564.8
377.309	560
377.711	558.2
378.113	557
378.493	570.8
378.895	549
379.297	571.4
379.699	551.6
380.102	568.6
380.504	565
380.906	548
381.308	583.6
381.71	562
382.113	562.8
382.515	562.8
382.918	559.4
383.299	557.6
383.701	574.6
384.104	563.2
384.507	551.2
384.909	563.6
385.312	557.2
385.715	554
386.118	555
386.521	550.6
386.924	569.4
387.327	554.6
387.709	551.8
388.112	547.6
388.515	561
388.918	559.4
389.322	563.6
389.725	561
390.129	581.4
390.532	569.8
390.936	555
391.339	556
391.743	552
392.125	559.4
392.529	574.8
392.933	568
393.337	555.8
393.74	560.4
394.144	558
394.548	563
394.953	558.8
395.357	569.8
395.761	554
396.144	567
396.548	555.4
396.952	566.8
397.357	568.4
397.761	556.8
398.166	565.2
398.57	562.2
398.975	548.2
399.379	561.6
399.763	603.6
400.168	559.2
400.572	561.6
400.977	551
401.382	573.2
401.787	564.6
402.192	572.2
402.597	579
403.002	543.2
403.386	573
403.791	577.2
404.197	558.8
404.602	566.4
405.007	558.2
405.413	553.8
405.818	561.6
406.224	560
406.608	558
407.014	547.2
407.42	570.6
407.825	551.2
408.231	574.4
408.637	561.2
409.043	577.8
409.449	554.8
409.834	555.4
410.24	561.8
410.646	569
411.052	575.4
411.458	557.8
411.865	566.2
412.271	568.6
412.677	557.4
413.062	565.4
413.469	553.4
413.875	578.4
414.282	567.4
414.689	565.6
415.095	571.6
415.502	558.2
415.888	560.2
416.294	548.6
416.701	596.4
417.108	557.8
417.515	562.6
417.923	554.6
418.33	583
418.715	572.2
419.123	567
419.53	559.2
419.937	559
420.345	578.6
420.752	559
421.16	573.4
421.546	554.8
421.953	573
422.361	548.4
422.769	563
423.177	549.4
423.585	588.4
423.992	580.4
424.379	576.4
424.787	568.6
425.195	580.6
425.603	562
426.011	582.4
426.419	570.4
426.806	566.6
427.214	573.8
427.623	569.8
428.031	572
428.44	569.2
428.848	581.2
429.235	574
429.644	565.4
430.053	564
430.461	580.8
430.87	581.6
431.279	569.8
431.666	547.2
432.075	561
432.484	563
432.893	557.4
433.302	573.6
433.711	581.4
434.099	564.6
434.508	554.2
434.918	552.2
435.327	565
435.737	560.6
436.125	558.8
436.534	563.8
436.944	561
437.353	569.2
437.763	582
438.173	559.4
438.561	559.8
438.971	546.4
439.381	553.8
439.791	573
440.201	539.2
440.589	556.6
440.999	568.8
441.409	568.2
441.819	551.6
442.23	569.4
442.619	564
443.029	559.6
443.439	555.6
443.85	565
444.26	573.8
444.649	574
445.06	560.2
445.471	551.6
445.881	556.2
446.292	576.6
446.682	582.6
447.092	542
447.503	606.4
447.914	558.6
448.325	558.4
448.715	557.8
449.126	553.2
449.537	557
449.948	559.2
450.338	563.6
450.75	574.4
451.161	563.4
451.572	561.8
451.984	555.2
452.374	548.6
452.786	564
453.197	566.6
453.609	566.6
453.999	554.8
454.411	566
454.823	565.2
455.235	553.8
455.647	557
456.037	559.4
456.449	554
456.862	559.6
457.274	559.6
457.665	547.2
458.077	565.2
458.489	585.6
458.902	546.2
459.293	557
459.705	555.8
460.118	552.2
460.53	569.2
460.921	556
461.334	568.6
461.747	565
462.16	567.8
462.551	564
462.964	558.8
463.377	540.4
463.79	551.8
464.182	562.2
464.595	542.6
465.008	556.8
465.421	568.6
465.813	549
466.226	556.2
466.64	552
467.053	595.2
467.445	565.4
467.859	573.4
468.272	554.2
468.686	566.2
469.078	551.6
469.492	541.8
469.906	561.2
470.298	559.4
470.712	551.2
471.126	570.4
471.54	547
471.933	548.2
472.347	554.2
472.761	549.4
473.175	550.6
473.568	557.2
473.982	543
474.397	556.2
474.79	563.2
475.204	555
475.619	550.6
476.033	559.6
476.426	550.2
476.841	558.6
477.256	585.4
477.649	549.8
478.064	542.6
478.479	547
478.872	547.4
479.287	545.4
479.702	548.4
480.118	549.4
480.511	553.2
480.927	546.2
481.342	555
481.736	556.6
482.151	546.2
482.566	565.2
482.96	551
483.376	563.2
483.792	546.6
484.186	551
484.602	551
485.017	555
485.412	548
485.827	559.8
486.243	558
486.638	576.6
487.054	567.6
487.47	564.4
487.865	546.4
488.281	549.6
488.697	544.2
489.092	550.4
489.508	541.6
489.925	569.6
490.32	542.8
490.736	566.6
491.153	554
491.548	547.4
491.964	563.6
492.381	539.4
492.776	557.8
493.193	550.8
493.61	562.6
494.006	550.2
494.422	556.2
494.84	555.6
495.235	561.4
495.652	553.2
496.069	549.8
496.465	547
496.883	544.4
497.3	576.4
497.696	546.6
498.113	559.4
498.509	551.4
498.927	551.4
499.344	543.8
499.741	550.2
500.158	557.8
500.576	563.6
500.973	549.8
501.39	543.2
501.787	543.2
502.205	557.8
502.623	538.6
503.02	539.2
503.438	548.6
503.856	540.8
504.253	553.6
504.671	543
505.068	542.8
505.486	542.6
505.905	560.2
506.302	558.6
506.72	565.8
507.118	540.4
507.536	551.2
507.955	553
508.352	545.4
508.771	554.6
509.169	548.2
509.587	546.2
510.006	546.8
510.404	546
510.823	546.4
511.221	547.8
511.64	545.8
512.038	563
512.457	546.4
512.877	552.4
513.275	550.6
513.694	547.6
514.092	554.2
514.512	555
514.91	555.6
515.33	545.6
515.749	552.8
516.148	553.4
516.568	554
516.966	548
517.386	534.8
517.785	543
518.205	555.6
518.603	542.2
519.024	547.4
519.444	549
519.843	557.4
520.263	546.4
520.662	555.6
521.082	549.2
521.481	550.4
521.902	553
522.301	549.6
522.722	553.8
523.121	550
523.542	549.6
523.963	551
524.362	542.8
524.783	556
525.183	555.6
525.604	546.2
526.003	539.6
526.425	541.4
526.824	554.8
527.246	549.6
527.646	556
528.067	542.2
528.467	550.8
528.888	547.8
529.289	546.6
529.71	545
530.11	539.2
530.532	547
530.932	541.2
531.354	534.2
531.755	571
532.176	543.4
532.577	546.8
532.999	546.6
533.4	540.4
533.822	553.6
534.223	555.4
534.645	543.4
535.046	544.6
535.468	545.4
535.869	562.8
536.292	540.8
536.693	575.4
537.115	550.8
537.516	549.4
537.939	546.4
538.34	560.2
538.742	567.8
539.165	545.2
539.566	541.8
539.989	542.4
540.391	545.2
540.814	541.4
541.216	546.2
541.639	543.2
542.041	560.2
542.464	543
542.866	532.8
543.268	538.8
543.691	548.8
544.093	551.4
544.517	570.2
544.919	535.4
545.343	565.6
545.745	539.6
546.147	559.6
546.571	545.8
546.974	547.2
547.398	546.8
547.8	560.8
548.224	543.6
548.627	538.8
549.03	548.8
549.454	535.8
549.857	539.2
550.281	542
550.684	542.8
551.087	563
551.512	549.8
551.915	546.2
552.34	549.4
552.743	541.4
553.146	546.4
553.571	547
553.975	567.4
554.399	545.4
554.803	592.6
555.207	545.8
555.632	546.4
556.036	549.6
556.461	535.6
556.865	554.6
557.268	544.2
557.694	538.4
558.098	550.8
558.502	542.8
558.927	535
559.332	544
559.736	542.8
560.162	549
560.566	546
560.992	548.8
561.396	546.2
561.801	546
562.227	539.6
562.631	541.4
563.036	551.8
563.462	549.6
563.867	543
564.272	536.2
564.698	543.8
565.103	541.8
565.508	556
565.935	551.4
566.34	546.8
566.745	554.6
567.172	549.4
567.577	563.2
567.982	552.8
568.409	557.4
568.815	544.2
569.22	543
569.626	564
570.053	539.4
570.459	552.6
570.865	556
571.292	552.4
571.698	546.8
572.104	535.4
572.531	539.4
572.937	555.4
573.343	546
573.75	546.8
574.177	543
574.583	545
574.99	554.8
575.396	551.8
575.824	553.8
576.231	555.6
576.637	536.8
577.065	565.8
577.472	538.8
577.879	539.6
578.286	558.2
578.714	540.2
579.121	539.8
579.528	552
579.935	548.6
580.364	544.2
580.771	531.6
581.178	535.6
581.585	552.4
582.014	549.8
582.421	550.2
582.829	547.6
583.236	548.6
583.644	544.6
584.073	546.2
584.481	540
584.889	543.4
585.296	553.6
585.726	541
586.134	532.2
586.542	542.6
586.95	561.4
587.358	541.6
587.787	546.8
588.196	564
588.604	538.6
589.012	549
589.421	539.6
589.851	536.4
590.259	548
590.668	545
591.076	577.2
591.485	539.6
591.894	540
592.324	555.8
592.733	551
593.142	527.6
593.551	546.8
593.96	548.6
594.369	535.6
594.8	552.2
595.209	547
595.618	536
596.028	538.6
596.437	532.2
596.847	552.8
597.256	548.8
597.687	544
598.097	553.6
598.507	542
598.917	547.6
599.327	553
599.736	541.2
600.146	552.8
600.556	542.6
600.988	552.4
601.398	540.8
601.808	553.8
602.219	531.8
602.629	545.8
603.039	543.2
603.45	564.6
603.86	541.8
604.271	553
604.703	552
605.114	543.4
605.525	544.4
605.935	544.2
606.346	560.2
606.757	553.4
607.168	539.6
607.579	536.8
607.99	553
608.402	545.4
608.813	553.2
609.224	544.6
609.636	530.4
610.047	541.6
610.48	549.6
610.892	551.8
611.303	550.4
611.715	541.2
612.127	534.2
612.539	538.8
612.95	550.4
613.362	529.4
613.774	532.2
614.186	540
614.599	536
615.011	550
615.423	547.8
615.835	547.4
616.248	539.4
616.66	551.4
617.073	538.4
617.485	542.6
617.898	555.8
618.311	542.6
618.723	546.6
619.136	567.4
619.549	557.2
619.962	565.2
620.375	539.2
620.788	544
621.201	540.4
621.614	554.6
622.028	542.2
622.441	545.6
622.854	554
623.268	527.4
623.681	547.6
624.095	534
624.509	548.2
624.922	547
625.336	525
625.728	540
626.142	540.8
626.556	552.6
626.97	541.8
627.384	531.4
627.799	539.8
628.213	545
628.627	530.6
629.041	540.8
629.456	547.2
629.87	546.4
630.285	544
630.699	547.2
631.093	544
631.507	547.4
631.922	544.2
632.337	556.2
632.752	533.6
633.167	542.2
633.582	538
633.997	531
634.412	533.2
634.806	541
635.221	527.8
635.637	552.2
636.052	538.2
636.468	547.6
636.883	554.4
637.299	542.4
637.715	527.6
638.109	541.4
638.525	529.8
638.941	552.6
639.357	546.8
639.773	548
640.189	524.8
640.584	544.8
641	546.6
641.416	532
641.832	544
642.249	541.4
642.665	547.4
643.06	552.4
643.477	549.6
643.894	530.8
644.31	537.4
644.727	541.6
645.123	537
645.54	532.2
645.957	535.4
646.374	553
646.77	536.2
647.187	565.6
647.604	542.4
648.021	531.4
648.439	530
648.835	543.2
649.252	539.2
649.67	543
650.088	540
650.484	548.8
650.902	557.2
651.32	543.2
651.738	538.6
652.134	548.6
652.552	555
652.971	551.2
653.389	543.6
653.786	550.4
654.204	555.4
654.622	528
655.019	544.8
655.438	540.4
655.857	543.6
656.275	545.6
656.673	528.8
657.091	549.4
657.51	537.4
657.908	544.6
658.327	543.6
658.746	526.2
659.144	542
659.563	548.6
659.982	544.4
660.38	529.4
660.8	545
661.219	549.2
661.617	543.8
662.037	536.4
662.457	556.2
662.855	531.6
663.275	572
663.695	541
664.094	541.6
664.514	544.4
664.934	534
665.333	550.6
665.753	534
666.152	532.6
666.572	540.6
666.993	555.8
667.392	544
667.812	534.6
668.212	537.8
668.632	554.4
669.053	545
669.453	550.8
669.874	537
670.273	542.8
670.694	534.2
671.116	550.8
671.515	556.8
671.937	540
672.337	530.4
672.758	536.6
673.158	548.4
673.58	532.4
673.98	544.4
674.402	552.2
674.824	542.2
675.224	535.8
675.646	534.6
676.047	538.6
676.469	535.8
676.869	540.4
677.292	543
677.693	537.6
678.115	539.6
678.516	545.8
678.939	547.8
679.34	537.4
679.762	553.4
680.164	540.4
680.586	529.6
680.988	541.8
681.411	565.4
681.812	535.6
682.236	528.6
682.637	531.4
683.061	529.6
683.462	540.8
683.864	530
684.288	543
684.69	526.8
685.114	551.2
685.516	553.4
685.94	531.2
686.342	546
686.766	530.4
687.168	536.2
687.571	552.4
687.995	545.2
688.398	535.2
688.822	541.2
689.225	550.6
689.628	563.2
690.052	539.8
690.456	548.2
690.88	538.8
691.284	527.6
691.687	545.8
692.112	534
692.515	529.8
692.919	541.4
693.344	545.8
693.747	531.4
694.173	533.6
694.577	543.8
694.98	539.4
695.406	534.6
695.81	547.6
696.214	544.6
696.64	544.8
697.044	538.2
697.448	543
697.874	535.2
698.279	531.6
698.684	530
699.11	537.6
699.514	539.4
699.919	536.2
700.324	527
700.75	539
701.156	543.8
701.561	548.4
701.987	550
702.393	554
702.798	551.4
703.203	538
703.63	533.2
704.036	537.2
704.442	546
704.847	532.2
705.274	531.2
705.68	543
706.086	544
706.492	535.4
706.92	533
707.326	546.4
707.732	533.6
708.139	528.2
708.545	528
708.973	532.4
709.38	545
709.786	535
710.193	552.8
710.6	551.6
711.028	533.6
711.435	531
711.842	537.2
712.249	537.6
712.656	534
713.064	553.2
713.492	533.2
713.9	542.2
714.307	546
714.715	542
715.123	542
715.53	541
715.938	553
716.367	541.4
716.775	540.4
717.184	537.2
717.592	537
718	544.8
718.408	568
718.816	583.8
719.225	540.6
719.633	543
720.042	530.4
720.472	534.6
720.881	552
721.29	535.8
721.699	523.2
722.108	540.2
722.517	534.4
722.926	530.6
723.335	537.4
723.744	537
724.154	535.4
724.563	531.4
724.973	537.4
725.382	532.4
725.792	531.4
726.202	527.4
726.612	552.2
727.022	537.2
727.432	518.6
779.813	527.4
780.223	573
780.634	529.2
781.044	528.6
781.454	533.4
781.865	547.6
782.276	529.8
782.686	558
783.097	532.2
783.508	538
783.919	554.6
784.33	544.4
784.741	547.8
785.152	527
785.563	529.2
785.974	534.6
786.386	543
786.776	528.2
787.188	526.8
787.599	532.6
788.011	543.8
788.423	540.8
788.835	530.8
789.247	528.8
789.659	525.8
790.071	535.4
790.483	584.2
790.874	527
791.286	547
791.699	535
792.111	536.4
792.524	535.6
792.937	533
793.349	533.4
793.741	527.6
794.154	532.6
794.567	562.6
794.98	524.2
795.393	528.4
795.785	544.8
796.198	529.6
796.612	537.8
797.026	533.4
797.439	520.6
797.831	534.4
798.245	528.4
798.659	531.8
799.073	526.6
799.487	525.2
799.88	535.2
800.294	538.2
800.708	539
801.123	538.6
801.516	552.4
801.93	527
802.345	524.8
802.76	531.6
803.153	546.6
803.568	539.2
803.983	538.8
804.377	539.6
804.792	528.4
805.207	518.4
805.601	536.8
806.016	560.8
806.432	528.2
806.826	555.4
807.242	544.4
807.658	534.4
808.052	535.4
808.468	522.8
808.884	523.2
809.279	537.2
809.695	551.8
810.111	555.2
810.506	536.6
810.922	553.6
811.339	533.4
811.734	540.4
812.151	533.6
812.546	530
812.963	534.2
813.38	543.4
813.776	536
814.193	550
814.589	528
815.006	538.6
815.402	526.2
815.82	529
816.237	530.6
816.633	540.8
817.051	531.2
817.448	541
817.866	528
818.262	552
818.68	533
819.077	527.8
819.495	538.8
819.892	573.2
820.311	528.4
820.708	530.6
821.127	529.2
821.524	544.2
821.943	539
822.34	544.6
822.759	541.6
823.157	545.2
823.576	553.4
823.974	540.4
824.393	562.8
824.791	527
825.189	526.6
825.609	527
826.007	533
826.427	529.6
826.826	536
827.246	539.8
827.644	523.2
828.043	542.6
828.463	533.2
828.862	550.6
829.261	539.4
829.682	526.4
830.081	540
830.502	529.2
830.901	542.2
831.301	539.6
831.722	523.8
832.121	541.4
832.521	526.6
832.943	531.8
833.342	540.8
833.742	526.6
834.164	530.8
834.564	530.2
834.965	537.6
835.386	526.8
835.787	533.8
836.188	539
836.588	537.6
837.01	536.4
837.411	524.8
837.812	537.8
838.213	534.8
838.636	532.2
839.037	597.2
839.438	536
839.84	537.2
840.263	538
840.664	543.8
841.066	535.8
841.468	540.4
841.891	525.2
842.293	543.2
842.695	538.2
843.098	540.4
843.5	528.6
843.902	537.2
844.326	528.8
844.729	536.4
845.131	548.2
845.534	536.4
845.937	541.6
846.34	547.6
846.764	524
847.167	535.8
847.571	525.6
847.974	529.4
848.377	533.4
848.781	581.2
849.184	541
849.588	528.8
849.992	532
850.396	532.6
850.821	554.6
851.225	534.6
851.63	524.8
852.034	548.6
852.438	531.6
852.843	563
853.247	520.8
853.652	527.8
854.057	547.8
854.462	533.8
854.867	533.6
855.272	556.8
855.677	538.8
856.082	521
856.487	522.6
856.893	533.8
857.298	532.2
857.704	531
858.11	539.6
858.516	539.8
858.922	539.6
859.328	545.6
859.734	524.4
860.14	540.6
860.525	538.4
860.931	523
861.338	530.2
861.745	535.2
862.151	545.4
862.558	534.6
862.965	527.8
863.372	527
863.779	533.2
864.186	552.6
864.572	535
864.98	555
865.387	564.4
865.795	529.4
866.203	539.8
866.61	518.4
867.018	533.4
867.405	535.2
867.813	530.6
868.221	529.2
868.63	521.8
869.038	534.8
869.425	570
869.834	526.8
870.243	526
870.652	522.4
871.039	526.2
871.448	525
871.857	533.4
872.266	533
872.654	528.6
873.064	520.2
873.473	538.2
873.883	515.4
874.271	526.2
874.681	541.4
875.091	522.6
875.48	540
875.89	551.2
876.3	529.2
876.689	518
877.1	529
877.51	528.8
877.9	555.4
878.31	528.4
878.721	560.8
879.111	672.2
879.522	533
879.933	520.4
880.323	527
880.734	528.2
881.125	534.8
881.536	523.6
881.948	521.4
882.338	529.4
882.75	533
883.141	523.6
883.553	530.6
883.944	556.4
884.356	530.2
884.769	526.6
885.16	528.8
885.573	532.8
885.964	528.4
886.377	536.8
886.768	524
887.181	540.6
887.573	525.8
887.987	535.8
888.378	544.6
888.792	535.2
889.184	577.8
889.598	525.8
889.99	534.4
890.383	523.2
890.797	519.2
891.19	544.4
891.604	531
891.997	533
892.411	522.2
892.805	529
893.198	526.8
893.613	515.6
894.006	518.2
894.421	530
894.815	529
895.209	532.8
895.624	568.4
896.018	538.8
896.412	522.6
896.828	524
897.222	532.8
897.617	516.2
898.033	551.6
898.427	523.8
898.822	521.8
899.239	517.4
899.634	529.6
900.029	547.2
900.424	524.6
900.841	510.2
901.236	540.6
901.632	535.2
902.027	576.8
902.445	536.2
902.841	529.8
903.237	526.6
903.633	543
904.05	538.4
904.447	538.2
904.843	543
905.24	529.2
905.636	526.6
906.033	528.8
906.451	545.2
906.848	527.4
907.246	533.2
907.643	531.4
908.04	534.2
908.438	546.6
908.835	536.6
909.254	534.2
909.652	541
910.05	532.4
910.448	533
910.846	532
911.244	521.6
911.643	535.6
912.041	536.8
912.44	551
912.839	527.6
913.237	526.8
913.636	526.6
914.035	535.6
914.434	524.4
914.834	540.8
915.233	533
915.633	530.2
916.032	521.4
916.432	525
916.832	540.8
917.232	525
917.632	519
918.032	537.2
918.432	526.4
918.833	523
919.233	517.2
919.634	529.6
920.035	534.6
920.436	522.6
920.837	533
921.238	530.2
921.639	522.2
922.019	535.2
922.42	526.4
922.822	534.6
923.224	531.6
923.625	528
924.027	531.6
924.429	548.6
924.81	536
925.212	538.8
925.615	528.2
926.017	528.2
926.42	539.2
926.801	531.4
927.204	532.6
927.607	539.6
928.01	543
928.413	528.4
928.795	519.2
929.199	520.6
929.602	532
930.006	527.4
930.388	522.6
930.792	531.4
931.196	530.2
931.579	556
931.983	524
932.388	575
932.771	522.6
933.176	518.4
933.58	531.2
933.964	532.4
934.369	514.6
934.774	535.4
935.158	526.4
935.563	533.4
935.947	536.8
936.353	539.2
936.759	532.8
937.143	539.6
937.549	535
937.934	538.6
938.34	547.4
938.746	517.8
939.131	529.6
939.538	519.4
939.923	529.4
940.33	521.6
940.716	532.6
941.123	535.6
941.508	536.6
941.916	542.8
942.302	528.6
942.709	524
943.096	522.2
943.503	539
943.89	525.4
944.298	525.8
944.685	549.8
945.072	530.6
945.48	539.6
945.867	524
946.276	523.6
946.663	553.6
947.051	534.4
947.46	538
947.848	530.4
948.257	525.2
948.645	530.4
949.033	529.6
949.443	517.2
949.831	563.4
950.22	520
950.63	529.2
951.018	555
951.407	531.8
951.796	523.8
952.207	538.6
952.596	538
952.985	517
953.375	563.8
953.786	528
954.176	521.4
954.566	538.6
954.956	520
955.367	530.4
955.758	540.8
956.148	516
956.539	538.2
956.929	519.2
957.341	511
957.732	521.4
958.123	539.8
958.515	512.6
958.906	535.8
959.297	526.4
959.689	527.2
960.102	521.8
960.494	533
960.886	523
961.278	524.8
961.67	549.2
962.062	554.8
962.455	520
962.847	509.4
963.24	519.8
963.633	522
964.026	514.8
964.419	523.2
964.812	523.8
965.206	516.8
965.599	525.2
965.993	529.4
966.386	529
966.78	533.6
967.174	538.8
967.569	516.4
967.963	522.2
968.357	517.2
968.752	523.4
969.146	524.4
969.541	512.8
969.936	529.8
970.331	531.4
970.705	533.2
971.1	521.8
971.496	531
971.892	524.4
972.287	522.2
972.683	526
973.079	526
973.454	533.6
973.85	531.2
974.247	530.8
974.643	545.4
975.04	517.4
975.415	526.4
975.812	520.6
976.209	529.4
976.607	517.2
976.982	535.4
977.38	540.8
977.778	519.8
978.175	524.6
978.552	532
978.95	533
979.348	525.8
979.725	573.6
980.123	530.4
980.522	525.4
980.899	526.8
981.298	522.8
981.697	523.8
982.075	533.6
982.474	517.8
982.852	528.2
983.251	529.4
983.651	524.2
984.029	536.2
984.429	529.8
984.808	524.8
985.208	533.2
985.609	522.2
985.987	512.2
986.388	527.6
986.768	535.6
987.168	523.6
987.548	526.6
987.949	532.4
988.329	534.4
988.731	518.6
989.111	530
989.491	517.6
989.893	524.8
990.273	542.4
990.676	520.8
991.057	512.8
991.459	521.6
991.84	530.8
992.221	509.8
992.624	543
993.006	530
993.388	530.4
993.791	530
994.173	520.2
994.576	553
994.959	507.6
995.341	526.2
995.724	525.2
996.128	525
996.511	529.8
996.894	521.2
997.298	522.2
997.681	529.8
998.065	528.4
998.448	525.6
998.854	528.6
999.237	520
999.621	535.6
1000.01	538.6
1000.39	529
1000.8	527.6
1001.18	531.4
1001.56	539.8
1001.95	536.4
1002.33	535.2
1002.72	522.4
1003.13	529.8
1003.51	521
1003.9	522.4
1004.28	541.4
1004.67	523
1005.06	521.6
1005.44	552.8
1005.83	520.2
1006.21	529.4
1006.6	526
1006.99	539
1007.37	529.2
1007.76	529.6
1060.12	524.6
1060.51	516.6
1060.89	528.6
1061.28	531.2
1061.67	534.2
1062.06	537
1062.45	524.8
1062.83	520
1063.22	530.6
1063.61	566.6
1064	535.4
1064.39	522
1064.78	518.2
1065.14	538.4
1065.53	530
1065.92	525.6
1066.31	523
1066.7	530.2
1067.09	538
1067.46	534.6
1067.85	516.4
1068.24	521.4
1068.63	538.2
1069.02	524.6
1069.39	526.8
1069.78	519
1070.17	525
1070.57	512.4
1070.93	525.4
1071.33	522.8
1071.72	523.2
1072.11	526.2
1072.48	522.8
1072.87	527.6
1073.26	533.6
1073.64	521.6
1074.03	524.2
1074.4	521
1074.79	524.6
1075.19	535.6
1075.56	528.6
1075.95	527.2
1076.34	521.2
1076.72	523.6
1077.11	533
1077.48	524.8
1077.88	528
1078.25	529.4
1078.64	534.4
1079.02	532.4
1079.41	533.6
1079.78	523.4
1080.18	519
1080.55	580
1080.95	525.8
1081.32	520
1081.72	532.6
1082.09	521.4
1082.49	521.8
1082.86	524.6
1083.24	510.8
1083.63	511.4
1084.01	517.6
1084.38	524.2
1084.78	515
1085.16	526.2
1085.55	536.8
1085.93	538.6
1086.31	517.8
1086.7	554.6
1087.08	531.4
1087.46	522.8
1087.83	524.6
1088.23	535
1088.61	521.6
1088.99	529.2
1089.36	523.6
1089.76	514.6
1090.14	530.2
1090.52	525.4
1090.9	530
1091.27	535.4
1091.67	552.4
1092.05	529.2
1092.43	524.4
1092.81	527.6
1093.19	530.8
1093.57	519.2
1093.95	527.2
1094.35	542
1094.73	531.2
1095.11	514
1095.49	522.6
1095.87	528.2
1096.25	537.2
1096.63	536
1097.01	517.8
1097.39	528.2
1097.77	523.6
1098.15	524.2
1098.53	519.8
1098.91	530.6
1099.29	522.2
1099.68	547.4
1100.06	533.6
1100.44	537.8
1100.82	524.4
1101.18	530.2
1101.56	520.4
1101.95	515.6
1102.33	518.4
1102.71	523.6
1103.1	513.4
1103.48	506.8
1103.86	509.6
1104.22	532.4
1104.61	514.8
1104.99	521
1105.38	507
1105.76	526.2
1106.12	515.2
1106.51	551.8
1106.89	529.2
1107.26	528.4
1107.64	528.6
1108.03	521.4
1108.41	524.2
1108.78	527.8
1109.16	523.6
1109.55	531
1109.91	510.6
1110.3	513.8
1110.69	534.2
1111.05	526.2
1111.44	520.2
1111.8	523.8
1112.19	524.4
1112.58	518
1112.94	520.6
1113.33	523.2
1113.7	521.2
1114.09	525.2
1114.45	515.6
1114.84	520.2
1115.21	531.4
1115.6	522.8
1115.96	533.2
1116.35	531.6
1116.72	515.2
1117.11	528.6
1117.48	519.2
1117.85	518
1118.24	543.2
1118.6	523.8
1118.99	519.6
1119.36	516.8
1119.73	511.6
1120.12	529.8
1120.49	507.2
1120.86	526.8
1121.25	523.8
1121.62	515
1121.99	515.4
1122.38	533.8
1122.76	523.6
1123.13	521.2
1123.5	530.4
1123.89	537.4
1124.26	518
1124.63	521.6
1125	520
1125.4	511.8
1125.77	512.8
1126.14	516.6
1126.51	523.6
1126.88	519.2
1127.26	520.4
1127.63	520.6
1128.02	525.4
1128.4	523.6
1128.77	527.2
1129.14	516
1129.52	526.6
1129.89	534.2
1130.26	523.4
1130.64	521
1131.01	520.4
