#lambda/nm	C1
208.295	469.8
208.67	436.2
209.045	393.8
209.419	402.6
209.794	561.4
210.169	547.4
210.544	671.4
210.919	571.8
211.295	563
211.67	567.2
212.045	555.8
212.421	571.6
212.796	601.6
213.172	558.6
213.547	562.4
213.923	568.2
214.299	564.6
214.675	575.2
215.051	574.2
215.427	573.6
215.803	590.2
216.179	574
216.555	563.2
216.932	576.4
217.308	568.6
217.684	561.4
218.061	564.2
218.438	576.4
218.814	567
219.191	576.4
219.568	557.4
219.945	562.8
220.322	580.8
220.699	573.4
221.076	573.6
221.453	569.4
221.83	568.6
222.208	562.2
222.585	566.8
222.962	566.8
223.34	566.8
223.717	564.2
224.095	569.4
224.473	568.4
224.851	558.2
225.229	559.8
225.607	586.8
225.985	562
226.363	567.6
226.741	563.6
227.119	558.8
227.497	581
227.876	553.8
228.254	574
228.633	575.4
229.011	578.2
229.39	579.2
229.769	570.4
230.148	575.2
230.527	589.4
230.905	566.4
231.284	567.2
231.664	560.4
232.043	578
232.422	566.2
232.801	565
233.181	574.2
233.56	560.8
233.94	567.2
234.319	554
234.699	574
235.079	594.6
235.458	602.6
235.838	574.6
236.218	564
236.598	556.4
236.978	555
237.358	558.4
237.738	566.6
238.119	569.8
238.499	556.4
238.88	573.2
239.26	582.6
239.641	554
240.021	571.4
240.402	564.4
240.783	562
241.163	556.2
241.544	568.8
241.925	566
242.306	572.6
242.687	568.8
243.069	566.8
243.45	578.8
243.831	564.2
244.212	562
244.594	597.4
244.975	581.2
245.357	564
245.739	557.6
246.12	568.4
246.502	576.4
246.884	566.2
247.266	564.8
247.648	571.4
248.03	580.6
248.412	571
248.794	573.8
249.176	567.2
249.559	577.2
249.941	563
250.323	561.2
250.706	556.6
251.089	568.8
251.471	576.4
251.854	575
252.237	567.8
252.62	576.6
253.002	568.4
253.385	562.6
253.769	581
254.152	569.8
254.535	574
254.918	562.2
255.301	567.2
255.685	559
256.068	557.4
256.452	580.8
256.835	570.4
257.219	569.4
257.603	574
257.986	551.8
258.37	571
258.754	546
259.138	574.8
259.522	568.8
259.906	559.4
260.29	558.4
260.675	565
261.059	559.8
261.443	559.2
261.828	573
262.212	570.2
262.597	556.2
262.981	561.6
263.366	574.2
263.751	574.4
264.136	565.8
264.521	564.8
264.906	558.8
265.291	570.8
265.676	566.2
266.061	571
266.446	575.4
266.831	576.4
267.217	587.6
267.602	573
267.987	572.6
268.373	565.6
268.759	579
269.144	574.4
269.53	565.6
269.916	568.2
270.302	558
270.688	579.8
271.074	572
271.46	577
271.846	597.4
272.232	567.4
272.618	563.4
273.004	567.6
273.391	580.4
273.777	574.2
274.164	584.8
274.55	584.8
274.937	572
275.324	575.6
275.71	572.6
276.097	580
276.484	559
276.871	573.2
277.258	572.8
277.645	558.2
278.032	573
278.419	561.2
278.807	577
279.194	562
279.581	560.4
279.969	565.2
280.356	570.8
280.744	574.4
281.131	589.2
281.519	578.8
281.907	561.4
282.295	561
282.682	583.8
283.07	578.2
283.458	572.2
283.846	584.4
284.235	578
284.623	582.2
285.011	564.2
285.399	573.6
285.788	567.8
286.176	561.4
286.565	583.4
286.953	568.4
287.342	567.2
287.731	560.8
288.119	563.6
288.508	563.4
288.897	572.6
289.286	563.6
289.675	568
290.064	577.2
290.453	562.8
290.821	570
291.21	577.6
291.599	561
291.989	570
292.378	582.6
292.768	589.6
293.157	574.4
293.547	579.4
293.936	569.6
294.326	568
294.716	578
295.106	558.2
295.496	577.4
295.886	581.4
296.276	564.2
296.666	562.4
297.056	560
297.446	555
297.836	582.8
298.227	563.4
298.617	570.6
299.008	575.6
299.398	563.8
299.789	565.2
300.179	572
300.57	579.8
300.961	566.8
301.352	563.4
301.742	572.2
302.133	568.6
302.524	563.6
302.915	571.2
303.307	555.2
303.698	583.6
304.089	576.2
304.48	568
304.872	569.8
305.263	568.4
305.655	563.6
306.046	564.8
306.438	569.2
306.829	568
307.221	584.8
307.613	579
308.005	577.8
308.397	583.2
308.789	587
309.181	587
309.573	582
309.965	582.2
310.357	565.4
310.749	566
311.142	567.8
311.534	567.2
311.926	583
312.319	563.6
312.711	563.6
313.104	583.4
313.497	570
313.889	607.8
314.282	586.2
314.675	589.2
315.068	576.8
315.461	567.4
315.854	600
316.247	577
316.64	567.2
317.033	568.4
317.405	571.8
317.798	570
318.192	571.2
318.585	555.4
318.979	574
319.372	556.4
319.766	563.8
320.16	576
320.553	582.2
320.947	586.8
321.341	573.6
321.735	562.4
322.129	555.8
322.523	590.8
322.917	562.8
323.311	588
323.705	575.6
324.099	571
324.494	579
324.888	571.4
325.282	563.4
325.677	573
326.071	581.2
326.466	582.6
326.861	581
327.255	578.8
327.65	579.2
328.045	585
328.44	567.8
328.835	576.2
329.23	566.6
329.625	589.4
330.02	561.4
330.415	586
330.81	574.6
331.206	569.6
331.601	565
331.996	577
332.37	591.8
332.766	557.6
333.161	591
333.557	564
333.953	580.8
334.348	902.8
334.744	562.8
335.14	565.8
335.536	561.4
335.932	582.8
336.328	568.6
336.724	578.6
337.12	569.6
337.516	576.6
337.913	568.6
338.309	588.4
338.705	573
339.102	573
339.498	562.2
339.895	578.2
340.291	564.8
340.688	576.8
341.085	555
341.481	568.2
341.878	560.8
342.275	584.4
342.672	566.8
343.069	561.4
343.466	558.2
343.842	572
344.239	559.6
344.636	560.6
345.033	556.6
345.431	560.8
345.828	566.8
346.225	562.4
346.623	595.8
347.02	564
347.418	568.8
347.816	577.8
348.213	563
348.611	572.8
349.009	564.2
349.407	573.2
349.805	559.6
350.203	551.6
350.601	576.8
350.999	561.8
351.397	610.4
351.795	561.4
352.193	571.6
352.57	562.2
352.969	571.2
353.367	558
353.766	548.8
354.164	560.8
354.563	572
354.961	567.6
355.36	551.4
355.759	559.4
356.158	550.2
356.557	559.8
356.956	548.6
357.355	544.6
357.754	569.2
358.153	564.2
358.552	584.4
358.951	557.2
359.35	571.4
359.75	563.2
360.149	554
360.527	545.2
360.926	556.2
361.326	573.4
361.726	558.2
362.125	556.2
362.525	567.2
362.925	563.2
363.325	564.4
363.724	566.6
364.124	561.4
364.524	558.6
364.924	558.4
365.324	569
365.725	551.4
366.125	566.4
366.525	561.4
366.904	558.8
367.304	545.6
367.705	580.6
368.105	572.6
368.506	563.2
368.906	557.6
369.307	575.2
369.708	572.8
370.108	552.2
370.509	574
370.91	556.4
371.311	562
371.712	569.2
372.113	558.8
372.514	553.4
372.894	560.4
373.295	549.8
373.696	567.2
374.097	568.2
374.499	588.4
374.9	567.4
375.301	550.4
375.703	560
376.105	549.4
376.506	570.8
376.908	572
377.309	561.4
377.711	565.4
378.113	554.8
378.493	564.2
378.895	552.6
379.297	569.4
379.699	548.6
380.102	565.2
380.504	566.6
380.906	555
381.308	591
381.71	559.2
382.113	572.4
382.515	561.4
382.918	563.6
383.299	564
383.701	573.4
384.104	566.6
384.507	549.8
384.909	557
385.312	555
385.715	559.6
386.118	555.8
386.521	543.4
386.924	569.4
387.327	555.2
387.709	550.4
388.112	547.8
388.515	559.8
388.918	556
389.322	565.2
389.725	555.4
390.129	585.2
390.532	568.6
390.936	558.4
391.339	551.6
391.743	567
392.125	550.4
392.529	567.6
392.933	561.6
393.337	555.6
393.74	561.4
394.144	573.4
394.548	560.6
394.953	562.6
395.357	561.8
395.761	553
396.144	559
396.548	549
396.952	553
397.357	558.2
397.761	561
398.166	555.6
398.57	553.6
398.975	546.2
399.379	559.6
399.763	607.4
400.168	554
400.572	558.8
400.977	559.6
401.382	573.6
401.787	566.8
402.192	583.4
402.597	574.6
403.002	548.2
403.386	571.2
403.791	575.2
404.197	560.6
404.602	554.8
405.007	567.6
405.413	551.4
405.818	564.2
406.224	555.6
406.608	554.4
407.014	557
407.42	571.2
407.825	556.4
408.231	576
408.637	564.8
409.043	569.6
409.449	554.4
409.834	558
410.24	564.8
410.646	571.4
411.052	571
411.458	566.8
411.865	570.8
412.271	560.4
412.677	566.2
413.062	567.2
413.469	555
413.875	593.2
414.282	569.4
414.689	565.2
415.095	572
415.502	558.6
415.888	560.8
416.294	542.2
416.701	598.2
417.108	550.4
417.515	561.4
417.923	561.8
418.33	575
418.715	564.2
419.123	558.6
419.53	548.6
419.937	556.6
420.345	571.6
420.752	562.4
421.16	578.6
421.546	560.8
421.953	569.2
422.361	548.2
422.769	558.8
423.177	557.2
423.585	589.4
423.992	580
424.379	574.8
424.787	576.8
425.195	581
425.603	560
426.011	567.8
426.419	575.6
426.806	564.8
427.214	562.8
427.623	583.4
428.031	581.8
428.44	561.6
428.848	585.4
429.235	580.6
429.644	569.8
430.053	562.8
430.461	584.2
430.87	588.6
431.279	573.2
431.666	555.8
432.075	566.4
432.484	566.6
432.893	563.2
433.302	577.4
433.711	596
434.099	570.8
434.508	563.6
434.918	552.2
435.327	560.8
435.737	564
436.125	566.2
436.534	566.6
436.944	562.4
437.353	562.4
437.763	583.4
438.173	557.6
438.561	573.6
438.971	546.4
439.381	557.2
439.791	563.6
440.201	540
440.589	558.6
440.999	567.6
441.409	553.8
441.819	546.4
442.23	575.8
442.619	567.2
443.029	565.6
443.439	562.6
443.85	560
444.26	581.4
444.649	560.2
445.06	561.2
445.471	553.6
445.881	562.2
446.292	572.4
446.682	577.6
447.092	554.6
447.503	602.6
447.914	566.2
448.325	556.8
448.715	552
449.126	550.8
449.537	559.8
449.948	556.6
450.338	557
450.75	552.2
451.161	549.8
451.572	555.2
451.984	551.8
452.374	536.6
452.786	548.4
453.197	551.6
453.609	561
453.999	548.6
454.411	544.2
454.823	553.6
455.235	558.6
455.647	552.4
456.037	560.8
456.449	544
456.862	553.4
457.274	553.4
457.665	546.4
458.077	553.2
458.489	583.4
458.902	555.2
459.293	560.2
459.705	564.2
460.118	547.4
460.53	559.8
460.921	565.2
461.334	557.2
461.747	554.4
462.16	569.8
462.551	568.8
462.964	562.8
463.377	541.6
463.79	555.6
464.182	567.2
464.595	552.2
465.008	555.4
465.421	564.2
465.813	553.6
466.226	558.6
466.64	550.4
467.053	591.4
467.445	559.2
467.859	570.6
468.272	565.4
468.686	570.8
469.078	555.2
469.492	544.4
469.906	559.6
470.298	561.4
470.712	552.4
471.126	578.6
471.54	547
471.933	541.8
472.347	548
472.761	543.2
473.175	550.4
473.568	554.8
473.982	544.2
474.397	552.8
474.79	550.8
475.204	565.8
475.619	554.2
476.033	555.6
476.426	555.6
476.841	550.4
477.256	577
477.649	547.2
478.064	540.6
478.479	543
478.872	545.6
479.287	543.2
479.702	551.8
480.118	549
480.511	554.6
480.927	559.8
481.342	543.8
481.736	553
482.151	552.4
482.566	562.2
482.96	548
483.376	570.4
483.792	552
484.186	555.8
484.602	550.6
485.017	544.8
485.412	544.4
485.827	557.4
486.243	551
486.638	572.6
487.054	557.6
487.47	571.8
487.865	554
488.281	556
488.697	544.8
489.092	543.2
489.508	550.2
489.925	560
490.32	545.6
490.736	556.2
491.153	555.2
491.548	553.2
491.964	562
492.381	541
492.776	551.6
493.193	546.8
493.61	558.4
494.006	549.6
494.422	558.6
494.84	546.6
495.235	558.2
495.652	549.6
496.069	544.6
496.465	543.8
496.883	546.8
497.3	571.6
497.696	537.4
498.113	558.6
498.509	547.6
498.927	538.2
499.344	545.4
499.741	540.8
500.158	556.4
500.576	564.6
500.973	544.8
501.39	541
501.787	547.8
502.205	549.2
502.623	545.6
503.02	541.4
503.438	544.2
503.856	546.6
504.253	558.4
504.671	550.6
505.068	543.6
505.486	550.2
505.905	568.6
506.302	551.6
506.72	556.2
507.118	543.4
507.536	546.4
507.955	548.4
508.352	549.4
508.771	549.8
509.169	554.2
509.587	545.2
510.006	543.6
510.404	540.6
510.823	539.8
511.221	545.6
511.64	542.4
512.038	567.6
512.457	545.8
512.877	548.6
513.275	545
513.694	543.2
514.092	551.2
514.512	547.6
514.91	555.6
515.33	551.4
515.749	548.8
516.148	552.8
516.568	546
516.966	545.8
517.386	547.8
517.785	549.4
518.205	543.2
518.603	544.6
519.024	542.8
519.444	549.6
519.843	560
520.263	562
520.662	546.8
521.082	544.8
521.481	549.6
521.902	547.8
522.301	544.6
522.722	556.4
523.121	537.2
523.542	550.2
523.963	555.4
524.362	549
524.783	547
525.183	542.2
525.604	552.8
526.003	549.2
526.425	550.8
526.824	549.2
527.246	557
527.646	561.2
528.067	551.6
528.467	544.6
528.888	547.8
529.289	542.2
529.71	549.6
530.11	540.6
530.532	543.4
530.932	536.4
531.354	548.6
531.755	574.8
532.176	553
532.577	538.8
532.999	539.6
533.4	540.8
533.822	551.4
534.223	556.2
534.645	541.2
535.046	543.8
535.468	558.8
535.869	559
536.292	546
536.693	577.6
537.115	555
537.516	550.2
537.939	544.8
538.34	564
538.742	564
539.165	550.4
539.566	549.6
539.989	539.6
540.391	541.8
540.814	549.6
541.216	548.4
541.639	538
542.041	554.8
542.464	548
542.866	537.2
543.268	541.4
543.691	542
544.093	558.2
544.517	558.8
544.919	536
545.343	563.2
545.745	532
546.147	541.8
546.571	533.6
546.974	531.2
547.398	540.6
547.8	555.2
548.224	534.4
548.627	539.8
549.03	542.8
549.454	541
549.857	537.4
550.281	537.2
550.684	535.2
551.087	560
551.512	549.2
551.915	548.4
552.34	553.6
552.743	540.2
553.146	542.6
553.571	540.4
553.975	560.2
554.399	535.4
554.803	593.2
555.207	540.6
555.632	533
556.036	549.6
556.461	542
556.865	549.8
557.268	537
557.694	550.4
558.098	559.2
558.502	553.8
558.927	539.2
559.332	543.6
559.736	548.6
560.162	549
560.566	550.8
560.992	543.6
561.396	549
561.801	548
562.227	544.2
562.631	539.2
563.036	551.8
563.462	549.8
563.867	546.4
564.272	536.4
564.698	552.2
565.103	532.8
565.508	562.4
565.935	543.8
566.34	540.6
566.745	555.4
567.172	539.8
567.577	565.8
567.982	555
568.409	546.6
568.815	534.8
569.22	550
569.626	556.2
570.053	539.4
570.459	554.2
570.865	546
571.292	552.4
571.698	542.8
572.104	537.8
572.531	542.4
572.937	563.2
573.343	549.2
573.75	545.8
574.177	551.6
574.583	550
574.99	548.8
575.396	551.8
575.824	540.8
576.231	553.4
576.637	545
577.065	577.6
577.472	540.6
577.879	548
578.286	571.6
578.714	539.2
579.121	541.8
579.528	544.6
579.935	549.6
580.364	545.6
580.771	529.6
581.178	542.4
581.585	548
582.014	545.4
582.421	540.2
582.829	533.4
583.236	555.6
583.644	543.4
584.073	546.6
584.481	554.8
584.889	538
585.296	551.6
585.726	542
586.134	541.4
586.542	536.6
586.95	566
587.358	529.6
587.787	546.8
588.196	550.2
588.604	543.6
589.012	539.6
589.421	537.4
589.851	538.4
590.259	545.4
590.668	538.4
591.076	577
591.485	538
591.894	543
592.324	556.8
592.733	544.8
593.142	528.8
593.551	540.6
593.96	570
594.369	537.2
594.8	535.4
595.209	548
595.618	533
596.028	535.6
596.437	533.2
596.847	540.6
597.256	551
597.687	546.8
598.097	544
598.507	528.8
598.917	544.4
599.327	542.6
599.736	544
600.146	554.2
600.556	546.4
600.988	559.8
601.398	540.8
601.808	552.4
602.219	526
602.629	543.8
603.039	541.2
603.45	571
603.86	543
604.271	562
604.703	548.2
605.114	535
605.525	540.6
605.935	548.8
606.346	558.2
606.757	546.4
607.168	545.6
607.579	536.4
607.99	544.6
608.402	536.6
608.813	546.2
609.224	535.8
609.636	531
610.047	545.4
610.48	539
610.892	540.4
611.303	548.2
611.715	541.8
612.127	535.2
612.539	547
612.95	551.2
613.362	533.6
613.774	534
614.186	533.6
614.599	528.6
615.011	556.6
615.423	548.4
615.835	536.4
616.248	528.2
616.66	548
617.073	533.4
617.485	542.8
617.898	547.8
618.311	543.2
618.723	541.6
619.136	573
619.549	555.6
619.962	566.6
620.375	540.2
620.788	549.8
621.201	535.6
621.614	549.6
622.028	542
622.441	548.6
622.854	551.8
623.268	541.2
623.681	559
624.095	541.8
624.509	558
624.922	549.8
625.336	538.6
625.728	539.6
626.142	556.6
626.556	573.6
626.97	549.4
627.384	550.6
627.799	545.8
628.213	553.8
628.627	537.8
629.041	541.4
629.456	542
629.87	538.6
630.285	547.4
630.699	549
631.093	538
631.507	541.2
631.922	542
632.337	550
632.752	528.4
633.167	546.2
633.582	540.2
633.997	537.4
634.412	528.8
634.806	548.4
635.221	533.8
635.637	554.2
636.052	533.8
636.468	543.2
636.883	565.2
637.299	537.6
637.715	534.2
638.109	543
638.525	538.6
638.941	549.4
639.357	542
639.773	550.2
640.189	535
640.584	545
641	551
641.416	525.2
641.832	540.6
642.249	533.4
642.665	536.6
643.06	541.8
643.477	543.2
643.894	522.4
644.31	533.8
644.727	536.2
645.123	539
645.54	532.6
645.957	544
646.374	543.4
646.77	537
647.187	571.4
647.604	541
648.021	530.2
648.439	534.4
648.835	539.4
649.252	547.6
649.67	542
650.088	536.8
650.484	547.6
650.902	546.2
651.32	538.4
651.738	536.6
652.134	538.2
652.552	549.2
652.971	549.6
653.389	546.4
653.786	553.6
654.204	556.8
654.622	542
655.019	548.2
655.438	540.2
655.857	543.8
656.275	543
656.673	542.6
657.091	550.8
657.51	531.8
657.908	560
658.327	556.6
658.746	533.8
659.144	544.2
659.563	549.8
659.982	542
660.38	539.2
660.8	539.2
661.219	550.2
661.617	550
662.037	551.6
662.457	554.8
662.855	531.4
663.275	570
663.695	537.8
664.094	545.6
664.514	535.8
664.934	530.4
665.333	543.8
665.753	540.6
666.152	533.2
666.572	540
666.993	552.2
667.392	534.6
667.812	543.6
668.212	539
668.632	554.4
669.053	536.8
669.453	546.6
669.874	546.4
670.273	541.8
670.694	533.6
671.116	554.2
671.515	547.6
671.937	542.4
672.337	537.8
672.758	540.6
673.158	543
673.58	529
673.98	539.8
674.402	544.4
674.824	543.2
675.224	540
675.646	529.4
676.047	532.8
676.469	538.2
676.869	546.6
677.292	550.8
677.693	537
678.115	533.8
678.516	546
678.939	548.8
679.34	544
679.762	551
680.164	536.8
680.586	535.8
680.988	540.6
681.411	568.2
681.812	538.2
682.236	528.6
682.637	534
683.061	528.2
683.462	538.6
683.864	539
684.288	545.2
684.69	529.6
685.114	542.8
685.516	553.8
685.94	531.2
686.342	548
686.766	535.2
687.168	537
687.571	557.6
687.995	539.2
688.398	537.4
688.822	537.8
689.225	549.8
689.628	552
690.052	542.2
690.456	541.4
690.88	540.6
691.284	531.2
691.687	544
692.112	527.6
692.515	535.2
692.919	538.4
693.344	542
693.747	527.6
694.173	530
694.577	547.8
694.98	535
695.406	539
695.81	543.2
696.214	532
696.64	546.6
697.044	538.6
697.448	547.8
697.874	540.8
698.279	535
698.684	530.6
699.11	528.2
699.514	530.2
699.919	535.2
700.324	532.8
700.75	539.4
701.156	543.6
701.561	544
701.987	547.8
702.393	546.2
702.798	544.4
703.203	534
703.63	539.4
704.036	539.8
704.442	537
704.847	536
705.274	532
705.68	540
706.086	537.2
706.492	543
706.92	536.6
707.326	548.8
707.732	535.4
708.139	531.4
708.545	527.2
708.973	523.6
709.38	542.4
709.786	524.6
710.193	552.4
710.6	545.4
711.028	530.8
711.435	531
711.842	539.6
712.249	542.4
712.656	537.6
713.064	548.6
713.492	534.2
713.9	532.8
714.307	537.8
714.715	541.2
715.123	540.8
715.53	536.4
715.938	544.8
716.367	540.2
716.775	539.4
717.184	540
717.592	533.2
718	545
718.408	559.8
718.816	576.2
719.225	545.6
719.633	541.4
720.042	532.8
720.472	542.6
720.881	560.8
721.29	543.8
721.699	533.8
722.108	553
722.517	540.2
722.926	535.4
723.335	538.8
723.744	532.8
724.154	530.2
724.563	535.8
724.973	531.6
725.382	538
725.792	531.2
726.202	531
726.612	547.8
727.022	534.2
727.432	530
779.813	533.8
780.223	575.2
780.634	540.2
781.044	532.2
781.454	538.8
781.865	548.6
782.276	520.6
782.686	538.6
783.097	526.6
783.508	529.4
783.919	536.4
784.33	552.4
784.741	555.6
785.152	539.6
785.563	528.6
785.974	537.4
786.386	543
786.776	533.6
787.188	534.8
787.599	531.4
788.011	537.8
788.423	538.6
788.835	534.4
789.247	522.4
789.659	527.2
790.071	530.6
790.483	577.8
790.874	534.4
791.286	542.4
791.699	530.6
792.111	531.4
792.524	532.2
792.937	523.8
793.349	525
793.741	519.8
794.154	531.8
794.567	545.4
794.98	531.6
795.393	516
795.785	554.6
796.198	527.8
796.612	536.4
797.026	525
797.439	521
797.831	531
798.245	530.8
798.659	531.2
799.073	534.8
799.487	523
799.88	541
800.294	532.4
800.708	536
801.123	538.6
801.516	547.2
801.93	526.6
802.345	526
802.76	532
803.153	548
803.568	543.2
803.983	544.2
804.377	543.6
804.792	517.8
805.207	520
805.601	540
806.016	554.4
806.432	533.2
806.826	564.8
807.242	549.6
807.658	549
808.052	534.2
808.468	529.4
808.884	534
809.279	533.4
809.695	549.6
810.111	550.4
810.506	536.4
810.922	554.8
811.339	535
811.734	545
812.151	528.6
812.546	527.4
812.963	533.8
813.38	537.6
813.776	529
814.193	550.6
814.589	524.8
815.006	534.2
815.402	528.6
815.82	533.4
816.237	532
816.633	536.2
817.051	528.4
817.448	541
817.866	522.6
818.262	558.6
818.68	535.4
819.077	528.8
819.495	534.4
819.892	567.2
820.311	528.8
820.708	535.2
821.127	533.6
821.524	551.6
821.943	538.2
822.34	549.2
822.759	537.8
823.157	534.6
823.576	547.2
823.974	537
824.393	569.8
824.791	529
825.189	535.2
825.609	540.4
826.007	530.8
826.427	525.8
826.826	533
827.246	534
827.644	523.2
828.043	543.8
828.463	535.2
828.862	539.8
829.261	542
829.682	524.2
830.081	543.2
830.502	537.6
830.901	536.8
831.301	553.2
831.722	523.2
832.121	541.4
832.521	522.4
832.943	537.4
833.342	533
833.742	530.6
834.164	532.8
834.564	521
834.965	529
835.386	539.8
835.787	537
836.188	523.4
836.588	532.6
837.01	526.8
837.411	520.4
837.812	538.2
838.213	536.6
838.636	527.4
839.037	591.8
839.438	537.8
839.84	528.8
840.263	531.2
840.664	530.2
841.066	524
841.468	536.8
841.891	520.8
842.293	546.8
842.695	535.6
843.098	539.8
843.5	535.8
843.902	532.8
844.326	538.4
844.729	530.6
845.131	543
845.534	533.2
845.937	549.2
846.34	544.6
846.764	526.4
847.167	537.8
847.571	524.6
847.974	534.2
848.377	532.8
848.781	571.8
849.184	543.6
849.588	534.4
849.992	526.8
850.396	535.6
850.821	552.2
851.225	538.6
851.63	534.6
852.034	542.6
852.438	529
852.843	562.8
853.247	521.6
853.652	527
854.057	547.4
854.462	538.2
854.867	534.8
855.272	567.4
855.677	543.4
856.082	529.4
856.487	518.4
856.893	541.4
857.298	532.2
857.704	522.2
858.11	541.4
858.516	530.2
858.922	533.6
859.328	534
859.734	530.2
860.14	547
860.525	534.2
860.931	524.6
861.338	529
861.745	540.8
862.151	536.8
862.558	543.2
862.965	528.4
863.372	522
863.779	529
864.186	549.2
864.572	532.6
864.98	541.6
865.387	571
865.795	526
866.203	537.2
866.61	524.6
867.018	542.6
867.405	534.8
867.813	532
868.221	529.8
868.63	527.8
869.038	548
869.425	569.4
869.834	533.8
870.243	524.4
870.652	523.6
871.039	535.4
871.448	531
871.857	536.8
872.266	536.4
872.654	525.6
873.064	524
873.473	539.2
873.883	521.2
874.271	527.6
874.681	541.4
875.091	523.2
875.48	535.6
875.89	553.4
876.3	533.8
876.689	518.6
877.1	537.2
877.51	538.4
877.9	551.6
878.31	526
878.721	561.4
879.111	653.8
879.522	526.4
879.933	526.4
880.323	527.2
880.734	521.6
881.125	537.4
881.536	528.6
881.948	530.8
882.338	530
882.75	538.6
883.141	528.6
883.553	538.2
883.944	562.8
884.356	535.8
884.769	538.2
885.16	532.4
885.573	536
885.964	521.4
886.377	533
886.768	526
887.181	528.2
887.573	528.4
887.987	541
888.378	542.6
888.792	532.6
889.184	570.2
889.598	524.2
889.99	527.4
890.383	531.8
890.797	515
891.19	536.4
891.604	526.8
891.997	524.8
892.411	528.6
892.805	521.2
893.198	527
893.613	517.8
894.006	528
894.421	528.4
894.815	530.4
895.209	520
895.624	569.8
896.018	542.2
896.412	517.6
896.828	534.8
897.222	530.4
897.617	526.2
898.033	548.4
898.427	529
898.822	531.6
899.239	522
899.634	524.8
900.029	538.2
900.424	526.6
900.841	515.6
901.236	546
901.632	530.8
902.027	584
902.445	532.8
902.841	524
903.237	527.8
903.633	543.2
904.05	539
904.447	535.8
904.843	534.8
905.24	531.6
905.636	521.2
906.033	534
906.451	541
906.848	524
907.246	534.2
907.643	535.8
908.04	535
908.438	553.8
908.835	539
909.254	531.4
909.652	537.4
910.05	538.6
910.448	523.4
910.846	536.4
911.244	523
911.643	527.6
912.041	526.2
912.44	541.4
912.839	530.4
913.237	525
913.636	520.2
914.035	534.6
914.434	526.4
914.834	542.8
915.233	531.6
915.633	536
916.032	526.2
916.432	518.8
916.832	539.6
917.232	536.8
917.632	524.8
918.032	532.6
918.432	531.6
918.833	527.6
919.233	522
919.634	525.4
920.035	535.8
920.436	522.8
920.837	533
921.238	524.8
921.639	528.8
922.019	528.6
922.42	525.4
922.822	532.8
923.224	529
923.625	526.8
924.027	531.4
924.429	540
924.81	536
925.212	535.8
925.615	526.6
926.017	527.6
926.42	533.2
926.801	540.2
927.204	531.8
927.607	532.6
928.01	539.2
928.413	526.2
928.795	521.4
929.199	530.8
929.602	522.6
930.006	521.6
930.388	518.4
930.792	538.8
931.196	529.8
931.579	561.4
931.983	518.4
932.388	573
932.771	527.8
933.176	519.2
933.58	530.6
933.964	531.8
934.369	514.6
934.774	529.4
935.158	527.6
935.563	530.8
935.947	532.8
936.353	536.4
936.759	530.2
937.143	525.6
937.549	528.6
937.934	537.4
938.34	546.6
938.746	526.4
939.131	523.8
939.538	523.6
939.923	538.6
940.33	522.2
940.716	534.4
941.123	529
941.508	541.8
941.916	542.2
942.302	537.4
942.709	516.8
943.096	517.6
943.503	531.2
943.89	524.2
944.298	519
944.685	551.6
945.072	526.4
945.48	533.6
945.867	520.8
946.276	524.8
946.663	551.8
947.051	549.4
947.46	544
947.848	532.2
948.257	520
948.645	535.4
949.033	519.2
949.443	520.4
949.831	570.6
950.22	525.4
950.63	536.6
951.018	556.2
951.407	525.4
951.796	526.8
952.207	535.4
952.596	531.8
952.985	527.6
953.375	562.6
953.786	527.8
954.176	519
954.566	539.4
954.956	520.8
955.367	520.4
955.758	552.6
956.148	514.8
956.539	538
956.929	520.6
957.341	523
957.732	521.8
958.123	529.2
958.515	517.2
958.906	537.2
959.297	523.6
959.689	527.6
960.102	517.8
960.494	526.6
960.886	526.6
961.278	521.2
961.67	550.2
962.062	564.2
962.455	532.4
962.847	520
963.24	515
963.633	535.8
964.026	514
964.419	527
964.812	541
965.206	517.6
965.599	534
965.993	528
966.386	521.6
966.78	538.4
967.174	540.6
967.569	531.6
967.963	518.4
968.357	518.8
968.752	531.4
969.146	521.6
969.541	516.8
969.936	528.8
970.331	524.2
970.705	523.8
971.1	531.4
971.496	531.4
971.892	523.2
972.287	517.8
972.683	525.8
973.079	530.4
973.454	549
973.85	533.8
974.247	534.8
974.643	549.8
975.04	524
975.415	526
975.812	527
976.209	529.4
976.607	516.8
976.982	543.2
977.38	546
977.778	521.6
978.175	518.8
978.552	522.6
978.95	527.4
979.348	527.8
979.725	561.8
980.123	518.2
980.522	526.8
980.899	516
981.298	517.4
981.697	525
982.075	518.2
982.474	520.6
982.852	523
983.251	527.4
983.651	520
984.029	529.6
984.429	528.4
984.808	524
985.208	529.6
985.609	522
985.987	512.4
986.388	521.2
986.768	528
987.168	517.2
987.548	526.6
987.949	524.8
988.329	528.4
988.731	519
989.111	526.4
989.491	524.6
989.893	531.8
990.273	524.8
990.676	523.4
991.057	523.2
991.459	521.6
991.84	521.6
992.221	520.4
992.624	545.6
993.006	529
993.388	523
993.791	528.2
994.173	539.6
994.576	559.2
994.959	516.2
995.341	521.6
995.724	526.4
996.128	528.6
996.511	532
996.894	516.2
997.298	523
997.681	536.2
998.065	528.6
998.448	514.6
998.854	535.2
999.237	521.6
999.621	543.6
1000.01	539.2
1000.39	523.6
1000.8	518.6
1001.18	527.2
1001.56	535.2
1001.95	525.6
1002.33	529.2
1002.72	534
1003.13	527.4
1003.51	526.8
1003.9	520
1004.28	533.8
1004.67	518.4
1005.06	538.8
1005.44	556.2
1005.83	515.8
1006.21	525
1006.6	517.8
1006.99	536
1007.37	530
1007.76	528.6
1060.12	528.2
1060.51	523.8
1060.89	535
1061.28	537.8
1061.67	538.6
1062.06	530.2
1062.45	533
1062.83	521.6
1063.22	537.6
1063.61	567.8
1064	534
1064.39	530.4
1064.78	530.2
1065.14	528.2
1065.53	532.2
1065.92	529.2
1066.31	521.4
1066.7	527.6
1067.09	541.6
1067.46	531.8
1067.85	523
1068.24	532.2
1068.63	526
1069.02	518.4
1069.39	531
1069.78	523.8
1070.17	516.6
1070.57	507.6
1070.93	526.8
1071.33	520.4
1071.72	527.8
1072.11	521.2
1072.48	512.2
1072.87	519
1073.26	517.4
1073.64	517.6
1074.03	513.8
1074.4	515
1074.79	518.6
1075.19	520.4
1075.56	517.8
1075.95	518.8
1076.34	513.2
1076.72	514.6
1077.11	522.2
1077.48	534.8
1077.88	528.8
1078.25	524.2
1078.64	525.2
1079.02	520.6
1079.41	523.8
1079.78	523.6
1080.18	511.8
1080.55	577.4
1080.95	513.8
1081.32	519.6
1081.72	522
1082.09	527
1082.49	515.2
1082.86	524.4
1083.24	507.8
1083.63	513.4
1084.01	534.8
1084.38	530.6
1084.78	523
1085.16	528.2
1085.55	534.2
1085.93	539.8
1086.31	519
1086.7	549.4
1087.08	525.2
1087.46	523.6
1087.83	512.8
1088.23	532.4
1088.61	525.8
1088.99	519.8
1089.36	511.8
1089.76	526
1090.14	526
1090.52	522.4
1090.9	515.2
1091.27	530.2
1091.67	549.2
1092.05	533
1092.43	526.8
1092.81	529.2
1093.19	533
1093.57	517.2
1093.95	521.4
1094.35	538.6
1094.73	529.2
1095.11	521.8
1095.49	516.2
1095.87	514.8
1096.25	537.4
1096.63	535
1097.01	522.6
1097.39	530
1097.77	532
1098.15	519.2
1098.53	516.6
1098.91	524.8
1099.29	526.2
1099.68	546.6
1100.06	533.4
1100.44	523.2
1100.82	523.4
1101.18	530.4
1101.56	524.8
1101.95	520.8
1102.33	524
1102.71	526.2
1103.1	522.6
1103.48	513
1103.86	519.8
1104.22	533.4
1104.61	525.8
1104.99	522.6
1105.38	518.6
1105.76	526.8
1106.12	525.8
1106.51	549.8
1106.89	527.6
1107.26	527.6
1107.64	526.2
1108.03	516.2
1108.41	524.2
1108.78	522.4
1109.16	525.8
1109.55	525.2
1109.91	510.4
1110.3	514.8
1110.69	537.8
1111.05	511.6
1111.44	525.2
1111.8	522.6
1112.19	527
1112.58	533.2
1112.94	515.4
1113.33	520.8
1113.7	517.2
1114.09	520.2
1114.45	521.8
1114.84	524.2
1115.21	530.2
1115.6	517.2
1115.96	520.4
1116.35	530
1116.72	515.6
1117.11	529.4
1117.48	512.2
1117.85	520.2
1118.24	533
1118.6	524.6
1118.99	519.6
1119.36	525.8
1119.73	525.2
1120.12	526.8
1120.49	517.2
1120.86	526.2
1121.25	523.6
1121.62	521.2
1121.99	515
1122.38	535.2
1122.76	518.6
1123.13	517.6
1123.5	518.8
1123.89	530
1124.26	513.4
1124.63	519.8
1125	523.8
1125.4	503.8
1125.77	515.6
1126.14	507.8
1126.51	514.2
1126.88	524.8
1127.26	524.4
1127.63	510.2
1128.02	520.2
1128.4	514.6
1128.77	521.6
1129.14	523.6
1129.52	517.2
1129.89	524.2
1130.26	508.4
1130.64	517.8
1131.01	519.2
