#lambda/nm	C1
208.295	473.6
208.67	435.4
209.045	397.8
209.419	402.8
209.794	559.2
210.169	557.8
210.544	670.2
210.919	573
211.295	564.6
211.67	573
212.045	561.8
212.421	574
212.796	606.6
213.172	565.4
213.547	563.6
213.923	574.2
214.299	559.4
214.675	579.8
215.051	583.2
215.427	576.6
215.803	595.4
216.179	579
216.555	564.2
216.932	582.6
217.308	571.8
217.684	579
218.061	577.2
218.438	580.4
218.814	565.8
219.191	576
219.568	561.4
219.945	565
220.322	572.8
220.699	575.6
221.076	587
221.453	576
221.83	572
222.208	564
222.585	570.2
222.962	566.8
223.34	577.2
223.717	568.8
224.095	566.2
224.473	582.6
224.851	564.8
225.229	565.4
225.607	586.4
225.985	562.2
226.363	573.4
226.741	565
227.119	576.2
227.497	584.2
227.876	563.2
228.254	577
228.633	581.8
229.011	570.6
229.39	577.4
229.769	573
230.148	580.6
230.527	591.6
230.905	570.8
231.284	573.4
231.664	577.6
232.043	585.2
232.422	574.6
232.801	567.4
233.181	574.8
233.56	572
233.94	580.2
234.319	559.8
234.699	571
235.079	601.6
235.458	607.6
235.838	587.4
236.218	569.8
236.598	561
236.978	565.2
237.358	566.4
237.738	563
238.119	571.4
238.499	556.2
238.88	575.2
239.26	583.2
239.641	556.6
240.021	566.6
240.402	573
240.783	570.4
241.163	574.4
241.544	570.8
241.925	579.6
242.306	582.4
242.687	574.8
243.069	569.4
243.45	579.2
243.831	565.6
244.212	566.8
244.594	598.2
244.975	573.2
245.357	572.6
245.739	564
246.12	569.8
246.502	578.8
246.884	567.8
247.266	570
247.648	577.2
248.03	589.2
248.412	572.6
248.794	589.4
249.176	575.8
249.559	576.8
249.941	568.6
250.323	557.6
250.706	561.2
251.089	569.8
251.471	567.6
251.854	574.6
252.237	569
252.62	584
253.002	574.4
253.385	561.2
253.769	586.6
254.152	567.2
254.535	578.8
254.918	563.8
255.301	574.2
255.685	565.2
256.068	558.2
256.452	593.8
256.835	576.2
257.219	586
257.603	582.2
257.986	568.4
258.37	572.2
258.754	562
259.138	578.6
259.522	582
259.906	567.6
260.29	570.6
260.675	561.4
261.059	575.2
261.443	556.6
261.828	567.2
262.212	571.4
262.597	554.4
262.981	564
263.366	575.2
263.751	571.4
264.136	566
264.521	562.4
264.906	556.8
265.291	594.4
265.676	565.4
266.061	572.8
266.446	582.8
266.831	571.4
267.217	588
267.602	575.8
267.987	577
268.373	568
268.759	580
269.144	585.6
269.53	568.4
269.916	561
270.302	569.6
270.688	572.8
271.074	574.2
271.46	587.8
271.846	598
272.232	576.8
272.618	569.2
273.004	574
273.391	581.8
273.777	580.2
274.164	581.2
274.55	590.2
274.937	569.2
275.324	572.8
275.71	577.8
276.097	576.2
276.484	568
276.871	570.6
277.258	577.8
277.645	565.8
278.032	565.2
278.419	564.6
278.807	579.8
279.194	564.2
279.581	566.4
279.969	573.6
280.356	576
280.744	568.2
281.131	589.4
281.519	577.8
281.907	569.8
282.295	567.2
282.682	586.6
283.07	578.4
283.458	589.6
283.846	584.4
284.235	574.8
284.623	579.4
285.011	563
285.399	572.6
285.788	564
286.176	567.6
286.565	581.6
286.953	568
287.342	560.6
287.731	561.6
288.119	561
288.508	562.8
288.897	566
289.286	556.6
289.675	575.2
290.064	580.8
290.453	568.6
290.821	565.8
291.21	587.8
291.599	567.8
291.989	572.6
292.378	577
292.768	591.6
293.157	570.8
293.547	583.6
293.936	567
294.326	569
294.716	574.8
295.106	564
295.496	574.4
295.886	586
296.276	568.2
296.666	568
297.056	569.2
297.446	562.4
297.836	579.8
298.227	564.8
298.617	571
299.008	575
299.398	559.4
299.789	563.8
300.179	577
300.57	582.4
300.961	571.6
301.352	565
301.742	583
302.133	572.8
302.524	570.6
302.915	582.8
303.307	565.6
303.698	580.4
304.089	575.8
304.48	568.6
304.872	585
305.263	569.2
305.655	564
306.046	582
306.438	570.2
306.829	562.6
307.221	590
307.613	581.6
308.005	583.4
308.397	588.4
308.789	590.4
309.181	602.8
309.573	583.8
309.965	579
310.357	571.8
310.749	571.8
311.142	557.4
311.534	564.4
311.926	580.8
312.319	577.8
312.711	567
313.104	583.2
313.497	570.8
313.889	610.6
314.282	588.6
314.675	593.4
315.068	572.4
315.461	575.4
315.854	598.8
316.247	580.6
316.64	569.6
317.033	581.6
317.405	586.4
317.798	577
318.192	575.6
318.585	568.6
318.979	575.8
319.372	570.4
319.766	579.4
320.16	581
320.553	584.4
320.947	595.6
321.341	575.2
321.735	570.6
322.129	559.2
322.523	598
322.917	565
323.311	583
323.705	582.4
324.099	587.6
324.494	586.2
324.888	581.8
325.282	571.2
325.677	581.4
326.071	584.8
326.466	582.8
326.861	583
327.255	581.4
327.65	582.4
328.045	578.6
328.44	575
328.835	572
329.23	567.8
329.625	590.6
330.02	565.8
330.415	599.4
330.81	582
331.206	570.6
331.601	570.4
331.996	580.6
332.37	597.6
332.766	568
333.161	598.2
333.557	570.8
333.953	572.6
334.348	904
334.744	586
335.14	568.2
335.536	565.8
335.932	577.6
336.328	571.2
336.724	587.8
337.12	583.4
337.516	579.2
337.913	578
338.309	588.4
338.705	563.4
339.102	581.6
339.498	573.8
339.895	581.2
340.291	565.6
340.688	575
341.085	561.8
341.481	572.2
341.878	565.4
342.275	592.8
342.672	568.4
343.069	568.6
343.466	568.6
343.842	579.2
344.239	557
344.636	567.6
345.033	560.2
345.431	563.8
345.828	572
346.225	567
346.623	598.2
347.02	564.6
347.418	576.8
347.816	589.4
348.213	561.8
348.611	564.8
349.009	568.6
349.407	581.4
349.805	560.8
350.203	563.2
350.601	588.8
350.999	566.4
351.397	620
351.795	575.4
352.193	580.8
352.57	572.6
352.969	579.4
353.367	558.6
353.766	556.2
354.164	575.6
354.563	578.2
354.961	570.8
355.36	568.6
355.759	570.6
356.158	564.8
356.557	562.8
356.956	560.6
357.355	550.6
357.754	565.4
358.153	571.4
358.552	584.8
358.951	559
359.35	577.2
359.75	562.8
360.149	559.4
360.527	552.4
360.926	555.6
361.326	557.2
361.726	564.4
362.125	561.4
362.525	574.2
362.925	558.2
363.325	563.8
363.724	568.2
364.124	564
364.524	565.4
364.924	561.6
365.324	570.4
365.725	554
366.125	574.8
366.525	567
366.904	558.8
367.304	553
367.705	586.2
368.105	572.8
368.506	565.2
368.906	571
369.307	574.2
369.708	569.2
370.108	557.4
370.509	579.2
370.91	557.4
371.311	562.2
371.712	562.4
372.113	565.4
372.514	560.8
372.894	567.8
373.295	565
373.696	571.6
374.097	570.4
374.499	595.6
374.9	559.2
375.301	561.2
375.703	561.6
376.105	559.6
376.506	561.4
376.908	575.2
377.309	559
377.711	566.2
378.113	556
378.493	564.2
378.895	558.4
379.297	568.6
379.699	554.4
380.102	573.4
380.504	558.6
380.906	559.6
381.308	584.6
381.71	553.6
382.113	566.8
382.515	559.6
382.918	562.8
383.299	557.4
383.701	570.8
384.104	562.2
384.507	547
384.909	564.4
385.312	547.2
385.715	545.8
386.118	567.6
386.521	552.8
386.924	569.6
387.327	563.2
387.709	552
388.112	551.8
388.515	558.6
388.918	555.8
389.322	563.8
389.725	566.4
390.129	582.8
390.532	566.8
390.936	560.4
391.339	559.4
391.743	568.8
392.125	561.6
392.529	572.8
392.933	584.2
393.337	561.6
393.74	567
394.144	567
394.548	560.2
394.953	554
395.357	563.8
395.761	562.4
396.144	567.2
396.548	560
396.952	562.6
397.357	563.8
397.761	557.6
398.166	563
398.57	566
398.975	556
399.379	567.6
399.763	606.8
400.168	559.8
400.572	569.6
400.977	566
401.382	585.4
401.787	574
402.192	587.2
402.597	579.4
403.002	551.8
403.386	577.8
403.791	569.8
404.197	565.2
404.602	569.4
405.007	561.2
405.413	559.6
405.818	569.6
406.224	556
406.608	559.2
407.014	561.2
407.42	575
407.825	565.2
408.231	567.8
408.637	566
409.043	582
409.449	562.8
409.834	564
410.24	564.8
410.646	578.4
411.052	563.4
411.458	571.2
411.865	567.2
412.271	564
412.677	568.8
413.062	568.2
413.469	558.8
413.875	579.8
414.282	582.4
414.689	567.6
415.095	568.8
415.502	557.8
415.888	562
416.294	550.8
416.701	603.8
417.108	562
417.515	575.4
417.923	560.8
418.33	584.4
418.715	573.8
419.123	556.6
419.53	560.4
419.937	561.6
420.345	582.8
420.752	556.6
421.16	584.6
421.546	563.2
421.953	568.8
422.361	556.2
422.769	567.6
423.177	561.6
423.585	595.2
423.992	592.6
424.379	576.2
424.787	574
425.195	584.4
425.603	571
426.011	577.4
426.419	575
426.806	567.8
427.214	566.6
427.623	576.8
428.031	582
428.44	567.2
428.848	583.8
429.235	580.8
429.644	568
430.053	571
430.461	585.6
430.87	587
431.279	576.8
431.666	556
432.075	570
432.484	582
432.893	565
433.302	590.6
433.711	603.6
434.099	572.8
434.508	564.6
434.918	551.6
435.327	571
435.737	572
436.125	568.6
436.534	577.4
436.944	568.2
437.353	571.4
437.763	589.4
438.173	563.2
438.561	575
438.971	554
439.381	562.6
439.791	561.2
440.201	548.2
440.589	558.2
440.999	564
441.409	572.8
441.819	559.6
442.23	578.8
442.619	574
443.029	564.2
443.439	558.8
443.85	580
444.26	574.6
444.649	563.8
445.06	563.8
445.471	552.6
445.881	562
446.292	575.8
446.682	583.8
447.092	547.6
447.503	601
447.914	565.2
448.325	559
448.715	562.4
449.126	561
449.537	558
449.948	563
450.338	563.2
450.75	576.8
451.161	563.6
451.572	568
451.984	553.4
452.374	546.2
452.786	558
453.197	572
453.609	571
453.999	552
454.411	553.6
454.823	568.2
455.235	558.8
455.647	556.4
456.037	559
456.449	540.4
456.862	554.2
457.274	559
457.665	550.4
458.077	561
458.489	593.6
458.902	557.8
459.293	562.8
459.705	560.8
460.118	553
460.53	566
460.921	566.8
461.334	570
461.747	558.6
462.16	585.8
462.551	572
462.964	576.8
463.377	549.2
463.79	554.4
464.182	566
464.595	563.8
465.008	564.8
465.421	567.4
465.813	562.2
466.226	565.8
466.64	552.8
467.053	604.4
467.445	572.2
467.859	575
468.272	566.6
468.686	569.6
469.078	555.4
469.492	556
469.906	563.8
470.298	564.8
470.712	557.8
471.126	582.6
471.54	555
471.933	541.4
472.347	561.2
472.761	553.8
473.175	548.4
473.568	556.4
473.982	542.6
474.397	560.2
474.79	553.2
475.204	566.8
475.619	559.8
476.033	561.8
476.426	562.8
476.841	552
477.256	573.4
477.649	540.8
478.064	546
478.479	552.2
478.872	550.4
479.287	547.6
479.702	547.6
480.118	552.4
480.511	545.2
480.927	553.6
481.342	550.4
481.736	559.6
482.151	553
482.566	573
482.96	554
483.376	559.6
483.792	549.2
484.186	557.4
484.602	550.2
485.017	559.8
485.412	555.2
485.827	557.8
486.243	559.4
486.638	576.4
487.054	567.2
487.47	575.4
487.865	548.8
488.281	566.8
488.697	551.6
489.092	554.2
489.508	542.8
489.925	568.4
490.32	551.2
490.736	562.4
491.153	553.6
491.548	566
491.964	563.8
492.381	540.2
492.776	558
493.193	566.2
493.61	558.4
494.006	566.8
494.422	566
494.84	545.6
495.235	565.8
495.652	559.6
496.069	561.6
496.465	545.6
496.883	556.2
497.3	573.6
497.696	554.6
498.113	557.2
498.509	551.6
498.927	548.8
499.344	540
499.741	547.4
500.158	561
500.576	564.6
500.973	558.2
501.39	546
501.787	550
502.205	561.2
502.623	551.4
503.02	548.8
503.438	537.2
503.856	558.2
504.253	551.6
504.671	559.2
505.068	543
505.486	549.4
505.905	570.8
506.302	552.6
506.72	554.4
507.118	541
507.536	553.4
507.955	546.8
508.352	558.6
508.771	567.8
509.169	562
509.587	546.4
510.006	552.8
510.404	547.2
510.823	552.8
511.221	548.8
511.64	547
512.038	566.6
512.457	561
512.877	559.4
513.275	541.8
513.694	546
514.092	558.6
514.512	553
514.91	558.2
515.33	544.6
515.749	556
516.148	567.8
516.568	553.4
516.966	555
517.386	551.2
517.785	552
518.205	539.8
518.603	553
519.024	543.6
519.444	551.8
519.843	558.4
520.263	569.4
520.662	559.6
521.082	548.6
521.481	560.8
521.902	551.6
522.301	554.8
522.722	551.8
523.121	553.6
523.542	552
523.963	544.8
524.362	554.4
524.783	552.4
525.183	557
525.604	558.6
526.003	550.8
526.425	546.4
526.824	564
527.246	553.8
527.646	554.2
528.067	558.6
528.467	557.8
528.888	557.6
529.289	550.8
529.71	560.6
530.11	556.4
530.532	550.6
530.932	539
531.354	547.8
531.755	584.4
532.176	561
532.577	553.4
532.999	558.4
533.4	548.6
533.822	561.4
534.223	562.2
534.645	553
535.046	554.2
535.468	561.4
535.869	573
536.292	552.6
536.693	581.2
537.115	560.6
537.516	557
537.939	553.6
538.34	569.2
538.742	565.2
539.165	557.2
539.566	548.8
539.989	555.8
540.391	559
540.814	558
541.216	552.6
541.639	556.6
542.041	556.2
542.464	545.8
542.866	545.8
543.268	539.6
543.691	559.8
544.093	551.6
544.517	573.8
544.919	551.4
545.343	576.4
545.745	547.2
546.147	553.8
546.571	543.6
546.974	543.6
547.398	553
547.8	558
548.224	543.6
548.627	548
549.03	551.2
549.454	540.2
549.857	536
550.281	547.4
550.684	555.4
551.087	556.4
551.512	550.2
551.915	547.2
552.34	545.2
552.743	543
553.146	554.2
553.571	553.6
553.975	565.2
554.399	541.8
554.803	596.2
555.207	553
555.632	538.6
556.036	557
556.461	542.4
556.865	555.2
557.268	548
557.694	547.2
558.098	559.4
558.502	560
558.927	544
559.332	549.8
559.736	548.6
560.162	554.8
560.566	549.2
560.992	558.4
561.396	555.4
561.801	549.8
562.227	549.4
562.631	548.8
563.036	549.8
563.462	560.8
563.867	552.2
564.272	545.4
564.698	554.2
565.103	544.2
565.508	561.6
565.935	555
566.34	558.4
566.745	562
567.172	547.4
567.577	565
567.982	559.4
568.409	551.8
568.815	545
569.22	552.6
569.626	561.4
570.053	546.4
570.459	549.4
570.865	561.8
571.292	554.6
571.698	555.4
572.104	546.6
572.531	551
572.937	555.6
573.343	551
573.75	551.2
574.177	549.8
574.583	552.4
574.99	547
575.396	552.2
575.824	543.8
576.231	559
576.637	545
577.065	573.6
577.472	540
577.879	543.8
578.286	563.6
578.714	541.6
579.121	544.4
579.528	544.6
579.935	552.8
580.364	537.4
580.771	534.6
581.178	546.6
581.585	552.8
582.014	558.4
582.421	549.6
582.829	541.6
583.236	556.8
583.644	541.8
584.073	553
584.481	551
584.889	548.4
585.296	557.6
585.726	552.6
586.134	546.2
586.542	546.2
586.95	563.6
587.358	536.6
587.787	554
588.196	558.4
588.604	550.8
589.012	554.2
589.421	548.2
589.851	551.2
590.259	557.4
590.668	544.6
591.076	585.4
591.485	542.8
591.894	544.8
592.324	557.4
592.733	561.2
593.142	530.6
593.551	546
593.96	576.4
594.369	538.2
594.8	539
595.209	546.4
595.618	538.8
596.028	544.8
596.437	543.6
596.847	547.8
597.256	551
597.687	555
598.097	550.2
598.507	536.4
598.917	554.8
599.327	547.6
599.736	555
600.146	563.2
600.556	550.8
600.988	558
601.398	548.2
601.808	555
602.219	533.4
602.629	547
603.039	556.2
603.45	571.2
603.86	544.4
604.271	556.8
604.703	548.8
605.114	542
605.525	549.2
605.935	548.6
606.346	566.6
606.757	554.6
607.168	557.8
607.579	535.6
607.99	555.2
608.402	549.6
608.813	556
609.224	542
609.636	536
610.047	543
610.48	547.8
610.892	558.2
611.303	554
611.715	541
612.127	536.4
612.539	546.6
612.95	552
613.362	536.4
613.774	537.2
614.186	543
614.599	545
615.011	554
615.423	549.8
615.835	540.4
616.248	540.4
616.66	547.8
617.073	539.2
617.485	546.4
617.898	560.6
618.311	549.8
618.723	549.2
619.136	587
619.549	558.6
619.962	578.4
620.375	542.6
620.788	554
621.201	539.8
621.614	554.6
622.028	545.6
622.441	554.6
622.854	559.8
623.268	540.6
623.681	549
624.095	547
624.509	552.8
624.922	555.2
625.336	532
625.728	549.2
626.142	556.2
626.556	566.4
626.97	549.4
627.384	540.2
627.799	549.2
628.213	560
628.627	546.6
629.041	548.4
629.456	539.4
629.87	549.4
630.285	554.6
630.699	562.4
631.093	545.2
631.507	546.4
631.922	554
632.337	555.8
632.752	539.4
633.167	541.6
633.582	548.4
633.997	539.4
634.412	535.6
634.806	554
635.221	541.4
635.637	550
636.052	535.8
636.468	549.8
636.883	560.6
637.299	536.2
637.715	527.6
638.109	546.6
638.525	540
638.941	558.6
639.357	542
639.773	554.8
640.189	538
640.584	550.4
641	538.4
641.416	530.4
641.832	539.8
642.249	545.2
642.665	545.6
643.06	555.4
643.477	553.4
643.894	530.4
644.31	554
644.727	549.6
645.123	544.6
645.54	529.2
645.957	541.6
646.374	552.2
646.77	549.6
647.187	569.4
647.604	547
648.021	536.4
648.439	533.2
648.835	546.8
649.252	546.4
649.67	535.2
650.088	542.6
650.484	543.6
650.902	545.2
651.32	546.6
651.738	541.2
652.134	546.6
652.552	556.8
652.971	550.4
653.389	538.6
653.786	549.6
654.204	572.4
654.622	539.8
655.019	543.6
655.438	547.4
655.857	538.6
656.275	551.4
656.673	539.8
657.091	543.2
657.51	532.6
657.908	554.4
658.327	558.4
658.746	546.2
659.144	539.6
659.563	556.2
659.982	547.4
660.38	533.4
660.8	550.8
661.219	545.6
661.617	548.4
662.037	542.2
662.457	553.4
662.855	532
663.275	572
663.695	545
664.094	548.2
664.514	548.2
664.934	539
665.333	558.8
665.753	537.8
666.152	539.8
666.572	541
666.993	560
667.392	539.8
667.812	543.2
668.212	543.6
668.632	553.6
669.053	530
669.453	548.8
669.874	555.6
670.273	551.6
670.694	541.2
671.116	558.6
671.515	546
671.937	534.6
672.337	530.2
672.758	534.8
673.158	543.2
673.58	532.8
673.98	537.6
674.402	549
674.824	534.6
675.224	537
675.646	526.2
676.047	538.2
676.469	536.8
676.869	542
677.292	538.2
677.693	538.2
678.115	543.4
678.516	543.6
678.939	540.4
679.34	535.2
679.762	554.2
680.164	543
680.586	538.2
680.988	547.6
681.411	567.6
681.812	543.6
682.236	530.8
682.637	538
683.061	533.4
683.462	551.4
683.864	540
684.288	555.8
684.69	532.8
685.114	549.4
685.516	549.8
685.94	540.6
686.342	551.8
686.766	543.2
687.168	530.8
687.571	563
687.995	546.8
688.398	536.8
688.822	540
689.225	549.2
689.628	559.6
690.052	539.2
690.456	552.4
690.88	542
691.284	543.8
691.687	551.6
692.112	533.6
692.515	533.4
692.919	552.2
693.344	546.2
693.747	540.8
694.173	536.4
694.577	552.2
694.98	542.8
695.406	538.4
695.81	542.2
696.214	546.6
696.64	551.6
697.044	547.2
697.448	551
697.874	543.2
698.279	539.8
698.684	534
699.11	526.6
699.514	531.4
699.919	537.8
700.324	532.6
700.75	539.8
701.156	546
701.561	553.6
701.987	549.6
702.393	550
702.798	551.4
703.203	539.6
703.63	545.8
704.036	541.6
704.442	552.4
704.847	539.2
705.274	547.2
705.68	542.2
706.086	546.8
706.492	534.2
706.92	541.6
707.326	548.6
707.732	543.2
708.139	535.4
708.545	534.6
708.973	541
709.38	537.8
709.786	536.4
710.193	555.2
710.6	547.8
711.028	535
711.435	540.6
711.842	548
712.249	531
712.656	542
713.064	547.8
713.492	541.2
713.9	538
714.307	545.8
714.715	545.2
715.123	539.8
715.53	536.2
715.938	555.4
716.367	540.2
716.775	545.8
717.184	540
717.592	542.6
718	555.6
718.408	576.4
718.816	582.4
719.225	551.4
719.633	545.4
720.042	536.8
720.472	539.6
720.881	560
721.29	546
721.699	529.6
722.108	546.6
722.517	538.4
722.926	537.2
723.335	545.8
723.744	537.2
724.154	549
724.563	541.2
724.973	543.6
725.382	545.4
725.792	541.6
726.202	532.4
726.612	559.2
727.022	535.8
727.432	535.8
779.813	536
780.223	581.4
780.634	538.6
781.044	536.4
781.454	545.6
781.865	549.4
782.276	533
782.686	562
783.097	544.8
783.508	539.2
783.919	541
784.33	550.8
784.741	548
785.152	533.8
785.563	528
785.974	527.4
786.386	544.8
786.776	536
787.188	539.4
787.599	533.8
788.011	544.8
788.423	532.6
788.835	536
789.247	534.2
789.659	533
790.071	529.8
790.483	582.6
790.874	534.6
791.286	544.6
791.699	543.2
792.111	537.6
792.524	546.4
792.937	538.6
793.349	535.4
793.741	528
794.154	533
794.567	556.6
794.98	531.4
795.393	525.4
795.785	559
796.198	532.2
796.612	533.4
797.026	531.4
797.439	522.8
797.831	530.4
798.245	518.4
798.659	537
799.073	540.6
799.487	529.2
799.88	536.8
800.294	533.4
800.708	545.6
801.123	544.4
801.516	554.2
801.93	523
802.345	525.4
802.76	540
803.153	554.6
803.568	553
803.983	553
804.377	535.6
804.792	532.8
805.207	530
805.601	539.4
806.016	572.2
806.432	532.6
806.826	559.2
807.242	553.4
807.658	546.2
808.052	523.2
808.468	536.8
808.884	530.2
809.279	542.6
809.695	549.6
810.111	559.8
810.506	537.2
810.922	556.4
811.339	535.6
811.734	545.8
812.151	540.6
812.546	533.4
812.963	536.2
813.38	541
813.776	538.2
814.193	560.8
814.589	538
815.006	537.6
815.402	532.6
815.82	530
816.237	542.4
816.633	539.8
817.051	527.2
817.448	537
817.866	528
818.262	562
818.68	530.2
819.077	526.8
819.495	534.8
819.892	566
820.311	528
820.708	544.8
821.127	535.4
821.524	548.8
821.943	534.6
822.34	550.6
822.759	546.6
823.157	538.6
823.576	549.6
823.974	548.2
824.393	579
824.791	535.4
825.189	528.4
825.609	538
826.007	539.6
826.427	530.2
826.826	534
827.246	550
827.644	522
828.043	547.2
828.463	537.4
828.862	541
829.261	543.4
829.682	522.8
830.081	543.8
830.502	544.2
830.901	547
831.301	555.8
831.722	534.2
832.121	539
832.521	529.2
832.943	531.8
833.342	539.6
833.742	526.6
834.164	531.8
834.564	530.6
834.965	538
835.386	525.6
835.787	533.6
836.188	538.2
836.588	542.2
837.01	534
837.411	525.4
837.812	542.2
838.213	541.4
838.636	535.2
839.037	608.8
839.438	536.2
839.84	535.2
840.263	539
840.664	542.4
841.066	538.2
841.468	534.6
841.891	535.6
842.293	549.4
842.695	538
843.098	544
843.5	527
843.902	539.2
844.326	539.4
844.729	540.4
845.131	539.4
845.534	536.2
845.937	544
846.34	550.6
846.764	539.6
847.167	537.2
847.571	531.6
847.974	533.4
848.377	531.2
848.781	576.2
849.184	557.4
849.588	526.8
849.992	540.4
850.396	540.2
850.821	551.4
851.225	541.2
851.63	536.2
852.034	545
852.438	534.4
852.843	562
853.247	531.2
853.652	537.2
854.057	546.2
854.462	540.8
854.867	544.6
855.272	566
855.677	532
856.082	534.4
856.487	533.2
856.893	540.8
857.298	542.6
857.704	536.4
858.11	537
858.516	543.6
858.922	540.2
859.328	542.2
859.734	539.4
860.14	544.6
860.525	537.6
860.931	524.8
861.338	536.4
861.745	545.8
862.151	535
862.558	537.6
862.965	533
863.372	535.6
863.779	537.4
864.186	554.2
864.572	541.2
864.98	557.4
865.387	567
865.795	526
866.203	541.4
866.61	530.2
867.018	550.4
867.405	538.8
867.813	532
868.221	528
868.63	528.2
869.038	542.2
869.425	583.6
869.834	538.8
870.243	534.6
870.652	534.6
871.039	530.8
871.448	540.4
871.857	545.2
872.266	533.6
872.654	535.4
873.064	527
873.473	542
873.883	534.6
874.271	538
874.681	546
875.091	536.2
875.48	544.2
875.89	549.8
876.3	538.4
876.689	525.6
877.1	536.4
877.51	536.6
877.9	562.8
878.31	530.2
878.721	570.6
879.111	678.6
879.522	526.6
879.933	525.4
880.323	527.2
880.734	525.2
881.125	542.6
881.536	531.6
881.948	528.4
882.338	530.8
882.75	535.2
883.141	533.8
883.553	533.6
883.944	564.8
884.356	542.6
884.769	535.8
885.16	537.8
885.573	537.8
885.964	527.4
886.377	531.2
886.768	522
887.181	539.8
887.573	539.2
887.987	539.2
888.378	545
888.792	537.6
889.184	577.4
889.598	527.2
889.99	536.8
890.383	525.2
890.797	527.6
891.19	544.4
891.604	532.4
891.997	521.8
892.411	518.4
892.805	536.2
893.198	526
893.613	520.2
894.006	531.2
894.421	527
894.815	538
895.209	523
895.624	573.4
896.018	552.8
896.412	525.8
896.828	531.8
897.222	533.6
897.617	533.6
898.033	545
898.427	538
898.822	531
899.239	522
899.634	528
900.029	553.4
900.424	522.6
900.841	529.6
901.236	545.6
901.632	540
902.027	589
902.445	544.2
902.841	533.8
903.237	534.6
903.633	551.2
904.05	549.8
904.447	537.2
904.843	545.6
905.24	534.4
905.636	522.2
906.033	537
906.451	543.6
906.848	533.4
907.246	533.4
907.643	534.4
908.04	529.2
908.438	549.8
908.835	549.2
909.254	533.8
909.652	535.4
910.05	539.4
910.448	530.6
910.846	535.4
911.244	523.8
911.643	539.6
912.041	539.2
912.44	548.2
912.839	534.2
913.237	529.2
913.636	519.8
914.035	538.4
914.434	525.4
914.834	541
915.233	539.4
915.633	523
916.032	524.4
916.432	521.8
916.832	546.8
917.232	526.2
917.632	515.4
918.032	537.6
918.432	530.2
918.833	528.8
919.233	533.8
919.634	525.6
920.035	539.2
920.436	531
920.837	543.4
921.238	527
921.639	532.2
922.019	540.4
922.42	533
922.822	534.4
923.224	532.6
923.625	531.2
924.027	533.4
924.429	553.6
924.81	539
925.212	545.6
925.615	537
926.017	535
926.42	542.6
926.801	542.2
927.204	539.8
927.607	535.2
928.01	549
928.413	535.2
928.795	520.4
929.199	529.2
929.602	535.8
930.006	531.6
930.388	527.8
930.792	536.6
931.196	527
931.579	559
931.983	533.8
932.388	574.8
932.771	529.8
933.176	517.6
933.58	545
933.964	543.4
934.369	531.2
934.774	541
935.158	532.6
935.563	529.4
935.947	538.6
936.353	544.2
936.759	534.2
937.143	535
937.549	534.4
937.934	546.2
938.34	555.4
938.746	526.8
939.131	530.2
939.538	518.8
939.923	537.2
940.33	525.6
940.716	528.8
941.123	542.4
941.508	538.4
941.916	547.4
942.302	530.4
942.709	532.8
943.096	521.6
943.503	534.6
943.89	532.6
944.298	534.8
944.685	550.2
945.072	530
945.48	553.8
945.867	522.4
946.276	530.4
946.663	549.8
947.051	549
947.46	545.6
947.848	531.6
948.257	530.8
948.645	538.8
949.033	531.6
949.443	529.8
949.831	572
950.22	521.4
950.63	540.4
951.018	559.2
951.407	528.6
951.796	527.4
952.207	536.2
952.596	541
952.985	534.8
953.375	570.4
953.786	535
954.176	534.2
954.566	529.8
954.956	534.6
955.367	523.4
955.758	547.8
956.148	529
956.539	547.6
956.929	523.2
957.341	520.2
957.732	530
958.123	538.8
958.515	524.4
958.906	540.6
959.297	529.4
959.689	534.8
960.102	527.4
960.494	536.8
960.886	532.6
961.278	531.4
961.67	550.2
962.062	568
962.455	537.2
962.847	525.8
963.24	532.6
963.633	532.8
964.026	528.4
964.419	527.2
964.812	541.2
965.206	529
965.599	542
965.993	527.4
966.386	531.2
966.78	543.2
967.174	544.2
967.569	531.2
967.963	522.4
968.357	528.2
968.752	533.6
969.146	533.4
969.541	529.2
969.936	526.4
970.331	530
970.705	535.6
971.1	523.6
971.496	534.4
971.892	524
972.287	521.4
972.683	524.2
973.079	520.8
973.454	545.6
973.85	531.2
974.247	537.4
974.643	552.4
975.04	531.2
975.415	529.8
975.812	519.4
976.209	532.6
976.607	525.2
976.982	535.6
977.38	549.6
977.778	530.6
978.175	529.4
978.552	527.2
978.95	541.6
979.348	536.6
979.725	568
980.123	524.8
980.522	523
980.899	525.4
981.298	526.6
981.697	526.2
982.075	529
982.474	528
982.852	534.6
983.251	526
983.651	528.8
984.029	532.2
984.429	522.8
984.808	524
985.208	528.6
985.609	517.2
985.987	515.8
986.388	517.8
986.768	536.4
987.168	524.6
987.548	531
987.949	538.8
988.329	529.6
988.731	517.6
989.111	522.4
989.491	524
989.893	532.6
990.273	537.6
990.676	515
991.057	518.4
991.459	528.8
991.84	525.6
992.221	522
992.624	549.4
993.006	537.6
993.388	532.6
993.791	530
994.173	538.6
994.576	556.8
994.959	524.4
995.341	523
995.724	524.2
996.128	535
996.511	529.6
996.894	522.8
997.298	526.8
997.681	530.8
998.065	538.2
998.448	520.6
998.854	536.2
999.237	524.6
999.621	532
1000.01	545.4
1000.39	529.2
1000.8	531.6
1001.18	542
1001.56	538.8
1001.95	533.4
1002.33	533.8
1002.72	524.8
1003.13	528.8
1003.51	530
1003.9	530.2
1004.28	550.6
1004.67	531.4
1005.06	531.6
1005.44	561.6
1005.83	526
1006.21	527.8
1006.6	522
1006.99	539.8
1007.37	539.4
1007.76	527.4
1060.12	524.8
1060.51	522.4
1060.89	530.2
1061.28	534.8
1061.67	533.8
1062.06	534.6
1062.45	538.2
1062.83	528
1063.22	538
1063.61	570.8
1064	527.4
1064.39	526
1064.78	526.6
1065.14	538.2
1065.53	533
1065.92	526.8
1066.31	523
1066.7	541.2
1067.09	539.2
1067.46	548.2
1067.85	523
1068.24	522.4
1068.63	539
1069.02	527
1069.39	538
1069.78	528.4
1070.17	535.2
1070.57	529.2
1070.93	537.8
1071.33	528.6
1071.72	532.6
1072.11	531
1072.48	531.8
1072.87	540
1073.26	529
1073.64	519
1074.03	521
1074.4	529.2
1074.79	528.6
1075.19	530.4
1075.56	528.2
1075.95	532
1076.34	522.6
1076.72	531.4
1077.11	533
1077.48	534.6
1077.88	530.2
1078.25	530.8
1078.64	537.2
1079.02	532.8
1079.41	529.6
1079.78	522.6
1080.18	527.8
1080.55	587.8
1080.95	528
1081.32	522.2
1081.72	532.4
1082.09	525.6
1082.49	523
1082.86	523
1083.24	517.2
1083.63	521
1084.01	532.2
1084.38	537.6
1084.78	521.8
1085.16	535.8
1085.55	536.8
1085.93	545.6
1086.31	526.2
1086.7	549.6
1087.08	530.4
1087.46	532
1087.83	524.2
1088.23	537
1088.61	532.8
1088.99	534.8
1089.36	525.4
1089.76	530.8
1090.14	529.4
1090.52	537.2
1090.9	526
1091.27	541.2
1091.67	554.6
1092.05	533.8
1092.43	520.8
1092.81	536.6
1093.19	539.4
1093.57	532.2
1093.95	531.6
1094.35	527
1094.73	538.8
1095.11	519.8
1095.49	536.4
1095.87	522
1096.25	542.2
1096.63	544.8
1097.01	531.6
1097.39	537
1097.77	527.6
1098.15	528.4
1098.53	527.8
1098.91	525.2
1099.29	529.2
1099.68	546.2
1100.06	538.6
1100.44	526.6
1100.82	532.6
1101.18	532.2
1101.56	525.2
1101.95	529.2
1102.33	529.4
1102.71	534.8
1103.1	527.8
1103.48	518.6
1103.86	515
1104.22	532
1104.61	528.6
1104.99	524.6
1105.38	523.2
1105.76	537.2
1106.12	526.2
1106.51	564.8
1106.89	532.2
1107.26	528
1107.64	537.8
1108.03	527.8
1108.41	527.8
1108.78	528.8
1109.16	523.4
1109.55	541.4
1109.91	519.6
1110.3	516.2
1110.69	542.2
1111.05	527.2
1111.44	534.2
1111.8	532
1112.19	528.8
1112.58	536.2
1112.94	522.6
1113.33	525.2
1113.7	523
1114.09	525
1114.45	517.2
1114.84	532.4
1115.21	524.8
1115.6	523.4
1115.96	527.4
1116.35	532.8
1116.72	532.2
1117.11	540.2
1117.48	526
1117.85	530
1118.24	545
1118.6	535.4
1118.99	529.8
1119.36	537.4
1119.73	528.4
1120.12	526.2
1120.49	520.8
1120.86	530
1121.25	523.2
1121.62	520.6
1121.99	520.6
1122.38	534.2
1122.76	528.8
1123.13	522.2
1123.5	526.6
1123.89	533.8
1124.26	507.8
1124.63	532
1125	533.6
1125.4	523.2
1125.77	523.2
1126.14	511.8
1126.51	523.2
1126.88	527.8
1127.26	522.8
1127.63	508.6
1128.02	526.8
1128.4	514.8
1128.77	521.8
1129.14	525.4
1129.52	524
1129.89	527.4
1130.26	512.6
1130.64	519
1131.01	516.2
