#lambda/nm	C1
208.295	478.6
208.67	442.8
209.045	396.6
209.419	400
209.794	571
210.169	557.2
210.544	670
210.919	577.6
211.295	571.2
211.67	581.8
212.045	568.8
212.421	568.4
212.796	606.6
213.172	564
213.547	566.2
213.923	568.2
214.299	558.2
214.675	575.8
215.051	573.8
215.427	583.2
215.803	581.4
216.179	567.6
216.555	564.4
216.932	576.8
217.308	578.2
217.684	572.6
218.061	579.6
218.438	570.8
218.814	564
219.191	578.4
219.568	557.4
219.945	572.4
220.322	585.4
220.699	575.4
221.076	580.2
221.453	570.2
221.83	564.4
222.208	566
222.585	577
222.962	572.6
223.34	578.6
223.717	570.8
224.095	570
224.473	567.2
224.851	565.2
225.229	559.6
225.607	585.6
225.985	563.4
226.363	571
226.741	574.2
227.119	563
227.497	584
227.876	548.6
228.254	583.2
228.633	576.4
229.011	575.6
229.39	575.6
229.769	572.8
230.148	575
230.527	586.6
230.905	574.6
231.284	570
231.664	560.4
232.043	576
232.422	581.2
232.801	574
233.181	566
233.56	566.6
233.94	568.8
234.319	560.4
234.699	564.4
235.079	600.4
235.458	601.2
235.838	589.4
236.218	564
236.598	563.6
236.978	575.8
237.358	569
237.738	560.8
238.119	581.4
238.499	562.2
238.88	583.4
239.26	584.2
239.641	564.4
240.021	566
240.402	572.2
240.783	573.6
241.163	567.2
241.544	574
241.925	575.6
242.306	590.2
242.687	574.6
243.069	571.4
243.45	584.4
243.831	566.6
244.212	564.4
244.594	608.8
244.975	580.4
245.357	584.4
245.739	567.4
246.12	574.4
246.502	587.6
246.884	572.2
247.266	556.8
247.648	567.8
248.03	590.4
248.412	577.6
248.794	577.4
249.176	575.4
249.559	583.8
249.941	564.2
250.323	565.6
250.706	565.4
251.089	567.6
251.471	574.8
251.854	567
252.237	568.4
252.62	586
253.002	572.2
253.385	575.2
253.769	584.2
254.152	567.2
254.535	576.4
254.918	566.6
255.301	567.8
255.685	565.6
256.068	559
256.452	586
256.835	572.2
257.219	579.6
257.603	576.4
257.986	558.8
258.37	575.6
258.754	560.4
259.138	576
259.522	583.6
259.906	572.4
260.29	572
260.675	564
261.059	570
261.443	551.2
261.828	567.8
262.212	574.6
262.597	564.4
262.981	567
263.366	576.8
263.751	573.2
264.136	573.6
264.521	565
264.906	561.8
265.291	580
265.676	562.6
266.061	571.2
266.446	578
266.831	567.2
267.217	579.6
267.602	573.8
267.987	569.2
268.373	569.8
268.759	589
269.144	582
269.53	573.8
269.916	559.8
270.302	561
270.688	572.2
271.074	577
271.46	591.6
271.846	594.6
272.232	564.2
272.618	565.4
273.004	561.6
273.391	586
273.777	576.2
274.164	581.6
274.55	587
274.937	575.6
275.324	563.2
275.71	583.8
276.097	574.6
276.484	566
276.871	572
277.258	575.2
277.645	561
278.032	569.2
278.419	573.8
278.807	582.6
279.194	562.2
279.581	567.2
279.969	575
280.356	577.6
280.744	572.4
281.131	604.4
281.519	588.6
281.907	569.8
282.295	568
282.682	587.4
283.07	581.6
283.458	586.4
283.846	577.4
284.235	585.6
284.623	577.4
285.011	552.4
285.399	584.4
285.788	572.2
286.176	560
286.565	589.2
286.953	568
287.342	576.2
287.731	562.8
288.119	570.2
288.508	563.6
288.897	573.8
289.286	556.6
289.675	580.2
290.064	581.4
290.453	575.6
290.821	567
291.21	584.6
291.599	568.2
291.989	574.8
292.378	583.4
292.768	588.6
293.157	580
293.547	577.8
293.936	572.4
294.326	567
294.716	579.8
295.106	570.8
295.496	578.8
295.886	581.2
296.276	571.6
296.666	564.6
297.056	570
297.446	567.8
297.836	587.6
298.227	570.8
298.617	573.8
299.008	585
299.398	572.2
299.789	562
300.179	569.8
300.57	582.6
300.961	564.6
301.352	565.6
301.742	590.4
302.133	573.8
302.524	570
302.915	578
303.307	567.2
303.698	579.6
304.089	579
304.48	577.4
304.872	575.4
305.263	574.6
305.655	561.4
306.046	580.8
306.438	571.6
306.829	569.2
307.221	590
307.613	580.6
308.005	592
308.397	587
308.789	590
309.181	589.2
309.573	590.4
309.965	578
310.357	573.2
310.749	566.4
311.142	566.2
311.534	570
311.926	586.6
312.319	572.6
312.711	569
313.104	591.2
313.497	569.8
313.889	615.8
314.282	590.6
314.675	597.6
315.068	569
315.461	573.8
315.854	602.4
316.247	577.2
316.64	584.2
317.033	574.4
317.405	576.6
317.798	569.6
318.192	577.4
318.585	569
318.979	588
319.372	569.8
319.766	571.8
320.16	577.2
320.553	577.8
320.947	590
321.341	571.8
321.735	580.4
322.129	553.4
322.523	597.2
322.917	561.2
323.311	584
323.705	571.8
324.099	575.2
324.494	587.8
324.888	578.6
325.282	564
325.677	587.4
326.071	579.2
326.466	582.6
326.861	570.6
327.255	579.2
327.65	587
328.045	584.4
328.44	575
328.835	574.4
329.23	566.2
329.625	590.2
330.02	568
330.415	595.6
330.81	571.2
331.206	574.4
331.601	569.4
331.996	576.8
332.37	593.6
332.766	564.8
333.161	596.4
333.557	571.4
333.953	570.8
334.348	900
334.744	578
335.14	568.2
335.536	563.6
335.932	585.2
336.328	579.4
336.724	581
337.12	578.2
337.516	575.2
337.913	575.4
338.309	586.6
338.705	568
339.102	587.2
339.498	568.4
339.895	590
340.291	569.4
340.688	579.2
341.085	561.8
341.481	575
341.878	570.2
342.275	584.6
342.672	564
343.069	566
343.466	567
343.842	581.4
344.239	563.2
344.636	580.4
345.033	565.2
345.431	561.6
345.828	563.8
346.225	564.8
346.623	602
347.02	577.4
347.418	587.2
347.816	585.4
348.213	565.4
348.611	577.2
349.009	562.2
349.407	574.2
349.805	561.8
350.203	558.8
350.601	580.2
350.999	563.6
351.397	640.8
351.795	567
352.193	583.6
352.57	578
352.969	583
353.367	569.8
353.766	559.8
354.164	564.4
354.563	579.6
354.961	567.8
355.36	568.2
355.759	560.6
356.158	566.4
356.557	568
356.956	567.4
357.355	563.2
357.754	578.4
358.153	574
358.552	585.6
358.951	563.6
359.35	578.6
359.75	566.8
360.149	561.2
360.527	561.2
360.926	555.2
361.326	569.6
361.726	569.8
362.125	556.6
362.525	560.2
362.925	565.8
363.325	559.4
363.724	563.8
364.124	561.4
364.524	556.6
364.924	562.4
365.324	577
365.725	555.4
366.125	563.8
366.525	574.4
366.904	558.2
367.304	555.8
367.705	584.8
368.105	581.8
368.506	566.2
368.906	572.6
369.307	561
369.708	573.8
370.108	546.8
370.509	575.2
370.91	561
371.311	564.2
371.712	567.6
372.113	569
372.514	553.8
372.894	558.4
373.295	563.6
373.696	576
374.097	578.8
374.499	589
374.9	572.6
375.301	563.2
375.703	570.4
376.105	558.2
376.506	568.6
376.908	569.2
377.309	567.4
377.711	564
378.113	564
378.493	566.6
378.895	562.6
379.297	576
379.699	554.6
380.102	573
380.504	567.2
380.906	559
381.308	588.4
381.71	566.6
382.113	567
382.515	550.8
382.918	568.8
383.299	571.6
383.701	575.4
384.104	555.6
384.507	550.6
384.909	569.6
385.312	551.6
385.715	552.6
386.118	566.6
386.521	557.8
386.924	576
387.327	566.8
387.709	550
388.112	548
388.515	560.4
388.918	557.2
389.322	568
389.725	559.2
390.129	587.8
390.532	575.4
390.936	556.2
391.339	558.8
391.743	566.6
392.125	567.2
392.529	579
392.933	579.4
393.337	567.8
393.74	557.8
394.144	561.8
394.548	558
394.953	557.2
395.357	571.8
395.761	557.6
396.144	556.4
396.548	564
396.952	561
397.357	561.2
397.761	558.2
398.166	555.2
398.57	554
398.975	554.2
399.379	563.4
399.763	614
400.168	560.2
400.572	568.4
400.977	554.6
401.382	582.6
401.787	578.2
402.192	583.8
402.597	578
403.002	553.2
403.386	577.8
403.791	577
404.197	557.4
404.602	571.6
405.007	569
405.413	557.2
405.818	559
406.224	564.2
406.608	555
407.014	555.4
407.42	583
407.825	562.8
408.231	574.2
408.637	563.8
409.043	580
409.449	563.2
409.834	560.6
410.24	567.8
410.646	577.6
411.052	566.8
411.458	558
411.865	569.6
412.271	577.8
412.677	561.4
413.062	567.6
413.469	547
413.875	585.4
414.282	575.8
414.689	560.8
415.095	570.2
415.502	564.6
415.888	565.4
416.294	549.2
416.701	604.2
417.108	560.2
417.515	578
417.923	568.8
418.33	591
418.715	573.8
419.123	562.2
419.53	560.6
419.937	565
420.345	578.2
420.752	561.6
421.16	568.6
421.546	566.8
421.953	575.8
422.361	553.2
422.769	558.4
423.177	555.2
423.585	586.6
423.992	588.8
424.379	569.2
424.787	570.6
425.195	590.8
425.603	562
426.011	568.4
426.419	573.6
426.806	566.8
427.214	567.6
427.623	576
428.031	583.4
428.44	571.8
428.848	574.8
429.235	578.4
429.644	566
430.053	572.8
430.461	576.4
430.87	594
431.279	579.8
431.666	559.4
432.075	562.8
432.484	575.6
432.893	561
433.302	576.4
433.711	608
434.099	567.8
434.508	568.6
434.918	556.8
435.327	573.8
435.737	569.8
436.125	566.4
436.534	570.2
436.944	573.8
437.353	573.2
437.763	580.8
438.173	565.6
438.561	577.4
438.971	556.4
439.381	564.4
439.791	568.2
440.201	546
440.589	568.2
440.999	578.2
441.409	566.4
441.819	548.6
442.23	578.4
442.619	577.8
443.029	561.8
443.439	565.4
443.85	575.6
444.26	580.8
444.649	571.4
445.06	568.2
445.471	560.2
445.881	562.8
446.292	566.2
446.682	582.2
447.092	549
447.503	608
447.914	557.8
448.325	559.8
448.715	559
449.126	563.4
449.537	569.4
449.948	566.6
450.338	564
450.75	568.8
451.161	568.2
451.572	569
451.984	556
452.374	549.6
452.786	565.4
453.197	570
453.609	566.8
453.999	551.6
454.411	553.6
454.823	577
455.235	567
455.647	558
456.037	562.4
456.449	557.6
456.862	559.2
457.274	556.2
457.665	551.6
458.077	568.2
458.489	584.4
458.902	561.8
459.293	563.4
459.705	556.8
460.118	545.8
460.53	558.8
460.921	558
461.334	572.4
461.747	564.2
462.16	574.2
462.551	571.2
462.964	565.4
463.377	548.6
463.79	555.4
464.182	570.8
464.595	563.6
465.008	566.2
465.421	563
465.813	564.2
466.226	570.4
466.64	558.8
467.053	610.2
467.445	568.4
467.859	585
468.272	564.2
468.686	574.4
469.078	561.2
469.492	549.2
469.906	567.6
470.298	571.4
470.712	553.4
471.126	576
471.54	550.4
471.933	555
472.347	555.2
472.761	555.4
473.175	544.8
473.568	555.6
473.982	547.4
474.397	557.8
474.79	562.4
475.204	561.8
475.619	565
476.033	561.6
476.426	562.2
476.841	547.2
477.256	584.6
477.649	554
478.064	544
478.479	554.2
478.872	548.6
479.287	543.8
479.702	550.6
480.118	557.2
480.511	557.4
480.927	562.4
481.342	548.4
481.736	564.8
482.151	551.4
482.566	574.4
482.96	557.8
483.376	570.2
483.792	555.8
484.186	555.2
484.602	551.6
485.017	556.8
485.412	549.4
485.827	562.8
486.243	557.8
486.638	578
487.054	560
487.47	567
487.865	556.2
488.281	557.6
488.697	547
489.092	557
489.508	557
489.925	566.2
490.32	557.6
490.736	559.2
491.153	561.6
491.548	563.6
491.964	568.2
492.381	546.2
492.776	561.6
493.193	552.6
493.61	562.6
494.006	555.6
494.422	560.6
494.84	551.4
495.235	560
495.652	562.2
496.069	555.2
496.465	544.4
496.883	550
497.3	578
497.696	554.4
498.113	560.2
498.509	552.4
498.927	549.8
499.344	551.4
499.741	546
500.158	566.6
500.576	564
500.973	557.6
501.39	546.2
501.787	552.8
502.205	551.2
502.623	550
503.02	553.2
503.438	555.2
503.856	560
504.253	556.6
504.671	557.6
505.068	553.8
505.486	552.4
505.905	569.8
506.302	559.8
506.72	558.4
507.118	554.4
507.536	552
507.955	555.4
508.352	559
508.771	549
509.169	562.8
509.587	548.4
510.006	545.4
510.404	552.8
510.823	544.6
511.221	548.2
511.64	551.6
512.038	574.6
512.457	553.6
512.877	545.8
513.275	549.2
513.694	547.8
514.092	553.6
514.512	557
514.91	551.6
515.33	547.4
515.749	550.2
516.148	559.4
516.568	557.6
516.966	547.8
517.386	542.6
517.785	556.2
518.205	548.4
518.603	549.4
519.024	539
519.444	547.8
519.843	563.8
520.263	562.6
520.662	551.2
521.082	543
521.481	555.6
521.902	557.2
522.301	556.2
522.722	554
523.121	548.6
523.542	545.8
523.963	553.8
524.362	555.2
524.783	559.6
525.183	556.2
525.604	558.2
526.003	550.4
526.425	546.4
526.824	561.6
527.246	566
527.646	558.2
528.067	553
528.467	551.4
528.888	555.6
529.289	547.4
529.71	557.2
530.11	553.6
530.532	548.8
530.932	541.2
531.354	553.2
531.755	585.8
532.176	562.6
532.577	551.2
532.999	553.8
533.4	545.4
533.822	562
534.223	562.4
534.645	556.6
535.046	553.4
535.468	558.8
535.869	567.8
536.292	556
536.693	577.8
537.115	556.4
537.516	561.6
537.939	544.8
538.34	574.4
538.742	563
539.165	550
539.566	555.8
539.989	551.2
540.391	550.8
540.814	556.4
541.216	549
541.639	553.4
542.041	570
542.464	552.4
542.866	544.4
543.268	535.2
543.691	552.6
544.093	552.8
544.517	558
544.919	546
545.343	571.6
545.745	544.4
546.147	554.4
546.571	548.4
546.974	542.8
547.398	549.4
547.8	563.2
548.224	556
548.627	554
549.03	553.6
549.454	540.8
549.857	546.2
550.281	547.6
550.684	549
551.087	558
551.512	552.6
551.915	558
552.34	556.2
552.743	545
553.146	553.4
553.571	548.4
553.975	565.2
554.399	541.2
554.803	596.6
555.207	553.6
555.632	542.4
556.036	551.6
556.461	541.8
556.865	550.8
557.268	543.4
557.694	545.8
558.098	555.8
558.502	555.4
558.927	541.6
559.332	548.8
559.736	547.8
560.162	549.2
560.566	545
560.992	560.4
561.396	552.4
561.801	539.8
562.227	555.4
562.631	550.4
563.036	555.2
563.462	554.6
563.867	554.6
564.272	537.2
564.698	559.2
565.103	542.8
565.508	568
565.935	553.4
566.34	558.8
566.745	565.6
567.172	548.6
567.577	570.6
567.982	567.4
568.409	552.2
568.815	550
569.22	555.8
569.626	559.2
570.053	541.8
570.459	548.4
570.865	559
571.292	558
571.698	551.6
572.104	546.4
572.531	541.4
572.937	560.2
573.343	547.8
573.75	553.6
574.177	559.2
574.583	550.4
574.99	553.8
575.396	556.4
575.824	541.6
576.231	562.2
576.637	546.6
577.065	576.6
577.472	552.6
577.879	549.4
578.286	563.6
578.714	541
579.121	544.8
579.528	552.4
579.935	557.6
580.364	549
580.771	536.4
581.178	541.8
581.585	555.6
582.014	562.6
582.421	538.4
582.829	549
583.236	556.6
583.644	542
584.073	543.4
584.481	556.6
584.889	554.6
585.296	553.6
585.726	551
586.134	543.8
586.542	549.2
586.95	567.6
587.358	540.8
587.787	556
588.196	556.6
588.604	548.2
589.012	541.2
589.421	541.2
589.851	541.6
590.259	549.6
590.668	547.8
591.076	588.2
591.485	549
591.894	547.4
592.324	565.4
592.733	558.4
593.142	534.8
593.551	542.6
593.96	571.6
594.369	534.4
594.8	542.6
595.209	549.2
595.618	534.4
596.028	543
596.437	550.4
596.847	544.8
597.256	549.4
597.687	548.2
598.097	552.6
598.507	535.6
598.917	547.2
599.327	560.8
599.736	553.4
600.146	559.2
600.556	544.4
600.988	561.6
601.398	543.8
601.808	556.6
602.219	540.4
602.629	555.2
603.039	551.2
603.45	577
603.86	553.4
604.271	562
604.703	553.6
605.114	547
605.525	546.4
605.935	545.8
606.346	565.2
606.757	553.8
607.168	547.6
607.579	542.2
607.99	547.2
608.402	539.2
608.813	547.2
609.224	540.8
609.636	540.6
610.047	543.6
610.48	552
610.892	555
611.303	554.8
611.715	545.4
612.127	534.8
612.539	546
612.95	541
613.362	541
613.774	537.6
614.186	539
614.599	543
615.011	556.4
615.423	546.6
615.835	535.8
616.248	534
616.66	547.8
617.073	531.8
617.485	540.4
617.898	549.6
618.311	551.6
618.723	544.6
619.136	568.4
619.549	556.8
619.962	569.4
620.375	541.8
620.788	557
621.201	542.6
621.614	554.2
622.028	534.6
622.441	550.8
622.854	560
623.268	543
623.681	548.2
624.095	548.6
624.509	552.2
624.922	548.4
625.336	531.2
625.728	553
626.142	559.8
626.556	559.6
626.97	555.4
627.384	537.2
627.799	550
628.213	559.4
628.627	547
629.041	551.4
629.456	541.4
629.87	550.4
630.285	552.6
630.699	557.2
631.093	547.2
631.507	548.4
631.922	547
632.337	565.6
632.752	544
633.167	550.4
633.582	540.6
633.997	539.8
634.412	550
634.806	543.8
635.221	547.4
635.637	557
636.052	538.2
636.468	549.6
636.883	564.4
637.299	545.6
637.715	537.6
638.109	553
638.525	538.8
638.941	562
639.357	554.2
639.773	556.8
640.189	538.6
640.584	552.6
641	543.8
641.416	544
641.832	544.2
642.249	535.4
642.665	547.8
643.06	548.6
643.477	553
643.894	542
644.31	541.6
644.727	543.8
645.123	546.2
645.54	543.8
645.957	543.8
646.374	558.6
646.77	556.6
647.187	573.2
647.604	553.4
648.021	525.8
648.439	540.6
648.835	543.6
649.252	543.8
649.67	545.4
650.088	554.4
650.484	544.2
650.902	551
651.32	547.6
651.738	542.2
652.134	538.6
652.552	558.6
652.971	550.8
653.389	547.4
653.786	549.6
654.204	567.6
654.622	530.6
655.019	538.4
655.438	545.4
655.857	547.4
656.275	539.6
656.673	539.6
657.091	547.8
657.51	544.4
657.908	557.8
658.327	558.6
658.746	536.8
659.144	538.4
659.563	561.4
659.982	555.2
660.38	541.2
660.8	541
661.219	555
661.617	553.6
662.037	546.4
662.457	554.8
662.855	535.4
663.275	578
663.695	543.8
664.094	544
664.514	555.6
664.934	540.8
665.333	550
665.753	545.8
666.152	539.8
666.572	540.4
666.993	560.4
667.392	541
667.812	541.8
668.212	544.4
668.632	546.6
669.053	538.6
669.453	554.4
669.874	552.4
670.273	547.2
670.694	537.8
671.116	551.4
671.515	549
671.937	546
672.337	541.6
672.758	546.2
673.158	546.6
673.58	543.2
673.98	545.2
674.402	555.4
674.824	546
675.224	548.2
675.646	536.8
676.047	539
676.469	547.4
676.869	556
677.292	546.6
677.693	538.4
678.115	546
678.516	554
678.939	549.8
679.34	546.2
679.762	549.6
680.164	543.2
680.586	540.8
680.988	547.6
681.411	570.6
681.812	543.6
682.236	541.6
682.637	551
683.061	539.6
683.462	542.4
683.864	544
684.288	540.6
684.69	532.4
685.114	554
685.516	555.8
685.94	541.2
686.342	546.4
686.766	538.6
687.168	543
687.571	556.8
687.995	540.8
688.398	536.8
688.822	551.8
689.225	569.8
689.628	561.4
690.052	540.4
690.456	553.6
690.88	539.6
691.284	528
691.687	552
692.112	531.4
692.515	539.8
692.919	552.6
693.344	546.2
693.747	546.8
694.173	542.4
694.577	553.2
694.98	544.8
695.406	542.6
695.81	545.2
696.214	551
696.64	546.8
697.044	543.8
697.448	555.8
697.874	548.8
698.279	540.8
698.684	539
699.11	543.2
699.514	539.4
699.919	541.4
700.324	538.8
700.75	544.2
701.156	548.6
701.561	549
701.987	549.4
702.393	545
702.798	551.6
703.203	543.8
703.63	533.4
704.036	536.8
704.442	540.2
704.847	532.8
705.274	537.4
705.68	538.6
706.086	542.4
706.492	531.4
706.92	542
707.326	549.8
707.732	538.2
708.139	533.2
708.545	529.6
708.973	538.8
709.38	545.4
709.786	530.8
710.193	548.8
710.6	543.6
711.028	533.2
711.435	539.6
711.842	539.2
712.249	535.4
712.656	532.2
713.064	546.8
713.492	526
713.9	533.2
714.307	534.8
714.715	541.2
715.123	536.6
715.53	542.8
715.938	548
716.367	548.2
716.775	534.2
717.184	533.4
717.592	543.6
718	548
718.408	581.2
718.816	585.8
719.225	547.8
719.633	550
720.042	536
720.472	542.2
720.881	559
721.29	544.8
721.699	533.8
722.108	544.8
722.517	544
722.926	539.8
723.335	551
723.744	547.4
724.154	547.4
724.563	549.6
724.973	541.8
725.382	539.6
725.792	537.4
726.202	534
726.612	563.6
727.022	543.8
727.432	545.2
779.813	537.4
780.223	588.2
780.634	542
781.044	536.8
781.454	541.4
781.865	547
782.276	534.8
782.686	548.4
783.097	542.4
783.508	545
783.919	550
784.33	546.4
784.741	548.2
785.152	534.2
785.563	525.8
785.974	537.6
786.386	547.2
786.776	540.6
787.188	542.6
787.599	529.2
788.011	543.6
788.423	541.8
788.835	539.8
789.247	528
789.659	534.6
790.071	541
790.483	575.6
790.874	534.2
791.286	552.6
791.699	536.6
792.111	541.2
792.524	548.6
792.937	536.6
793.349	532.4
793.741	532.4
794.154	523.4
794.567	555.4
794.98	545.6
795.393	533.4
795.785	563.4
796.198	543
796.612	545
797.026	534.4
797.439	531.4
797.831	534.4
798.245	524.6
798.659	533.4
799.073	533.2
799.487	521.6
799.88	535.6
800.294	535.8
800.708	542.4
801.123	533.6
801.516	553.4
801.93	539.6
802.345	525.4
802.76	540
803.153	542.8
803.568	554.2
803.983	545.8
804.377	546.2
804.792	531.2
805.207	516
805.601	530.6
806.016	577.4
806.432	533.6
806.826	571.4
807.242	550
807.658	544.6
808.052	533.6
808.468	540.2
808.884	537.6
809.279	540.8
809.695	553.2
810.111	554.6
810.506	539.2
810.922	556.2
811.339	532.4
811.734	545.6
812.151	535.4
812.546	536.8
812.963	535.4
813.38	543.2
813.776	538.6
814.193	554.4
814.589	538.8
815.006	537.2
815.402	537.6
815.82	532.4
816.237	536.8
816.633	544.4
817.051	530.4
817.448	538.2
817.866	523.2
818.262	560.2
818.68	543.2
819.077	541.2
819.495	535.6
819.892	574.2
820.311	536.2
820.708	538.8
821.127	533.4
821.524	554.8
821.943	538.8
822.34	549.2
822.759	542.8
823.157	537.4
823.576	548.4
823.974	554
824.393	590.6
824.791	538.6
825.189	528.4
825.609	537.4
826.007	532.2
826.427	527.8
826.826	539.4
827.246	544.2
827.644	530.8
828.043	552.4
828.463	541
828.862	548.8
829.261	550.4
829.682	531
830.081	535.4
830.502	528.4
830.901	542.4
831.301	551.4
831.722	527.2
832.121	530.8
832.521	532.6
832.943	541
833.342	544.6
833.742	527
834.164	532
834.564	526
834.965	543.6
835.386	538
835.787	540.2
836.188	538
836.588	530
837.01	537.4
837.411	529.8
837.812	539.8
838.213	541.4
838.636	536.2
839.037	605.8
839.438	533.8
839.84	540
840.263	543.2
840.664	539.8
841.066	542.2
841.468	545
841.891	534
842.293	548.2
842.695	537.6
843.098	548.6
843.5	537
843.902	544.4
844.326	545.4
844.729	537.2
845.131	559.4
845.534	546.2
845.937	551
846.34	550.8
846.764	532.2
847.167	545.8
847.571	534.2
847.974	538.4
848.377	543.4
848.781	582.6
849.184	551.2
849.588	530.2
849.992	533.6
850.396	535
850.821	549.8
851.225	539.6
851.63	528.2
852.034	547
852.438	540.6
852.843	566.6
853.247	535
853.652	534.2
854.057	545.8
854.462	532.8
854.867	543
855.272	558.8
855.677	540.8
856.082	527
856.487	521.8
856.893	543
857.298	537.4
857.704	540.6
858.11	537.4
858.516	547.2
858.922	535.2
859.328	537.6
859.734	537.4
860.14	541
860.525	546.4
860.931	521
861.338	533.4
861.745	534.8
862.151	540.8
862.558	537.4
862.965	529.4
863.372	529.6
863.779	527.4
864.186	553.8
864.572	540
864.98	552.6
865.387	571.2
865.795	522.2
866.203	539.4
866.61	529.6
867.018	548.6
867.405	550.2
867.813	532.6
868.221	535
868.63	532.6
869.038	547.2
869.425	570.6
869.834	546.4
870.243	534
870.652	535
871.039	535.4
871.448	540.6
871.857	538
872.266	538.4
872.654	539
873.064	532.2
873.473	542.8
873.883	534.2
874.271	534
874.681	551
875.091	531.4
875.48	545.6
875.89	550
876.3	535
876.689	528.2
877.1	536.8
877.51	540
877.9	554
878.31	539.2
878.721	570
879.111	689.6
879.522	544.2
879.933	526.4
880.323	534
880.734	526.2
881.125	541
881.536	527.6
881.948	526.6
882.338	541.6
882.75	542.4
883.141	529.8
883.553	537.4
883.944	561.6
884.356	545.4
884.769	531.4
885.16	539.2
885.573	540.8
885.964	522.6
886.377	528.2
886.768	532
887.181	528
887.573	528.8
887.987	537.4
888.378	547.4
888.792	533.6
889.184	579.8
889.598	529.2
889.99	537.8
890.383	531.2
890.797	524.8
891.19	547
891.604	532
891.997	526.4
892.411	532
892.805	518.4
893.198	531
893.613	521.6
894.006	535
894.421	530
894.815	529
895.209	530.4
895.624	560
896.018	549.4
896.412	527.2
896.828	527.2
897.222	534
897.617	533.2
898.033	549.2
898.427	537.8
898.822	531.4
899.239	522.6
899.634	526.8
900.029	556.4
900.424	520.8
900.841	518.8
901.236	541
901.632	538
902.027	587.6
902.445	544.2
902.841	535
903.237	539.4
903.633	554.2
904.05	536
904.447	528.4
904.843	535.4
905.24	531.4
905.636	538
906.033	535.8
906.451	541.2
906.848	525.4
907.246	528.6
907.643	525.8
908.04	546.8
908.438	548
908.835	536.8
909.254	534.6
909.652	539.2
910.05	532.6
910.448	532.2
910.846	536.8
911.244	517.2
911.643	533.2
912.041	533
912.44	550
912.839	531.4
913.237	534.2
913.636	524.8
914.035	542.6
914.434	525.2
914.834	549
915.233	539
915.633	532
916.032	526.2
916.432	533.2
916.832	541
917.232	540.6
917.632	523.8
918.032	537.6
918.432	537
918.833	531.8
919.233	534.8
919.634	526
920.035	546.2
920.436	525.4
920.837	543
921.238	531.6
921.639	531.8
922.019	533.2
922.42	537.6
922.822	536
923.224	534
923.625	527.6
924.027	536.6
924.429	554
924.81	531.6
925.212	539
925.615	540.6
926.017	538.6
926.42	548.6
926.801	537.4
927.204	529.4
927.607	534.6
928.01	544.2
928.413	539.2
928.795	531.4
929.199	532
929.602	535
930.006	527.6
930.388	519.4
930.792	530.6
931.196	534
931.579	570.4
931.983	531.8
932.388	576
932.771	530
933.176	528
933.58	546.4
933.964	535.8
934.369	528.8
934.774	543.4
935.158	527.6
935.563	542.4
935.947	542
936.353	545.2
936.759	539.8
937.143	541.6
937.549	530.2
937.934	540.8
938.34	556
938.746	523.2
939.131	531
939.538	533.4
939.923	545.6
940.33	537.2
940.716	535.4
941.123	541.2
941.508	537.4
941.916	550.6
942.302	535.8
942.709	529.6
943.096	518.4
943.503	540.6
943.89	529.4
944.298	538.4
944.685	557.2
945.072	531.2
945.48	541.6
945.867	528
946.276	533
946.663	552
947.051	550.8
947.46	548.8
947.848	538.4
948.257	522
948.645	535.6
949.033	531.2
949.443	521.6
949.831	574.2
950.22	527.2
950.63	539
951.018	559.8
951.407	530.8
951.796	529.2
952.207	532.8
952.596	536.6
952.985	525.4
953.375	579.6
953.786	528.4
954.176	521.4
954.566	541
954.956	522.8
955.367	530.8
955.758	552.6
956.148	520.2
956.539	547.2
956.929	515.6
957.341	521.6
957.732	525.2
958.123	543.6
958.515	516.6
958.906	539
959.297	533.4
959.689	533.6
960.102	525.8
960.494	532
960.886	536
961.278	533.6
961.67	552.2
962.062	567.6
962.455	537
962.847	522.6
963.24	532.4
963.633	531.6
964.026	522.4
964.419	534.2
964.812	542
965.206	520.8
965.599	545.4
965.993	533.8
966.386	527.4
966.78	546
967.174	546.4
967.569	533
967.963	526
968.357	525.8
968.752	531
969.146	537.6
969.541	530.2
969.936	531.8
970.331	537.8
970.705	525.6
971.1	530.8
971.496	541.2
971.892	525.2
972.287	527.6
972.683	541
973.079	530.8
973.454	545.4
973.85	535.2
974.247	538.8
974.643	559.2
975.04	532.6
975.415	528.6
975.812	528.2
976.209	537.4
976.607	522.4
976.982	534.8
977.38	537.6
977.778	530.2
978.175	526.4
978.552	535.4
978.95	535.2
979.348	536.2
979.725	580.4
980.123	530.4
980.522	531.2
980.899	528.6
981.298	529.2
981.697	541
982.075	535.8
982.474	529.8
982.852	541.8
983.251	532.2
983.651	522.8
984.029	535.6
984.429	533
984.808	518.8
985.208	521.4
985.609	516
985.987	513
986.388	522.6
986.768	521
987.168	520.8
987.548	537.2
987.949	540.8
988.329	533.4
988.731	515.4
989.111	527
989.491	526
989.893	522.6
990.273	544
990.676	519.2
991.057	521
991.459	516.2
991.84	527.4
992.221	521.4
992.624	549.8
993.006	529
993.388	536.6
993.791	533.4
994.173	528.4
994.576	560
994.959	521.6
995.341	523
995.724	527.8
996.128	529.4
996.511	528
996.894	524.2
997.298	525
997.681	530.4
998.065	533.2
998.448	526.8
998.854	539
999.237	522.6
999.621	546.4
1000.01	542
1000.39	531.2
1000.8	530
1001.18	532.4
1001.56	533.6
1001.95	532.2
1002.33	533.2
1002.72	519
1003.13	527.8
1003.51	524.4
1003.9	534.2
1004.28	549
1004.67	531.2
1005.06	529.2
1005.44	558.4
1005.83	520.2
1006.21	530.2
1006.6	528.8
1006.99	544.6
1007.37	534.4
1007.76	536.8
1060.12	519.2
1060.51	521.4
1060.89	539.8
1061.28	537
1061.67	539.6
1062.06	539
1062.45	524
1062.83	531.8
1063.22	541.2
1063.61	570.8
1064	535.6
1064.39	533.2
1064.78	534.4
1065.14	543.6
1065.53	537.8
1065.92	533
1066.31	539
1066.7	531.6
1067.09	538
1067.46	537.6
1067.85	534.4
1068.24	531.4
1068.63	542.2
1069.02	522.6
1069.39	527.2
1069.78	525
1070.17	526.6
1070.57	524.8
1070.93	539.8
1071.33	526.8
1071.72	535.8
1072.11	517.8
1072.48	526.6
1072.87	528.2
1073.26	533.4
1073.64	537.6
1074.03	521.2
1074.4	524.2
1074.79	525.2
1075.19	534.4
1075.56	533
1075.95	531
1076.34	528
1076.72	527.6
1077.11	540
1077.48	544.8
1077.88	534
1078.25	526.8
1078.64	536.2
1079.02	534.2
1079.41	537.6
1079.78	530
1080.18	522.4
1080.55	587.8
1080.95	521.4
1081.32	523.4
1081.72	539.4
1082.09	532.8
1082.49	533.2
1082.86	534.2
1083.24	523
1083.63	523.2
1084.01	527.4
1084.38	542.8
1084.78	521.2
1085.16	532.6
1085.55	544.6
1085.93	552.6
1086.31	529.6
1086.7	563
1087.08	528.6
1087.46	527.8
1087.83	525.6
1088.23	531.8
1088.61	535.6
1088.99	536
1089.36	529.4
1089.76	533.4
1090.14	528.4
1090.52	526.2
1090.9	523.8
1091.27	536.8
1091.67	552.2
1092.05	537.4
1092.43	524.6
1092.81	529.2
1093.19	527
1093.57	529.4
1093.95	521.8
1094.35	533
1094.73	529.2
1095.11	523.2
1095.49	533.4
1095.87	527.4
1096.25	539.2
1096.63	532.8
1097.01	521.6
1097.39	530.2
1097.77	526.2
1098.15	522
1098.53	526.6
1098.91	524.2
1099.29	527.6
1099.68	542.2
1100.06	541.6
1100.44	532
1100.82	531
1101.18	532.8
1101.56	530
1101.95	531.8
1102.33	529.6
1102.71	527.6
1103.1	526.4
1103.48	522.6
1103.86	521.8
1104.22	533.4
1104.61	524
1104.99	525.2
1105.38	522.2
1105.76	523.6
1106.12	527.4
1106.51	557.4
1106.89	547.8
1107.26	531.6
1107.64	538.8
1108.03	532.8
1108.41	526.2
1108.78	535
1109.16	540.6
1109.55	540.2
1109.91	518.2
1110.3	517.6
1110.69	546
1111.05	536.4
1111.44	527.4
1111.8	536.2
1112.19	531.4
1112.58	537.2
1112.94	524.2
1113.33	532.2
1113.7	531
1114.09	530
1114.45	519.2
1114.84	520
1115.21	533
1115.6	523
1115.96	527.4
1116.35	536.2
1116.72	517.6
1117.11	540
1117.48	527.8
1117.85	525.4
1118.24	542.6
1118.6	539
1118.99	521.4
1119.36	523.8
1119.73	530
1120.12	525.6
1120.49	521.4
1120.86	533.4
1121.25	524.4
1121.62	520.4
1121.99	523.2
1122.38	536.6
1122.76	531.2
1123.13	530.2
1123.5	525.4
1123.89	538.6
1124.26	518.4
1124.63	524.6
1125	532.6
1125.4	520
1125.77	520.4
1126.14	517.8
1126.51	525
1126.88	519.8
1127.26	529.4
1127.63	517.2
1128.02	513.6
1128.4	525.4
1128.77	523.2
1129.14	523.2
1129.52	524.6
1129.89	522.8
1130.26	521.6
1130.64	525.6
1131.01	520.2
