#lambda/nm	C1
208.295	473.4
208.67	435.2
209.045	394.4
209.419	395.8
209.794	564
210.169	548.6
210.544	667.8
210.919	569
211.295	561
211.67	572.2
212.045	556.8
212.421	559
212.796	596.6
213.172	562.8
213.547	554.8
213.923	562
214.299	565
214.675	573.4
215.051	574.6
215.427	584.8
215.803	586
216.179	571.2
216.555	562.8
216.932	572.2
217.308	570.4
217.684	564
218.061	577.2
218.438	562.6
218.814	562.4
219.191	580
219.568	564.6
219.945	567.4
220.322	570
220.699	568.8
221.076	575.8
221.453	573.6
221.83	567.6
222.208	565.6
222.585	562.4
222.962	566.6
223.34	579.2
223.717	561
224.095	564.8
224.473	573.4
224.851	571.6
225.229	563.2
225.607	584
225.985	557.2
226.363	570.4
226.741	567.4
227.119	564.6
227.497	574.4
227.876	563.4
228.254	570.6
228.633	574.4
229.011	571.2
229.39	571.2
229.769	570
230.148	573
230.527	585.4
230.905	576
231.284	570
231.664	557.2
232.043	577.4
232.422	574.2
232.801	560.4
233.181	573.4
233.56	558.2
233.94	554.4
234.319	551.8
234.699	558.6
235.079	598
235.458	600.2
235.838	578
236.218	566.6
236.598	552.8
236.978	550.2
237.358	565
237.738	553.6
238.119	572.2
238.499	548.6
238.88	563
239.26	576
239.641	554.6
240.021	559
240.402	564.8
240.783	552.2
241.163	566
241.544	571
241.925	565.6
242.306	577.2
242.687	574.2
243.069	573.8
243.45	580
243.831	562.6
244.212	562.2
244.594	593.6
244.975	567.6
245.357	570.2
245.739	555.8
246.12	564.6
246.502	580.8
246.884	571.4
247.266	568.6
247.648	578.2
248.03	590.6
248.412	572.6
248.794	580.4
249.176	558.6
249.559	582.6
249.941	551.8
250.323	555.4
250.706	560.4
251.089	572.8
251.471	567.2
251.854	568.2
252.237	565.4
252.62	576
253.002	565.8
253.385	565
253.769	583.2
254.152	568.4
254.535	572.8
254.918	558
255.301	567.6
255.685	559.8
256.068	562.4
256.452	597.8
256.835	584
257.219	576.6
257.603	585.6
257.986	562.4
258.37	576
258.754	552
259.138	564
259.522	569.2
259.906	565.2
260.29	570.4
260.675	562.8
261.059	564.8
261.443	562.8
261.828	572.6
262.212	569
262.597	560.6
262.981	565.4
263.366	573.6
263.751	567
264.136	565.6
264.521	565.8
264.906	566.8
265.291	579.2
265.676	564.8
266.061	572.2
266.446	584.2
266.831	568.6
267.217	585
267.602	570.2
267.987	576.6
268.373	564.8
268.759	571.4
269.144	577.8
269.53	577.8
269.916	568.2
270.302	567.2
270.688	573.2
271.074	574.2
271.46	582.8
271.846	591.2
272.232	565
272.618	563.6
273.004	567.2
273.391	582.6
273.777	580.8
274.164	576
274.55	584.4
274.937	569.2
275.324	567.6
275.71	577.8
276.097	573.2
276.484	563.8
276.871	575
277.258	574.8
277.645	558
278.032	573.8
278.419	568
278.807	570
279.194	551.6
279.581	561.6
279.969	578.8
280.356	569.4
280.744	567.2
281.131	582
281.519	572.2
281.907	565
282.295	566.4
282.682	583.2
283.07	568.8
283.458	571.2
283.846	570.4
284.235	573.2
284.623	580.6
285.011	555
285.399	576.8
285.788	574.4
286.176	560.2
286.565	572.2
286.953	556.4
287.342	563.8
287.731	564.8
288.119	562.8
288.508	560.6
288.897	572.2
289.286	557.8
289.675	574.8
290.064	575.6
290.453	568
290.821	570.2
291.21	574.2
291.599	559.2
291.989	563.6
292.378	571
292.768	581.6
293.157	573
293.547	581.4
293.936	568.4
294.326	561.2
294.716	580.2
295.106	564.2
295.496	579
295.886	575
296.276	569.4
296.666	560.2
297.056	573.6
297.446	563.2
297.836	588.4
298.227	557.4
298.617	570.8
299.008	577.6
299.398	573
299.789	569.2
300.179	582.4
300.57	590.4
300.961	568.4
301.352	563.8
301.742	584.2
302.133	568.6
302.524	569.4
302.915	571.2
303.307	562.4
303.698	576
304.089	578.2
304.48	569.8
304.872	576.4
305.263	561.4
305.655	562.4
306.046	572.6
306.438	577
306.829	570.4
307.221	587.6
307.613	574.4
308.005	584.2
308.397	583.8
308.789	591
309.181	587.6
309.573	590
309.965	585.6
310.357	573.8
310.749	568.8
311.142	563.6
311.534	566.2
311.926	577.6
312.319	567
312.711	562.2
313.104	580.6
313.497	576.4
313.889	607.4
314.282	587.4
314.675	595
315.068	570.8
315.461	576.8
315.854	597
316.247	578.8
316.64	574.2
317.033	570
317.405	575.8
317.798	574
318.192	570.6
318.585	566.8
318.979	572.4
319.372	557.2
319.766	565.8
320.16	586.8
320.553	587.2
320.947	586
321.341	568.2
321.735	570.8
322.129	557
322.523	592.4
322.917	560.4
323.311	585.8
323.705	566.6
324.099	572.8
324.494	588.2
324.888	578
325.282	566.4
325.677	579.2
326.071	576
326.466	568.2
326.861	569.6
327.255	582.2
327.65	587.2
328.045	585.6
328.44	566
328.835	570.4
329.23	559.4
329.625	593.4
330.02	566.2
330.415	587.8
330.81	572
331.206	578.6
331.601	569.4
331.996	574
332.37	593
332.766	553
333.161	584.6
333.557	565.4
333.953	564.4
334.348	893.2
334.744	564.8
335.14	552.6
335.536	561.2
335.932	576.6
336.328	565
336.724	568.4
337.12	565
337.516	567.8
337.913	565
338.309	575.8
338.705	563.6
339.102	572.2
339.498	555.2
339.895	573.4
340.291	559.8
340.688	570.6
341.085	556.2
341.481	576.8
341.878	564.4
342.275	584.2
342.672	557
343.069	556
343.466	557.4
343.842	579.6
344.239	560.2
344.636	569.2
345.033	562.4
345.431	563.4
345.828	571
346.225	558.2
346.623	604.4
347.02	561
347.418	573.4
347.816	578.6
348.213	556.2
348.611	562.8
349.009	564.8
349.407	580.2
349.805	563.8
350.203	558.4
350.601	573.2
350.999	561.2
351.397	601.4
351.795	566
352.193	573.8
352.57	578
352.969	578.4
353.367	555.4
353.766	559.2
354.164	576.4
354.563	580.4
354.961	562.4
355.36	565
355.759	556.4
356.158	551.4
356.557	557.6
356.956	550.8
357.355	550.6
357.754	562.2
358.153	559.2
358.552	575.8
358.951	551.2
359.35	570
359.75	566.4
360.149	548.2
360.527	550.8
360.926	553.2
361.326	564.4
361.726	559
362.125	553.4
362.525	571
362.925	565.6
363.325	569.4
363.724	562.8
364.124	559.4
364.524	556.2
364.924	561.2
365.324	567
365.725	550.6
366.125	565.4
366.525	559.8
366.904	552.6
367.304	540
367.705	575
368.105	580.6
368.506	560.6
368.906	564.6
369.307	559.6
369.708	563.2
370.108	550.4
370.509	576.4
370.91	550.6
371.311	566
371.712	567.8
372.113	567.4
372.514	556.4
372.894	566
373.295	551.8
373.696	573
374.097	566.4
374.499	591.2
374.9	561.8
375.301	559.8
375.703	564
376.105	554.4
376.506	567.8
376.908	568.8
377.309	561.2
377.711	567.6
378.113	560
378.493	560.6
378.895	557
379.297	571.6
379.699	549.2
380.102	567.4
380.504	562.8
380.906	553.4
381.308	584
381.71	554.8
382.113	570.8
382.515	561.8
382.918	568.2
383.299	567.2
383.701	560.8
384.104	552.6
384.507	541.8
384.909	552.4
385.312	549.2
385.715	553.4
386.118	557.4
386.521	547.4
386.924	570.8
387.327	557
387.709	549.2
388.112	547.2
388.515	557.2
388.918	556.4
389.322	560.2
389.725	556
390.129	584.6
390.532	563
390.936	551.6
391.339	549.6
391.743	565.2
392.125	558.2
392.529	566.4
392.933	571.2
393.337	558.8
393.74	552.8
394.144	562.2
394.548	547
394.953	552.6
395.357	567.4
395.761	549.4
396.144	559.4
396.548	565.2
396.952	559
397.357	564.4
397.761	557.8
398.166	551.8
398.57	556.2
398.975	547.8
399.379	560.8
399.763	603.8
400.168	561.2
400.572	555.6
400.977	562.8
401.382	582.4
401.787	563.6
402.192	573.2
402.597	573.8
403.002	555.2
403.386	570.6
403.791	577.2
404.197	563.4
404.602	566.4
405.007	562.8
405.413	557.6
405.818	556.8
406.224	551.6
406.608	556.8
407.014	547
407.42	573.4
407.825	560.4
408.231	577.4
408.637	558.2
409.043	574.4
409.449	555.6
409.834	550.2
410.24	568.4
410.646	575
411.052	567.2
411.458	567
411.865	571.2
412.271	568.2
412.677	568.8
413.062	560.6
413.469	553.6
413.875	574.4
414.282	584.2
414.689	563.2
415.095	571.8
415.502	567
415.888	561.6
416.294	548
416.701	596.6
417.108	556.4
417.515	569.4
417.923	553.8
418.33	579
418.715	567
419.123	564.2
419.53	561.2
419.937	561.2
420.345	578.6
420.752	554.2
421.16	575.4
421.546	561.2
421.953	567.4
422.361	544.4
422.769	555.4
423.177	555.8
423.585	589
423.992	576.6
424.379	573.4
424.787	561.8
425.195	576
425.603	555.6
426.011	566
426.419	573.8
426.806	566
427.214	561.6
427.623	567
428.031	573.8
428.44	565.6
428.848	561.4
429.235	570.2
429.644	554.8
430.053	559
430.461	573.2
430.87	585.4
431.279	559.2
431.666	552.2
432.075	559.4
432.484	562.2
432.893	554.8
433.302	582
433.711	590
434.099	568.6
434.508	552.8
434.918	550
435.327	565
435.737	553.8
436.125	557.6
436.534	562
436.944	561.4
437.353	570.2
437.763	579
438.173	554.6
438.561	575.6
438.971	550
439.381	564.4
439.791	568.4
440.201	536
440.589	555.6
440.999	562.8
441.409	563.8
441.819	552.4
442.23	561.8
442.619	563
443.029	566.8
443.439	550.6
443.85	569.4
444.26	567.8
444.649	558.6
445.06	563.6
445.471	552.8
445.881	558
446.292	577.2
446.682	574.2
447.092	548
447.503	602.8
447.914	557.4
448.325	557
448.715	549.8
449.126	557.6
449.537	556.6
449.948	557.6
450.338	555
450.75	566
451.161	554.2
451.572	565
451.984	548.4
452.374	541.4
452.786	554.8
453.197	559.8
453.609	565
453.999	548
454.411	538.8
454.823	554
455.235	550.4
455.647	549.4
456.037	566
456.449	547.2
456.862	555
457.274	567.6
457.665	542.2
458.077	563.6
458.489	585.4
458.902	549
459.293	550
459.705	557.6
460.118	545.4
460.53	552
460.921	557.2
461.334	554.4
461.747	558
462.16	569.2
462.551	573.6
462.964	557.2
463.377	546.2
463.79	550.6
464.182	567
464.595	544
465.008	556.8
465.421	565.6
465.813	556
466.226	559.6
466.64	545.6
467.053	596.8
467.445	568.2
467.859	576.8
468.272	562.2
468.686	564.2
469.078	548.6
469.492	546.4
469.906	553.8
470.298	567.8
470.712	555
471.126	573.8
471.54	551
471.933	552.4
472.347	557
472.761	553.8
473.175	545.4
473.568	550.2
473.982	544.2
474.397	548.6
474.79	555.2
475.204	558.6
475.619	559.4
476.033	548.8
476.426	554
476.841	549.8
477.256	570.2
477.649	547.8
478.064	555.4
478.479	546
478.872	554.4
479.287	540.6
479.702	547.4
480.118	560.2
480.511	549.4
480.927	551.2
481.342	547.8
481.736	556.8
482.151	550.6
482.566	559.4
482.96	555.4
483.376	561
483.792	546.8
484.186	556
484.602	548
485.017	546
485.412	556.8
485.827	560.2
486.243	546.6
486.638	577
487.054	560.2
487.47	570.2
487.865	545.2
488.281	553
488.697	545.2
489.092	554.8
489.508	547.4
489.925	561.6
490.32	541.4
490.736	555.4
491.153	551
491.548	551.4
491.964	564.2
492.381	545.2
492.776	556.4
493.193	559.2
493.61	561
494.006	548
494.422	563.6
494.84	553.4
495.235	562.8
495.652	557.8
496.069	553.8
496.465	535
496.883	547
497.3	571.2
497.696	556.2
498.113	559.2
498.509	535.8
498.927	543.4
499.344	548.6
499.741	545.2
500.158	566.6
500.576	565
500.973	541.8
501.39	547.2
501.787	542
502.205	551.8
502.623	541
503.02	546
503.438	545.4
503.856	549.4
504.253	548.6
504.671	557.8
505.068	537.2
505.486	555.4
505.905	574.6
506.302	551.6
506.72	563.4
507.118	548.8
507.536	552.4
507.955	545.4
508.352	551.4
508.771	550.2
509.169	557
509.587	549
510.006	547.4
510.404	540.4
510.823	549.8
511.221	541.8
511.64	545.4
512.038	563.2
512.457	550
512.877	551.4
513.275	543.4
513.694	547.4
514.092	545
514.512	545
514.91	555
515.33	554.6
515.749	546.2
516.148	555.2
516.568	553.8
516.966	547.6
517.386	552.2
517.785	550
518.205	545.6
518.603	546.2
519.024	542.8
519.444	549.8
519.843	558.2
520.263	559.6
520.662	549.2
521.082	541
521.481	544.2
521.902	549
522.301	550.8
522.722	550
523.121	555.6
523.542	538.6
523.963	541.6
524.362	545.8
524.783	546.4
525.183	543.6
525.604	552.2
526.003	544.2
526.425	540.4
526.824	548.8
527.246	547.4
527.646	545.4
528.067	546
528.467	541.4
528.888	555
529.289	540.2
529.71	551.4
530.11	541.2
530.532	541.2
530.932	545.2
531.354	538.8
531.755	579.2
532.176	556.8
532.577	543.8
532.999	549.6
533.4	544.8
533.822	548.8
534.223	546.6
534.645	548.8
535.046	540
535.468	547.4
535.869	566.6
536.292	544.8
536.693	585
537.115	553.2
537.516	548.8
537.939	557
538.34	562.6
538.742	546.4
539.165	547.8
539.566	540.4
539.989	540
540.391	548.6
540.814	544.4
541.216	542.6
541.639	559
542.041	564.6
542.464	543.8
542.866	546.4
543.268	540.2
543.691	554.2
544.093	554.6
544.517	567.8
544.919	543.6
545.343	565.6
545.745	540.4
546.147	553.4
546.571	547.6
546.974	539.4
547.398	548.4
547.8	565.8
548.224	539.4
548.627	532.2
549.03	540.6
549.454	536.4
549.857	530.2
550.281	540.6
550.684	535.2
551.087	557.4
551.512	544
551.915	545.8
552.34	536.6
552.743	538.2
553.146	536.6
553.571	548
553.975	551.8
554.399	537.6
554.803	591.4
555.207	544
555.632	542.4
556.036	553.8
556.461	542.4
556.865	545
557.268	538.8
557.694	537.2
558.098	554
558.502	552.2
558.927	555
559.332	543.8
559.736	551.2
560.162	551.2
560.566	549
560.992	546.6
561.396	541.6
561.801	552.2
562.227	542.2
562.631	543.6
563.036	554
563.462	559.2
563.867	555.6
564.272	535
564.698	550.2
565.103	538
565.508	573.8
565.935	541.6
566.34	546.8
566.745	554
567.172	547.6
567.577	561.6
567.982	561.2
568.409	543.8
568.815	537.2
569.22	554
569.626	554.6
570.053	538.8
570.459	546.8
570.865	549.2
571.292	551.4
571.698	548.8
572.104	532.2
572.531	543.2
572.937	554.2
573.343	546.6
573.75	537.4
574.177	550.4
574.583	550.4
574.99	543
575.396	555.4
575.824	541.4
576.231	559
576.637	540.4
577.065	571.2
577.472	539.4
577.879	542.8
578.286	550.4
578.714	540.8
579.121	541.8
579.528	553
579.935	554.8
580.364	557.6
580.771	532.4
581.178	535.8
581.585	543.6
582.014	547
582.421	544.6
582.829	537.2
583.236	558.2
583.644	538.6
584.073	545.6
584.481	544
584.889	543
585.296	554.2
585.726	547.8
586.134	536
586.542	543.4
586.95	563.4
587.358	534.4
587.787	547.8
588.196	547.6
588.604	539.8
589.012	539.4
589.421	538.2
589.851	542.8
590.259	554.8
590.668	549.4
591.076	579
591.485	532.6
591.894	546.8
592.324	561.6
592.733	555.4
593.142	537.8
593.551	541.2
593.96	539.4
594.369	531.8
594.8	530.6
595.209	541.4
595.618	526
596.028	539.4
596.437	536.2
596.847	543.6
597.256	548.4
597.687	552.2
598.097	533.8
598.507	542.6
598.917	550.8
599.327	537.8
599.736	537.2
600.146	558.6
600.556	546
600.988	557.2
601.398	546.6
601.808	555
602.219	537.4
602.629	541.2
603.039	544
603.45	579.6
603.86	540.6
604.271	558.6
604.703	546.6
605.114	539.2
605.525	545.2
605.935	549
606.346	563.6
606.757	551.4
607.168	547
607.579	543.2
607.99	559.4
608.402	545.2
608.813	553.8
609.224	543.6
609.636	545.6
610.047	542.6
610.48	550
610.892	555.2
611.303	554.6
611.715	551.6
612.127	547
612.539	542.2
612.95	543.8
613.362	534
613.774	543.8
614.186	548
614.599	541.8
615.011	556
615.423	536.4
615.835	538
616.248	534.6
616.66	544.2
617.073	543.4
617.485	537.8
617.898	552
618.311	547
618.723	547
619.136	574
619.549	554.2
619.962	569
620.375	554.2
620.788	542.4
621.201	535
621.614	557.8
622.028	542.2
622.441	552.4
622.854	554.8
623.268	544.8
623.681	546
624.095	544
624.509	553
624.922	540.6
625.336	532.8
625.728	547.8
626.142	554.8
626.556	558.2
626.97	546
627.384	542.8
627.799	544.6
628.213	557.8
628.627	538.8
629.041	545.8
629.456	542
629.87	549.4
630.285	553.4
630.699	559.2
631.093	537.8
631.507	550.6
631.922	554.4
632.337	558.4
632.752	537.2
633.167	551
633.582	548
633.997	545.6
634.412	539.8
634.806	547.4
635.221	532
635.637	554.2
636.052	543.8
636.468	542.6
636.883	560.6
637.299	543.2
637.715	531.2
638.109	545.2
638.525	540.4
638.941	550.6
639.357	551
639.773	556.4
640.189	541.4
640.584	547.2
641	551.6
641.416	534.8
641.832	548
642.249	540.2
642.665	549
643.06	552.4
643.477	551.6
643.894	535
644.31	544.6
644.727	541.4
645.123	540.6
645.54	537.2
645.957	545.6
646.374	547.6
646.77	541.2
647.187	578
647.604	543.6
648.021	530.4
648.439	529.6
648.835	552
649.252	544.6
649.67	538.4
650.088	538.8
650.484	549.8
650.902	548
651.32	543.8
651.738	539.8
652.134	545.4
652.552	556
652.971	552.6
653.389	542.6
653.786	559.4
654.204	549.6
654.622	537.6
655.019	541.8
655.438	551.4
655.857	549
656.275	548.6
656.673	536.4
657.091	545.2
657.51	542.2
657.908	552.2
658.327	552.8
658.746	531.2
659.144	543.8
659.563	554
659.982	548.2
660.38	525.6
660.8	542.4
661.219	557.2
661.617	548
662.037	546.2
662.457	547.8
662.855	543.2
663.275	575.8
663.695	544
664.094	542.8
664.514	545.6
664.934	541.2
665.333	536
665.753	539.6
666.152	531.4
666.572	536.6
666.993	553.6
667.392	541.4
667.812	540.6
668.212	545.6
668.632	551.2
669.053	536
669.453	548.2
669.874	538.4
670.273	539.4
670.694	531.4
671.116	552
671.515	544.6
671.937	536
672.337	537.6
672.758	531.8
673.158	545.6
673.58	539.2
673.98	547.4
674.402	552
674.824	542.4
675.224	539.8
675.646	523.8
676.047	534.2
676.469	542
676.869	537.2
677.292	547.4
677.693	541.2
678.115	543
678.516	539.6
678.939	543
679.34	532.2
679.762	553
680.164	539.6
680.586	537.6
680.988	543
681.411	560.8
681.812	544.8
682.236	528
682.637	536.4
683.061	525.2
683.462	545.4
683.864	533.2
684.288	549.6
684.69	531.2
685.114	543.8
685.516	544.8
685.94	531.4
686.342	543.4
686.766	525.6
687.168	537.6
687.571	549.8
687.995	536.6
688.398	540.6
688.822	537.2
689.225	552.4
689.628	551
690.052	532.6
690.456	546.6
690.88	536
691.284	536.4
691.687	536.8
692.112	525.4
692.515	530.4
692.919	531.6
693.344	541.6
693.747	533.4
694.173	536.2
694.577	541.6
694.98	540
695.406	540.2
695.81	535.8
696.214	546.2
696.64	544
697.044	544.8
697.448	551.6
697.874	549.2
698.279	535.8
698.684	531
699.11	544
699.514	536.8
699.919	538.2
700.324	537.4
700.75	543.4
701.156	544.2
701.561	557.6
701.987	547.2
702.393	549.4
702.798	545.4
703.203	543.4
703.63	523.6
704.036	532.2
704.442	535.2
704.847	536
705.274	535.4
705.68	545.2
706.086	548.8
706.492	536.4
706.92	545.4
707.326	550.2
707.732	545.2
708.139	527.8
708.545	531.4
708.973	538.4
709.38	539.6
709.786	524
710.193	546
710.6	546.2
711.028	534.4
711.435	537.8
711.842	541.6
712.249	543.8
712.656	535.8
713.064	543.8
713.492	525
713.9	528.6
714.307	537
714.715	541
715.123	541.2
715.53	538.4
715.938	551.2
716.367	542.8
716.775	538.2
717.184	529.8
717.592	536.4
718	549
718.408	570
718.816	573.8
719.225	540.6
719.633	539.8
720.042	527.6
720.472	535.8
720.881	547.2
721.29	538
721.699	526.8
722.108	538.6
722.517	537.2
722.926	530.2
723.335	536.6
723.744	535
724.154	536.6
724.563	540.8
724.973	526.2
725.382	538
725.792	528.8
726.202	533.2
726.612	555.6
727.022	532.6
727.432	536.6
779.813	531
780.223	573.4
780.634	528.2
781.044	531.4
781.454	532.4
781.865	556.8
782.276	532.2
782.686	550.2
783.097	541.6
783.508	533.2
783.919	542.2
784.33	546.4
784.741	551
785.152	535.6
785.563	526
785.974	533.2
786.386	548.6
786.776	532.8
787.188	532.4
787.599	525.6
788.011	540.4
788.423	536.8
788.835	524.4
789.247	523.6
789.659	530.8
790.071	529.6
790.483	574.4
790.874	529.4
791.286	541.6
791.699	533.4
792.111	534.2
792.524	529.8
792.937	537.6
793.349	522.8
793.741	521.8
794.154	529.6
794.567	549.6
794.98	531.8
795.393	522.8
795.785	549
796.198	523
796.612	540.4
797.026	532.8
797.439	517.8
797.831	521.4
798.245	524.6
798.659	529.8
799.073	530.6
799.487	526
799.88	542.2
800.294	535
800.708	539.2
801.123	545.2
801.516	542
801.93	531.8
802.345	523.8
802.76	534.6
803.153	552
803.568	540
803.983	542.4
804.377	539.4
804.792	527.6
805.207	522.6
805.601	531.4
806.016	567.8
806.432	528.4
806.826	555.4
807.242	542.6
807.658	546.4
808.052	534
808.468	538.6
808.884	531.6
809.279	538.4
809.695	542.2
810.111	554.2
810.506	541.8
810.922	555.4
811.339	530.2
811.734	544.4
812.151	539.6
812.546	530.8
812.963	530
813.38	536.8
813.776	540.2
814.193	547
814.589	530.2
815.006	534
815.402	533
815.82	533.2
816.237	530.8
816.633	538.2
817.051	526.2
817.448	538.2
817.866	527.4
818.262	551.2
818.68	527.2
819.077	535.4
819.495	530.6
819.892	567.8
820.311	530.6
820.708	534.8
821.127	533.2
821.524	541.6
821.943	530.6
822.34	544.2
822.759	531.6
823.157	529.8
823.576	546
823.974	548.2
824.393	553
824.791	535.8
825.189	522.4
825.609	535.2
826.007	540.4
826.427	531.8
826.826	530
827.246	540.6
827.644	525.8
828.043	546.4
828.463	535.8
828.862	541.2
829.261	530.4
829.682	523.6
830.081	533.8
830.502	532.4
830.901	540.4
831.301	543.8
831.722	528.6
832.121	532.2
832.521	535
832.943	538.8
833.342	539
833.742	526
834.164	534.8
834.564	524
834.965	529.4
835.386	531.4
835.787	532.2
836.188	532.4
836.588	530.8
837.01	535.8
837.411	522
837.812	540.4
838.213	537.2
838.636	532.6
839.037	598.6
839.438	539.8
839.84	539
840.263	538
840.664	537.4
841.066	524.4
841.468	534.6
841.891	535.4
842.293	544
842.695	538.6
843.098	543
843.5	532
843.902	545.4
844.326	542.4
844.729	537.6
845.131	544.2
845.534	538.6
845.937	549.8
846.34	549.6
846.764	533
847.167	534.2
847.571	527
847.974	530.6
848.377	531.6
848.781	580.8
849.184	546
849.588	527.8
849.992	531.2
850.396	535.6
850.821	553
851.225	538.8
851.63	532.4
852.034	549.2
852.438	541
852.843	605.8
853.247	531.2
853.652	533.4
854.057	545
854.462	538.2
854.867	538.8
855.272	564.4
855.677	541.6
856.082	523.4
856.487	526.8
856.893	542.6
857.298	529.6
857.704	528
858.11	535.4
858.516	537.2
858.922	537.8
859.328	541.8
859.734	529.4
860.14	541.2
860.525	538.4
860.931	532
861.338	528.8
861.745	530
862.151	532.2
862.558	533.6
862.965	522
863.372	526.8
863.779	523
864.186	543
864.572	525
864.98	552
865.387	562.8
865.795	531.4
866.203	536.6
866.61	529
867.018	531.2
867.405	536.8
867.813	519.2
868.221	521
868.63	527.2
869.038	532.4
869.425	567
869.834	528.2
870.243	523
870.652	526.2
871.039	516.2
871.448	527.2
871.857	528.4
872.266	527.4
872.654	529.8
873.064	528.2
873.473	538.8
873.883	530.6
874.271	524.6
874.681	537.4
875.091	522
875.48	543.6
875.89	548.6
876.3	528.8
876.689	515.4
877.1	531.8
877.51	527.6
877.9	553.4
878.31	533
878.721	558.6
879.111	674
879.522	534.8
879.933	518.2
880.323	521.8
880.734	534.2
881.125	529.2
881.536	529.6
881.948	519.4
882.338	531
882.75	534.6
883.141	534.8
883.553	540.2
883.944	567.2
884.356	539.6
884.769	526.2
885.16	532
885.573	533.4
885.964	528.8
886.377	528.8
886.768	515.4
887.181	528.4
887.573	524.2
887.987	531.2
888.378	534.8
888.792	534.6
889.184	573.8
889.598	518.8
889.99	530.4
890.383	525.6
890.797	528.8
891.19	545.6
891.604	531.2
891.997	525
892.411	533.2
892.805	525
893.198	531.8
893.613	514.8
894.006	523.6
894.421	527.8
894.815	524
895.209	518
895.624	572
896.018	546
896.412	533.4
896.828	535
897.222	539.2
897.617	529.4
898.033	552.4
898.427	527.4
898.822	534
899.239	518.8
899.634	525.6
900.029	548.4
900.424	524.6
900.841	523.2
901.236	537.8
901.632	538.4
902.027	588.2
902.445	535.6
902.841	528.8
903.237	527.4
903.633	549.8
904.05	531.2
904.447	537.4
904.843	538.8
905.24	531.4
905.636	526.4
906.033	531.8
906.451	545.6
906.848	525.2
907.246	532
907.643	534.8
908.04	531.2
908.438	545.4
908.835	538.6
909.254	531.2
909.652	526.2
910.05	533.2
910.448	530.6
910.846	540.2
911.244	521.8
911.643	534.2
912.041	528.6
912.44	542.6
912.839	526.8
913.237	527.6
913.636	524.4
914.035	542.6
914.434	529
914.834	543
915.233	537.2
915.633	527
916.032	524.2
916.432	521.8
916.832	545.6
917.232	532.2
917.632	521.4
918.032	534
918.432	530.6
918.833	531
919.233	522.2
919.634	518.2
920.035	538.6
920.436	529.2
920.837	541.4
921.238	530
921.639	531.8
922.019	535
922.42	535
922.822	538
923.224	535
923.625	523.8
924.027	535.6
924.429	560
924.81	529
925.212	539.6
925.615	532.4
926.017	527.2
926.42	541.4
926.801	530.6
927.204	523.8
927.607	540.6
928.01	551.8
928.413	529.4
928.795	520
929.199	526.6
929.602	520.4
930.006	521
930.388	524.2
930.792	531.6
931.196	529.2
931.579	562.2
931.983	519.8
932.388	575.6
932.771	533
933.176	519.2
933.58	537.8
933.964	542.2
934.369	520.6
934.774	543.6
935.158	534
935.563	528.2
935.947	535.6
936.353	525.8
936.759	528.4
937.143	536
937.549	527
937.934	542.2
938.34	550.8
938.746	529.4
939.131	529.6
939.538	526
939.923	527.4
940.33	524.2
940.716	529.2
941.123	533
941.508	544.2
941.916	547.4
942.302	540.8
942.709	515.4
943.096	520
943.503	535
943.89	535.6
944.298	523.8
944.685	556.6
945.072	527.2
945.48	543.8
945.867	522
946.276	519.4
946.663	548.6
947.051	543
947.46	544
947.848	535.4
948.257	529.2
948.645	531.6
949.033	531.2
949.443	521.6
949.831	568.6
950.22	527.8
950.63	531
951.018	556.2
951.407	533.4
951.796	527
952.207	532.6
952.596	533.2
952.985	520.2
953.375	564.8
953.786	516.4
954.176	523
954.566	534.4
954.956	515
955.367	519.4
955.758	553
956.148	518.6
956.539	531.8
956.929	522
957.341	520.8
957.732	517.6
958.123	528.4
958.515	517.8
958.906	533
959.297	529.2
959.689	530.6
960.102	523.6
960.494	527.6
960.886	524.6
961.278	521
961.67	540.8
962.062	560.6
962.455	526
962.847	515.6
963.24	515.4
963.633	532.2
964.026	511.4
964.419	524.6
964.812	530.6
965.206	515.2
965.599	537.6
965.993	519.8
966.386	525.6
966.78	537
967.174	534.8
967.569	523.2
967.963	512.2
968.357	526.2
968.752	518.2
969.146	522.6
969.541	511.8
969.936	524.2
970.331	523.6
970.705	524.8
971.1	528.2
971.496	531
971.892	517
972.287	520.2
972.683	518
973.079	526.2
973.454	537
973.85	523.4
974.247	530.6
974.643	548.6
975.04	526.8
975.415	531.8
975.812	524.6
976.209	531.4
976.607	518.8
976.982	532.8
977.38	541
977.778	525.2
978.175	521
978.552	527
978.95	530.8
979.348	538.6
979.725	560.6
980.123	518
980.522	514.4
980.899	519.6
981.298	515.2
981.697	524.8
982.075	520.8
982.474	519.8
982.852	522.2
983.251	534.8
983.651	520.4
984.029	531
984.429	520.4
984.808	508.8
985.208	513.2
985.609	518.6
985.987	513.4
986.388	525.4
986.768	535.2
987.168	529
987.548	532.4
987.949	536.6
988.329	539.4
988.731	514
989.111	525.8
989.491	523.4
989.893	532.2
990.273	533
990.676	521
991.057	514.8
991.459	523.2
991.84	526.8
992.221	520.8
992.624	550.2
993.006	521.6
993.388	536.6
993.791	537.8
994.173	532.4
994.576	552.2
994.959	519
995.341	525.2
995.724	530.8
996.128	519.4
996.511	526
996.894	526.6
997.298	516.4
997.681	525.6
998.065	529.8
998.448	516
998.854	539.6
999.237	518.4
999.621	533.2
1000.01	531.2
1000.39	530
1000.8	518.6
1001.18	536.2
1001.56	525.6
1001.95	523.2
1002.33	533.8
1002.72	528.4
1003.13	525.6
1003.51	525
1003.9	527.2
1004.28	534.4
1004.67	519
1005.06	516.8
1005.44	562.6
1005.83	511
1006.21	530.6
1006.6	526.8
1006.99	534.2
1007.37	534.4
1007.76	526.6
1060.12	521.4
1060.51	516.2
1060.89	533
1061.28	525
1061.67	543.4
1062.06	525.2
1062.45	534.2
1062.83	523
1063.22	537.6
1063.61	560.4
1064	534.2
1064.39	534.6
1064.78	529.2
1065.14	539.2
1065.53	532.6
1065.92	531.6
1066.31	521.6
1066.7	538
1067.09	534.2
1067.46	538.8
1067.85	530.4
1068.24	526.6
1068.63	532.4
1069.02	518.8
1069.39	527.6
1069.78	518
1070.17	528.2
1070.57	515.6
1070.93	532
1071.33	519.6
1071.72	533.4
1072.11	525.6
1072.48	528.2
1072.87	526.8
1073.26	531.8
1073.64	528.8
1074.03	514.2
1074.4	524.8
1074.79	527.6
1075.19	530
1075.56	524.8
1075.95	525.4
1076.34	531
1076.72	526.6
1077.11	526.4
1077.48	536.2
1077.88	529.4
1078.25	527
1078.64	535.6
1079.02	524.2
1079.41	524.8
1079.78	529.4
1080.18	522.4
1080.55	573.8
1080.95	518.8
1081.32	526.2
1081.72	531.8
1082.09	528.6
1082.49	520.8
1082.86	526.4
1083.24	518
1083.63	526.8
1084.01	525.2
1084.38	526.4
1084.78	515.6
1085.16	530.8
1085.55	531.4
1085.93	531.8
1086.31	523.2
1086.7	556
1087.08	526.6
1087.46	530.8
1087.83	511.4
1088.23	524.4
1088.61	528.4
1088.99	522.2
1089.36	514.2
1089.76	524.2
1090.14	528
1090.52	529.6
1090.9	522
1091.27	536.8
1091.67	547.8
1092.05	536
1092.43	522.2
1092.81	531.2
1093.19	539.2
1093.57	523.6
1093.95	516
1094.35	535.6
1094.73	526
1095.11	517
1095.49	522.6
1095.87	521.2
1096.25	535.8
1096.63	533.2
1097.01	523
1097.39	525.2
1097.77	522.6
1098.15	530
1098.53	518.8
1098.91	522
1099.29	522.2
1099.68	529.6
1100.06	528.4
1100.44	524.8
1100.82	522.4
1101.18	529.4
1101.56	520.8
1101.95	511.6
1102.33	521.8
1102.71	521.4
1103.1	513.6
1103.48	512.4
1103.86	512
1104.22	521.8
1104.61	519
1104.99	514
1105.38	516.6
1105.76	522.6
1106.12	514
1106.51	538.4
1106.89	533.2
1107.26	519.8
1107.64	523.4
1108.03	522.8
1108.41	521.6
1108.78	521.4
1109.16	518.4
1109.55	531.4
1109.91	521
1110.3	514
1110.69	543.6
1111.05	519.2
1111.44	529.2
1111.8	526
1112.19	528.8
1112.58	521.8
1112.94	514
1113.33	516.2
1113.7	518.2
1114.09	516.6
1114.45	513.2
1114.84	519.2
1115.21	529.4
1115.6	516.8
1115.96	527.4
1116.35	529
1116.72	517.8
1117.11	530.6
1117.48	518.4
1117.85	511.4
1118.24	533.8
1118.6	518
1118.99	513
1119.36	525.6
1119.73	528.4
1120.12	521.6
1120.49	510
1120.86	531.4
1121.25	522.6
1121.62	519.8
1121.99	517
1122.38	529.4
1122.76	521
1123.13	506.6
1123.5	518.4
1123.89	534.6
1124.26	513.6
1124.63	519
1125	520.6
1125.4	512
1125.77	514
1126.14	504.4
1126.51	508
1126.88	521.8
1127.26	515.4
1127.63	512.6
1128.02	522.8
1128.4	518.6
1128.77	519
1129.14	520.6
1129.52	525.2
1129.89	520.2
1130.26	514.2
1130.64	512
1131.01	517.2
