#lambda/nm	C1
208.295	466.8
208.67	436.6
209.045	397
209.419	403.4
209.794	564.2
210.169	551
210.544	671.8
210.919	565.2
211.295	557.6
211.67	572
212.045	569.8
212.421	566.8
212.796	597.8
213.172	570.6
213.547	562.6
213.923	560.2
214.299	560.2
214.675	580
215.051	572.2
215.427	575.2
215.803	589.6
216.179	570.8
216.555	561.4
216.932	573.4
217.308	569.4
217.684	561
218.061	570.4
218.438	566.6
218.814	563.2
219.191	588.8
219.568	555.6
219.945	565.2
220.322	578.4
220.699	574.6
221.076	577.6
221.453	579.8
221.83	558.2
222.208	560
222.585	568.8
222.962	564.8
223.34	577.4
223.717	565.8
224.095	570.8
224.473	572.8
224.851	562
225.229	554.2
225.607	583.6
225.985	559.6
226.363	568.6
226.741	574
227.119	554.8
227.497	583.8
227.876	560.8
228.254	579
228.633	572
229.011	574
229.39	572.8
229.769	573
230.148	574.4
230.527	586.6
230.905	576.8
231.284	575.8
231.664	556.6
232.043	581.4
232.422	575.6
232.801	552.8
233.181	573.6
233.56	568.6
233.94	567.8
234.319	554.6
234.699	575.8
235.079	600.6
235.458	607.6
235.838	585.6
236.218	558.2
236.598	565
236.978	561
237.358	569.2
237.738	561.2
238.119	570.2
238.499	560.4
238.88	569
239.26	590.4
239.641	556.4
240.021	559.2
240.402	575.6
240.783	567.2
241.163	565.8
241.544	576.4
241.925	563.4
242.306	567.2
242.687	568.8
243.069	561.2
243.45	578.2
243.831	562
244.212	567.4
244.594	602.4
244.975	582.4
245.357	574
245.739	558.2
246.12	568.8
246.502	569.2
246.884	563.4
247.266	563.8
247.648	572.2
248.03	584.8
248.412	567.2
248.794	563
249.176	558
249.559	569.8
249.941	559.6
250.323	556
250.706	557.8
251.089	561.8
251.471	566.8
251.854	565.4
252.237	560.2
252.62	574.8
253.002	560.4
253.385	565
253.769	573.8
254.152	570
254.535	580.4
254.918	558.6
255.301	564.4
255.685	566.6
256.068	549.8
256.452	586.2
256.835	582.4
257.219	576.4
257.603	578
257.986	556.2
258.37	566
258.754	557.6
259.138	574.6
259.522	578.6
259.906	566.4
260.29	569.4
260.675	569
261.059	567.8
261.443	557.2
261.828	573
262.212	573
262.597	552.2
262.981	564.6
263.366	574.4
263.751	573
264.136	567.8
264.521	564.8
264.906	561
265.291	572
265.676	570.2
266.061	578.2
266.446	582.8
266.831	578.2
267.217	589.4
267.602	574
267.987	577.2
268.373	563.4
268.759	577.8
269.144	574.8
269.53	566.4
269.916	564.8
270.302	565.2
270.688	575.6
271.074	579.6
271.46	577.4
271.846	596
272.232	570.2
272.618	558
273.004	564
273.391	571.8
273.777	583.6
274.164	573.6
274.55	586.6
274.937	578
275.324	565.8
275.71	573.2
276.097	578.8
276.484	565.6
276.871	570.6
277.258	571.6
277.645	556.6
278.032	569.2
278.419	564.4
278.807	578
279.194	562
279.581	562.6
279.969	578.6
280.356	570.4
280.744	574.6
281.131	593.8
281.519	575.4
281.907	566
282.295	571.4
282.682	579.2
283.07	570.2
283.458	572.4
283.846	577.4
284.235	577.4
284.623	570.2
285.011	561.6
285.399	570.8
285.788	571
286.176	556.8
286.565	578.4
286.953	557.4
287.342	566.8
287.731	560.6
288.119	560.4
288.508	568.6
288.897	573.4
289.286	546.6
289.675	563.8
290.064	573
290.453	558
290.821	562
291.21	579
291.599	562.4
291.989	570
292.378	577.8
292.768	588.4
293.157	575.2
293.547	567.8
293.936	562.4
294.326	565.2
294.716	571.2
295.106	565.2
295.496	564
295.886	569
296.276	567
296.666	564.6
297.056	566.4
297.446	560.2
297.836	585.6
298.227	564.8
298.617	566.8
299.008	578.2
299.398	560.4
299.789	562.8
300.179	576.6
300.57	576
300.961	567
301.352	561
301.742	574
302.133	576.2
302.524	563.8
302.915	567.6
303.307	560.6
303.698	578.4
304.089	576.6
304.48	571
304.872	574.6
305.263	575.6
305.655	561
306.046	568.2
306.438	577.2
306.829	570.6
307.221	577.2
307.613	578
308.005	579.4
308.397	581.8
308.789	590.2
309.181	588.2
309.573	586
309.965	587
310.357	568
310.749	571
311.142	558.2
311.534	565.2
311.926	578.6
312.319	569.6
312.711	565.6
313.104	581.8
313.497	566.8
313.889	604.4
314.282	583.6
314.675	590.2
315.068	570.6
315.461	572.6
315.854	595.8
316.247	573.8
316.64	563.2
317.033	567.4
317.405	577.8
317.798	570.4
318.192	574.4
318.585	563.8
318.979	572.4
319.372	563.8
319.766	564
320.16	576.4
320.553	584.4
320.947	589.8
321.341	569.6
321.735	566.8
322.129	561.8
322.523	589.6
322.917	563.4
323.311	580.6
323.705	563
324.099	575.8
324.494	582
324.888	585.6
325.282	564
325.677	582.6
326.071	579.6
326.466	584.4
326.861	567.6
327.255	583.6
327.65	577.6
328.045	594.6
328.44	576.2
328.835	570.6
329.23	571
329.625	594.2
330.02	566.4
330.415	590.8
330.81	575.6
331.206	574.4
331.601	563
331.996	575.4
332.37	602.4
332.766	563.4
333.161	587.8
333.557	570.2
333.953	570.2
334.348	858.6
334.744	571.8
335.14	563.8
335.536	559.2
335.932	578
336.328	570.6
336.724	582.4
337.12	571.6
337.516	578
337.913	569
338.309	576.8
338.705	569.8
339.102	574.4
339.498	556.8
339.895	588.2
340.291	560.4
340.688	569
341.085	566.6
341.481	561.2
341.878	563
342.275	584.2
342.672	566.6
343.069	565.6
343.466	563
343.842	580.2
344.239	561.8
344.636	572.2
345.033	551.6
345.431	558.8
345.828	562
346.225	555.6
346.623	601.6
347.02	555.6
347.418	572
347.816	578.6
348.213	551.6
348.611	560.6
349.009	556.8
349.407	578.4
349.805	548.4
350.203	554.4
350.601	571.2
350.999	563.2
351.397	622.6
351.795	564.8
352.193	574.2
352.57	575.2
352.969	579.2
353.367	551.4
353.766	545.4
354.164	566
354.563	577.8
354.961	565.4
355.36	564.6
355.759	565.6
356.158	564.6
356.557	561.2
356.956	559.2
357.355	556.4
357.754	566.2
358.153	567.4
358.552	583.6
358.951	565.4
359.35	568.8
359.75	560.2
360.149	553.2
360.527	549.6
360.926	552.2
361.326	559.6
361.726	567.4
362.125	557.6
362.525	568.8
362.925	561
363.325	559.6
363.724	567.8
364.124	553.2
364.524	559.2
364.924	565.4
365.324	575.8
365.725	553.8
366.125	569.6
366.525	571.6
366.904	555.4
367.304	551
367.705	582
368.105	569.8
368.506	555.4
368.906	554
369.307	565.4
369.708	569.8
370.108	549.4
370.509	572.8
370.91	557.2
371.311	565
371.712	565.2
372.113	559.6
372.514	559.6
372.894	553
373.295	551.8
373.696	578.6
374.097	564.8
374.499	582
374.9	561
375.301	557.4
375.703	566.6
376.105	550.2
376.506	565.6
376.908	571
377.309	558.2
377.711	559.2
378.113	555.8
378.493	554.4
378.895	556.6
379.297	575.8
379.699	555.4
380.102	566.6
380.504	561
380.906	551.8
381.308	581.8
381.71	559.4
382.113	571.4
382.515	568.8
382.918	561.2
383.299	560.4
383.701	564.2
384.104	556.2
384.507	537.2
384.909	555.4
385.312	547
385.715	552.4
386.118	560.2
386.521	550
386.924	571.6
387.327	552.4
387.709	548.6
388.112	542.2
388.515	555.2
388.918	551.2
389.322	566.6
389.725	550.2
390.129	577.6
390.532	564.6
390.936	564
391.339	551.6
391.743	559
392.125	552.6
392.529	561
392.933	569.2
393.337	556.6
393.74	558.8
394.144	565.2
394.548	557.6
394.953	554.6
395.357	570.8
395.761	553.4
396.144	563.2
396.548	550.4
396.952	560
397.357	559.4
397.761	552.6
398.166	550.6
398.57	554.4
398.975	547
399.379	561.6
399.763	607.4
400.168	562.2
400.572	556.4
400.977	559.8
401.382	577.6
401.787	567.4
402.192	575.6
402.597	575.8
403.002	545.6
403.386	568
403.791	578.2
404.197	553
404.602	560.4
405.007	558.6
405.413	556.2
405.818	561.2
406.224	548.8
406.608	557
407.014	559.4
407.42	577.8
407.825	559.4
408.231	579.6
408.637	560
409.043	574.2
409.449	553.8
409.834	561.4
410.24	559
410.646	573.4
411.052	570.6
411.458	559.6
411.865	558
412.271	571.6
412.677	562.4
413.062	560.8
413.469	546.8
413.875	585.2
414.282	569.8
414.689	569
415.095	567.4
415.502	553.2
415.888	557.6
416.294	544.4
416.701	594.8
417.108	557
417.515	568.8
417.923	560
418.33	583.2
418.715	567.2
419.123	562.4
419.53	550.4
419.937	560.6
420.345	578.8
420.752	554
421.16	577.2
421.546	557.6
421.953	565.4
422.361	547.6
422.769	563.4
423.177	561
423.585	581.4
423.992	579.4
424.379	572.6
424.787	575
425.195	574.2
425.603	560.4
426.011	565.8
426.419	575.8
426.806	557.4
427.214	568.6
427.623	566
428.031	580.2
428.44	568.2
428.848	576
429.235	568.8
429.644	569.4
430.053	566.6
430.461	574
430.87	584
431.279	576.2
431.666	557.6
432.075	557.8
432.484	568.6
432.893	565.8
433.302	582.4
433.711	597.6
434.099	564
434.508	561.4
434.918	559.2
435.327	564.2
435.737	566.4
436.125	571.4
436.534	563.6
436.944	564.8
437.353	562.2
437.763	576.4
438.173	556
438.561	578.6
438.971	551.4
439.381	561
439.791	568.8
440.201	545.8
440.589	556.6
440.999	560.4
441.409	568
441.819	534.2
442.23	556.6
442.619	567.4
443.029	551
443.439	556.4
443.85	563
444.26	566.6
444.649	558.2
445.06	549.8
445.471	553.6
445.881	558.2
446.292	567.8
446.682	575.2
447.092	547.8
447.503	603.4
447.914	559
448.325	558
448.715	555.2
449.126	546
449.537	550.6
449.948	553.8
450.338	554.8
450.75	562.6
451.161	557
451.572	562.8
451.984	559
452.374	552.6
452.786	563.2
453.197	559.6
453.609	564.2
453.999	552
454.411	547.8
454.823	568.6
455.235	561
455.647	553.2
456.037	557.6
456.449	547.8
456.862	557.8
457.274	549.2
457.665	552.6
458.077	555
458.489	592.8
458.902	559.4
459.293	558
459.705	559
460.118	548.4
460.53	554.8
460.921	555.2
461.334	554
461.747	565.6
462.16	561.8
462.551	573.6
462.964	561.4
463.377	541.4
463.79	558.6
464.182	568.6
464.595	548.2
465.008	563.4
465.421	557.4
465.813	559.6
466.226	565
466.64	551.8
467.053	600.2
467.445	561.6
467.859	569.6
468.272	561.8
468.686	568.8
469.078	558.6
469.492	539.8
469.906	558.4
470.298	566.2
470.712	545.8
471.126	569.8
471.54	548.4
471.933	548.8
472.347	558
472.761	550.8
473.175	540
473.568	551.4
473.982	537.6
474.397	552.2
474.79	562
475.204	564.8
475.619	558.2
476.033	561.6
476.426	550.6
476.841	549.8
477.256	572.4
477.649	548.2
478.064	540.4
478.479	553.8
478.872	548.2
479.287	539.6
479.702	539.4
480.118	551
480.511	557
480.927	544.6
481.342	549.6
481.736	546.2
482.151	544.6
482.566	562
482.96	549
483.376	560.4
483.792	550.2
484.186	552.2
484.602	556.6
485.017	552.6
485.412	546
485.827	554
486.243	550
486.638	568.4
487.054	557.2
487.47	567.4
487.865	552
488.281	548.8
488.697	538.4
489.092	547
489.508	538
489.925	551.8
490.32	543.6
490.736	551.6
491.153	555
491.548	553.8
491.964	564
492.381	539.6
492.776	553
493.193	541.4
493.61	556
494.006	548.8
494.422	565
494.84	544.8
495.235	557.2
495.652	552.4
496.069	550
496.465	546.2
496.883	554.4
497.3	573.2
497.696	548
498.113	558.2
498.509	542.2
498.927	540.8
499.344	549.8
499.741	549
500.158	557.2
500.576	561
500.973	549.4
501.39	545.6
501.787	542
502.205	557.2
502.623	545.2
503.02	544.2
503.438	547.8
503.856	550
504.253	556.6
504.671	559.4
505.068	548
505.486	556.2
505.905	569
506.302	554
506.72	554.6
507.118	537.6
507.536	546.2
507.955	551.2
508.352	550
508.771	562.8
509.169	556.8
509.587	542.2
510.006	552.8
510.404	534.8
510.823	545.4
511.221	550.8
511.64	545.4
512.038	563.6
512.457	545.8
512.877	549
513.275	542.8
513.694	548.4
514.092	542
514.512	560
514.91	555.6
515.33	547.4
515.749	553.8
516.148	549.8
516.568	558.4
516.966	550.6
517.386	553.6
517.785	555.4
518.205	548.8
518.603	551.2
519.024	535.8
519.444	547
519.843	551.8
520.263	555.4
520.662	553.6
521.082	554.8
521.481	550.8
521.902	546.6
522.301	553
522.722	545.6
523.121	553.6
523.542	538.2
523.963	555
524.362	542.8
524.783	548.4
525.183	553.4
525.604	552.8
526.003	539.2
526.425	542.4
526.824	554.4
527.246	560
527.646	559.2
528.067	555
528.467	545.8
528.888	550.2
529.289	547
529.71	545.2
530.11	546.4
530.532	550
530.932	540.4
531.354	535.8
531.755	575.8
532.176	561.2
532.577	551.6
532.999	550
533.4	549
533.822	553.6
534.223	558.2
534.645	543.8
535.046	553.8
535.468	549.4
535.869	562.8
536.292	547.4
536.693	573.4
537.115	556.6
537.516	546.4
537.939	540
538.34	566
538.742	557.8
539.165	545.8
539.566	544.8
539.989	534.4
540.391	542.8
540.814	537.2
541.216	539
541.639	542.2
542.041	544.4
542.464	536.4
542.866	533.4
543.268	531.4
543.691	545.4
544.093	556
544.517	561.8
544.919	535
545.343	565.4
545.745	535.4
546.147	550.4
546.571	544.6
546.974	543.8
547.398	547.4
547.8	557.8
548.224	540.6
548.627	532.2
549.03	551.4
549.454	539.4
549.857	533.4
550.281	538.6
550.684	538.4
551.087	559
551.512	554
551.915	557.8
552.34	549
552.743	546.2
553.146	548.6
553.571	542.2
553.975	572.4
554.399	537.8
554.803	595
555.207	548
555.632	539.6
556.036	551.8
556.461	539.4
556.865	559
557.268	545
557.694	557
558.098	560
558.502	552.2
558.927	545.6
559.332	555.4
559.736	550.2
560.162	555.6
560.566	553.6
560.992	556.4
561.396	548.6
561.801	561.2
562.227	551.2
562.631	547.8
563.036	554.2
563.462	557.2
563.867	547.8
564.272	533.6
564.698	555
565.103	545
565.508	566.4
565.935	551
566.34	554
566.745	558.6
567.172	551.4
567.577	572
567.982	569.6
568.409	556.2
568.815	545.8
569.22	552.8
569.626	561.6
570.053	538.6
570.459	553.8
570.865	563.6
571.292	560.6
571.698	556.2
572.104	536.2
572.531	548
572.937	561.2
573.343	542.8
573.75	546.6
574.177	549.2
574.583	550.2
574.99	542.4
575.396	556.2
575.824	551
576.231	558.2
576.637	548.6
577.065	574
577.472	541.8
577.879	550.6
578.286	562.6
578.714	539.8
579.121	540.8
579.528	551.4
579.935	555.2
580.364	542.8
580.771	531.6
581.178	532.4
581.585	550.4
582.014	552.2
582.421	543.4
582.829	541.6
583.236	550.2
583.644	536.2
584.073	541.6
584.481	542.6
584.889	541.4
585.296	552.6
585.726	537.6
586.134	529.4
586.542	538.2
586.95	567
587.358	536
587.787	550.6
588.196	545.6
588.604	541.2
589.012	544.6
589.421	537
589.851	542.4
590.259	546.2
590.668	535
591.076	581
591.485	537.8
591.894	546.6
592.324	560.4
592.733	559.2
593.142	536
593.551	545.2
593.96	575.6
594.369	536.6
594.8	531.6
595.209	545.4
595.618	543.2
596.028	548.4
596.437	534.2
596.847	544.4
597.256	541.4
597.687	542.2
598.097	545
598.507	533.6
598.917	551
599.327	544.2
599.736	545.8
600.146	547.4
600.556	549.6
600.988	563.4
601.398	540.8
601.808	560
602.219	536
602.629	550.2
603.039	554
603.45	568.4
603.86	547
604.271	558.4
604.703	549.4
605.114	544.4
605.525	551.8
605.935	554
606.346	571.2
606.757	557
607.168	547.4
607.579	544.8
607.99	555
608.402	549.8
608.813	554.4
609.224	546.8
609.636	540
610.047	543.6
610.48	546
610.892	559.2
611.303	555.6
611.715	543.2
612.127	539.8
612.539	553
612.95	541.8
613.362	541.8
613.774	536.6
614.186	539.2
614.599	543.4
615.011	551
615.423	551
615.835	545
616.248	536
616.66	549
617.073	537
617.485	542.6
617.898	551
618.311	549.8
618.723	542.4
619.136	582.2
619.549	562.6
619.962	573.8
620.375	542.6
620.788	549.2
621.201	542.6
621.614	550.8
622.028	547.6
622.441	551.2
622.854	571.6
623.268	548.2
623.681	551.6
624.095	546.8
624.509	556.4
624.922	552
625.336	550.6
625.728	558.2
626.142	560
626.556	561.4
626.97	569.8
627.384	546.6
627.799	547
628.213	560.8
628.627	554.8
629.041	542.8
629.456	550.2
629.87	554
630.285	547.6
630.699	565.4
631.093	553.2
631.507	548.4
631.922	552.2
632.337	566.8
632.752	538.6
633.167	554.8
633.582	549.6
633.997	550.2
634.412	537.8
634.806	549.2
635.221	540.8
635.637	555.2
636.052	534.4
636.468	542.6
636.883	559.6
637.299	533.8
637.715	531.4
638.109	541.6
638.525	535
638.941	553.2
639.357	542
639.773	547
640.189	538.6
640.584	542.4
641	550.8
641.416	541
641.832	541.6
642.249	541.8
642.665	542.8
643.06	548
643.477	548.6
643.894	532.4
644.31	546.2
644.727	542.6
645.123	551.8
645.54	537
645.957	544.6
646.374	561
646.77	556.8
647.187	575
647.604	542.6
648.021	531.4
648.439	538
648.835	551.8
649.252	548
649.67	547.2
650.088	546.4
650.484	545
650.902	541.4
651.32	547.6
651.738	544
652.134	552.4
652.552	561.6
652.971	556.4
653.389	548.2
653.786	560.8
654.204	567.4
654.622	535.6
655.019	547.8
655.438	538
655.857	538.4
656.275	551.4
656.673	539.6
657.091	552.8
657.51	541.8
657.908	547.4
658.327	553
658.746	535.2
659.144	540.8
659.563	553
659.982	545.2
660.38	532.8
660.8	550.6
661.219	549.8
661.617	550.2
662.037	541.6
662.457	558.4
662.855	523.8
663.275	568.2
663.695	544.2
664.094	537
664.514	546
664.934	538.8
665.333	552
665.753	533.4
666.152	532.2
666.572	536.4
666.993	553
667.392	543
667.812	530.2
668.212	542.8
668.632	549.2
669.053	540
669.453	551
669.874	546.4
670.273	550.4
670.694	540
671.116	551
671.515	553.8
671.937	548
672.337	530.2
672.758	535.8
673.158	551.6
673.58	543.2
673.98	544.2
674.402	552.8
674.824	540
675.224	533.6
675.646	536.4
676.047	535.2
676.469	537
676.869	548
677.292	544.8
677.693	532.8
678.115	535.8
678.516	534.4
678.939	544.6
679.34	537.4
679.762	543.4
680.164	546.6
680.586	536.4
680.988	538.8
681.411	553
681.812	542.8
682.236	533
682.637	536.6
683.061	526.2
683.462	535.8
683.864	534.4
684.288	543.2
684.69	534.2
685.114	550.4
685.516	550.4
685.94	535.2
686.342	551.6
686.766	536.2
687.168	540.2
687.571	550.4
687.995	536
688.398	529.6
688.822	537
689.225	558.8
689.628	563.2
690.052	540.4
690.456	546
690.88	533.4
691.284	528.8
691.687	542.6
692.112	531.2
692.515	533.4
692.919	542.4
693.344	534
693.747	532.6
694.173	528.6
694.577	552.6
694.98	534.8
695.406	535.8
695.81	535.4
696.214	539.6
696.64	540.2
697.044	543.6
697.448	556
697.874	541
698.279	549.8
698.684	530
699.11	539.6
699.514	537.8
699.919	539.8
700.324	539
700.75	548
701.156	534
701.561	542.6
701.987	542.8
702.393	548.8
702.798	548.4
703.203	534.2
703.63	531.6
704.036	537
704.442	543.8
704.847	535.6
705.274	543.4
705.68	538.8
706.086	537.6
706.492	535.2
706.92	540.8
707.326	548.2
707.732	536.2
708.139	532.2
708.545	531.6
708.973	534.6
709.38	541.4
709.786	518
710.193	553.4
710.6	546.8
711.028	540.6
711.435	530.8
711.842	542.8
712.249	533.4
712.656	529.4
713.064	546.8
713.492	533.8
713.9	534
714.307	548.2
714.715	544
715.123	542.4
715.53	546.2
715.938	548.6
716.367	545
716.775	543
717.184	534.2
717.592	535.6
718	550.4
718.408	571.2
718.816	577.8
719.225	550.8
719.633	536.4
720.042	526.2
720.472	535.8
720.881	563.4
721.29	542.8
721.699	528.8
722.108	546
722.517	540.6
722.926	529.6
723.335	552.2
723.744	540.2
724.154	531
724.563	532.8
724.973	543
725.382	537.6
725.792	545.8
726.202	535.2
726.612	549.4
727.022	540.6
727.432	549.8
779.813	535.4
780.223	573.2
780.634	531.8
781.044	531.2
781.454	541.6
781.865	552.2
782.276	527.2
782.686	554.8
783.097	529
783.508	536.6
783.919	537.4
784.33	540.4
784.741	539.4
785.152	529.8
785.563	522
785.974	525
786.386	540
786.776	526
787.188	533.6
787.599	523.6
788.011	538.2
788.423	536.6
788.835	532.6
789.247	522.6
789.659	524.8
790.071	532.4
790.483	571.4
790.874	529.8
791.286	538.8
791.699	537.8
792.111	532.6
792.524	541
792.937	530.4
793.349	527.2
793.741	530.8
794.154	539
794.567	555.2
794.98	531.4
795.393	526.8
795.785	554
796.198	532.2
796.612	540.8
797.026	526
797.439	520.2
797.831	529.6
798.245	525.8
798.659	529
799.073	529.4
799.487	528.6
799.88	537
800.294	538.2
800.708	541.2
801.123	544
801.516	550.8
801.93	529.6
802.345	525.6
802.76	538.8
803.153	540.2
803.568	548
803.983	543
804.377	536.4
804.792	525
805.207	521.6
805.601	533.4
806.016	564.4
806.432	525.6
806.826	561
807.242	538.6
807.658	539.4
808.052	538.2
808.468	528
808.884	528.6
809.279	534.8
809.695	550.4
810.111	551.8
810.506	548
810.922	544.4
811.339	530.6
811.734	535.2
812.151	530.2
812.546	524
812.963	529.6
813.38	539.8
813.776	541.6
814.193	556
814.589	521.8
815.006	527.2
815.402	528.2
815.82	525.6
816.237	530.2
816.633	537.2
817.051	527.8
817.448	533
817.866	528.8
818.262	551.8
818.68	532.8
819.077	533.4
819.495	534.2
819.892	569.8
820.311	528.6
820.708	540.8
821.127	524.6
821.524	545.6
821.943	539.4
822.34	550.4
822.759	537.2
823.157	535.4
823.576	549.2
823.974	538
824.393	556
824.791	531.6
825.189	534.6
825.609	529.2
826.007	534.6
826.427	521
826.826	525.2
827.246	538
827.644	524.6
828.043	538
828.463	532.6
828.862	535.4
829.261	539
829.682	523.6
830.081	537.2
830.502	528.2
830.901	533.6
831.301	544.4
831.722	517.8
832.121	539.8
832.521	523.4
832.943	534
833.342	536.8
833.742	512.8
834.164	534.6
834.564	518.8
834.965	539.8
835.386	530.2
835.787	526.4
836.188	531.8
836.588	536.2
837.01	525
837.411	520.6
837.812	542.6
838.213	532.8
838.636	531
839.037	604.8
839.438	534.4
839.84	532
840.263	541.6
840.664	544.6
841.066	535.4
841.468	534.8
841.891	531.6
842.293	555.2
842.695	540.4
843.098	539
843.5	536.2
843.902	537.4
844.326	541.6
844.729	531.6
845.131	537.6
845.534	525.2
845.937	545.6
846.34	547.8
846.764	528.2
847.167	535.4
847.571	531.8
847.974	536
848.377	531.6
848.781	572.4
849.184	537.2
849.588	532.6
849.992	535.2
850.396	542.6
850.821	553.8
851.225	540.6
851.63	529.2
852.034	545.6
852.438	535
852.843	568.2
853.247	527.6
853.652	523.2
854.057	548.2
854.462	534.8
854.867	541.8
855.272	559
855.677	539
856.082	530
856.487	525
856.893	539.2
857.298	526.6
857.704	534.4
858.11	537.8
858.516	548
858.922	532.6
859.328	540.2
859.734	536
860.14	545.6
860.525	534.8
860.931	521.4
861.338	536.4
861.745	535.6
862.151	549.4
862.558	535
862.965	538.6
863.372	530.6
863.779	519.4
864.186	552.2
864.572	535.4
864.98	546.4
865.387	567.2
865.795	531.2
866.203	545.6
866.61	523.6
867.018	535
867.405	531.8
867.813	522.2
868.221	529.2
868.63	527.2
869.038	543
869.425	570.4
869.834	530.8
870.243	526.6
870.652	526.6
871.039	536
871.448	535.6
871.857	532.8
872.266	532.4
872.654	535
873.064	529.4
873.473	540
873.883	526.2
874.271	530.4
874.681	536
875.091	520
875.48	542.4
875.89	550.8
876.3	533.2
876.689	524.8
877.1	529
877.51	532.8
877.9	550.6
878.31	526.2
878.721	562.2
879.111	672.8
879.522	529.8
879.933	522.2
880.323	518.4
880.734	526.2
881.125	527
881.536	518.4
881.948	518.2
882.338	522.6
882.75	535.8
883.141	529.8
883.553	531.8
883.944	544
884.356	531.2
884.769	519.4
885.16	527
885.573	529.4
885.964	518.2
886.377	527
886.768	529.6
887.181	529.4
887.573	520
887.987	529.4
888.378	540.2
888.792	529.8
889.184	575.6
889.598	522.4
889.99	526.8
890.383	531.4
890.797	526.2
891.19	537.8
891.604	522.4
891.997	520
892.411	527.4
892.805	527.8
893.198	532
893.613	519.8
894.006	531.2
894.421	524.8
894.815	531.8
895.209	531.8
895.624	570
896.018	550
896.412	522.6
896.828	526.6
897.222	539.8
897.617	524.2
898.033	546.8
898.427	526
898.822	529.2
899.239	518.2
899.634	524.6
900.029	545.2
900.424	520.8
900.841	523
901.236	543.4
901.632	536.4
902.027	587.8
902.445	534
902.841	529
903.237	529.2
903.633	549.6
904.05	536.8
904.447	537.4
904.843	534.8
905.24	524.8
905.636	518.8
906.033	520.8
906.451	540.2
906.848	522.4
907.246	525.6
907.643	530.8
908.04	529.2
908.438	542
908.835	536.2
909.254	531.4
909.652	532.6
910.05	536.4
910.448	525.6
910.846	534.4
911.244	526.6
911.643	528.4
912.041	527.4
912.44	547.8
912.839	517
913.237	531.6
913.636	524.8
914.035	534.6
914.434	519.2
914.834	541.2
915.233	536.4
915.633	529.6
916.032	527.2
916.432	533.6
916.832	546.2
917.232	532.6
917.632	519.6
918.032	528
918.432	530.8
918.833	530.4
919.233	518.6
919.634	519.4
920.035	534
920.436	524.4
920.837	528.6
921.238	523.6
921.639	529.8
922.019	527.2
922.42	534.8
922.822	536.4
923.224	533
923.625	525.8
924.027	528.8
924.429	547.6
924.81	525.6
925.212	532.2
925.615	528.2
926.017	523.6
926.42	543.6
926.801	530.6
927.204	528.8
927.607	535
928.01	542.2
928.413	534.2
928.795	524.8
929.199	528.8
929.602	521.2
930.006	519.6
930.388	522.8
930.792	535
931.196	529.4
931.579	561.6
931.983	527.6
932.388	580.8
932.771	529.4
933.176	523.8
933.58	525.8
933.964	533.6
934.369	523.2
934.774	525.4
935.158	524
935.563	531.6
935.947	535.6
936.353	533.2
936.759	525.2
937.143	535.8
937.549	526.8
937.934	548.8
938.34	538.6
938.746	514.4
939.131	526.4
939.538	527.2
939.923	535.4
940.33	521.6
940.716	531
941.123	534.6
941.508	528.8
941.916	549.8
942.302	531.8
942.709	518.8
943.096	530.2
943.503	535
943.89	531.8
944.298	520.4
944.685	551.6
945.072	526.6
945.48	538
945.867	526.4
946.276	524.2
946.663	552.4
947.051	549.2
947.46	540.6
947.848	534.2
948.257	532.8
948.645	523.8
949.033	526
949.443	521.2
949.831	568.2
950.22	520.8
950.63	531.8
951.018	554.2
951.407	529.8
951.796	521.8
952.207	530.8
952.596	532.8
952.985	523
953.375	565.8
953.786	531.6
954.176	518.2
954.566	539.6
954.956	513
955.367	532
955.758	547.6
956.148	526.8
956.539	542.6
956.929	521.6
957.341	515.2
957.732	518.4
958.123	535.6
958.515	517.6
958.906	526
959.297	527.2
959.689	525
960.102	522.8
960.494	529
960.886	524.8
961.278	531.2
961.67	554
962.062	570
962.455	531.8
962.847	521.6
963.24	527
963.633	530.4
964.026	520
964.419	538
964.812	534.4
965.206	523.8
965.599	535
965.993	537.6
966.386	528.4
966.78	537
967.174	537
967.569	529
967.963	520.8
968.357	516.8
968.752	530.4
969.146	522
969.541	528.6
969.936	528.8
970.331	531.2
970.705	528.8
971.1	519.2
971.496	522.4
971.892	511.2
972.287	520
972.683	530.4
973.079	518.4
973.454	540.2
973.85	528.4
974.247	536.6
974.643	547
975.04	530.8
975.415	520.4
975.812	520.8
976.209	533.4
976.607	511.2
976.982	533.4
977.38	531.2
977.778	529.2
978.175	531
978.552	522.6
978.95	535.2
979.348	525
979.725	564.8
980.123	526.2
980.522	515.8
980.899	526.8
981.298	523
981.697	529.4
982.075	530.8
982.474	521.8
982.852	525
983.251	531.4
983.651	526.8
984.029	532.4
984.429	526
984.808	514
985.208	527.8
985.609	518.4
985.987	519.2
986.388	521.6
986.768	523.8
987.168	528.4
987.548	530.4
987.949	533.4
988.329	535
988.731	518
989.111	532
989.491	524.4
989.893	523.4
990.273	537.4
990.676	516.6
991.057	518.2
991.459	525.4
991.84	522.4
992.221	512.4
992.624	544.4
993.006	533.8
993.388	522.8
993.791	527
994.173	528
994.576	547
994.959	514.2
995.341	522.4
995.724	526.4
996.128	530
996.511	527.4
996.894	517.4
997.298	518.8
997.681	531.4
998.065	526.2
998.448	527.4
998.854	537
999.237	523.2
999.621	542
1000.01	546.2
1000.39	530.4
1000.8	521.8
1001.18	537
1001.56	537.6
1001.95	536
1002.33	524.2
1002.72	526.6
1003.13	530.6
1003.51	522.2
1003.9	525
1004.28	549.4
1004.67	531.6
1005.06	530.6
1005.44	563.2
1005.83	514
1006.21	521.8
1006.6	524.8
1006.99	524.4
1007.37	524.2
1007.76	521.8
1060.12	513.6
1060.51	516.6
1060.89	529.6
1061.28	538.4
1061.67	538.4
1062.06	533.4
1062.45	522.2
1062.83	517.4
1063.22	520.2
1063.61	567.8
1064	531
1064.39	523.4
1064.78	523.6
1065.14	530.6
1065.53	524.6
1065.92	521
1066.31	515.6
1066.7	526.6
1067.09	534.8
1067.46	533.2
1067.85	517.8
1068.24	518.6
1068.63	527
1069.02	523.6
1069.39	527.8
1069.78	521.6
1070.17	521
1070.57	520
1070.93	527
1071.33	527
1071.72	518.8
1072.11	511.8
1072.48	522.4
1072.87	527.2
1073.26	522
1073.64	523.8
1074.03	508.6
1074.4	521.6
1074.79	516.8
1075.19	527
1075.56	525.4
1075.95	524.6
1076.34	525
1076.72	521.8
1077.11	520.2
1077.48	532.6
1077.88	529
1078.25	514.4
1078.64	531.6
1079.02	532.8
1079.41	535.6
1079.78	522.8
1080.18	526.4
1080.55	580
1080.95	517.2
1081.32	517.4
1081.72	525.6
1082.09	521.4
1082.49	520.8
1082.86	532.8
1083.24	521.8
1083.63	512
1084.01	527.8
1084.38	526.6
1084.78	517
1085.16	525.8
1085.55	536.6
1085.93	541.4
1086.31	522
1086.7	548.4
1087.08	522.4
1087.46	517.6
1087.83	513.4
1088.23	528.2
1088.61	536
1088.99	533.8
1089.36	519.8
1089.76	533
1090.14	523
1090.52	520.6
1090.9	522.6
1091.27	540.8
1091.67	552.2
1092.05	524.8
1092.43	520.2
1092.81	528.4
1093.19	532
1093.57	526.4
1093.95	525.2
1094.35	537.8
1094.73	532.8
1095.11	524.8
1095.49	523.6
1095.87	526
1096.25	532.6
1096.63	523.2
1097.01	523.2
1097.39	531.4
1097.77	524.6
1098.15	523.2
1098.53	521.2
1098.91	525.8
1099.29	527.8
1099.68	535.4
1100.06	536.4
1100.44	525.2
1100.82	521.4
1101.18	528.8
1101.56	520.4
1101.95	524
1102.33	528
1102.71	521.6
1103.1	517.2
1103.48	510.4
1103.86	511.6
1104.22	527.8
1104.61	524.4
1104.99	517.2
1105.38	518.8
1105.76	525.4
1106.12	517.8
1106.51	549.6
1106.89	529.6
1107.26	525.2
1107.64	534.2
1108.03	524.8
1108.41	522.4
1108.78	528.6
1109.16	523.4
1109.55	532.2
1109.91	511.4
1110.3	510.4
1110.69	542.8
1111.05	519.2
1111.44	524.2
1111.8	515
1112.19	525.2
1112.58	530.2
1112.94	527.4
1113.33	512.2
1113.7	517
1114.09	521
1114.45	512.8
1114.84	528.8
1115.21	527.8
1115.6	521.6
1115.96	530.6
1116.35	528.4
1116.72	523.8
1117.11	524.4
1117.48	518.8
1117.85	525.2
1118.24	530.6
1118.6	523.6
1118.99	517.2
1119.36	522.8
1119.73	524
1120.12	525.6
1120.49	505.2
1120.86	525.8
1121.25	520
1121.62	511.2
1121.99	515.4
1122.38	527.6
1122.76	518
1123.13	513.8
1123.5	523
1123.89	538.2
1124.26	518.6
1124.63	527.2
1125	521
1125.4	510.8
1125.77	515.4
1126.14	519.2
1126.51	515.8
1126.88	528.6
1127.26	520.4
1127.63	513.4
1128.02	517
1128.4	520
1128.77	518.8
1129.14	530.2
1129.52	518.6
1129.89	527.6
1130.26	519.6
1130.64	524.2
1131.01	524.6
