#lambda/nm	C1
208.295	470
208.67	430.8
209.045	401
209.419	396.2
209.794	563.8
210.169	560
210.544	669.8
210.919	571.8
211.295	559.8
211.67	567
212.045	563
212.421	559.8
212.796	602.4
213.172	567.8
213.547	562.6
213.923	564.8
214.299	558.8
214.675	570
215.051	574.2
215.427	580.2
215.803	578.8
216.179	565.2
216.555	562.2
216.932	574.8
217.308	568.6
217.684	574.2
218.061	572.2
218.438	570.4
218.814	555.2
219.191	578.8
219.568	563.8
219.945	558.2
220.322	572.4
220.699	569.4
221.076	569.2
221.453	565
221.83	571.8
222.208	565.4
222.585	554.6
222.962	571.8
223.34	566.8
223.717	571.4
224.095	570.2
224.473	566.6
224.851	562.6
225.229	554
225.607	576
225.985	562.6
226.363	562.2
226.741	571.8
227.119	568
227.497	578.8
227.876	564.6
228.254	578.2
228.633	567.6
229.011	569.8
229.39	576.8
229.769	569
230.148	570.8
230.527	588.4
230.905	565.4
231.284	565
231.664	557.2
232.043	584
232.422	571.8
232.801	565.6
233.181	573.6
233.56	569.4
233.94	566
234.319	562.2
234.699	568.8
235.079	598.8
235.458	604.6
235.838	585.6
236.218	557.6
236.598	558
236.978	564.4
237.358	560.2
237.738	567.2
238.119	567.2
238.499	543.8
238.88	567
239.26	583
239.641	558.4
240.021	565.8
240.402	574.2
240.783	565.4
241.163	565.8
241.544	569.2
241.925	565.2
242.306	572.4
242.687	572
243.069	567.4
243.45	576
243.831	567.2
244.212	569.2
244.594	602.8
244.975	572.4
245.357	570.8
245.739	560.4
246.12	575.2
246.502	584.4
246.884	560.2
247.266	570.2
247.648	580.6
248.03	588.6
248.412	578.6
248.794	574.8
249.176	567.2
249.559	580
249.941	560.4
250.323	564
250.706	562
251.089	568.8
251.471	574
251.854	571
252.237	571.4
252.62	583.6
253.002	573
253.385	575.4
253.769	578
254.152	561.6
254.535	565
254.918	558.6
255.301	563
255.685	559.4
256.068	549
256.452	587.2
256.835	574.2
257.219	576.2
257.603	582.8
257.986	552.8
258.37	569.8
258.754	557.2
259.138	574.6
259.522	578
259.906	566
260.29	570.4
260.675	562
261.059	571
261.443	564.6
261.828	575
262.212	571
262.597	553
262.981	559.4
263.366	575.6
263.751	570.6
264.136	567.4
264.521	563.2
264.906	555.6
265.291	574
265.676	565.8
266.061	569.4
266.446	583.4
266.831	571.2
267.217	582.2
267.602	570.6
267.987	574.2
268.373	572
268.759	572.6
269.144	569.2
269.53	571
269.916	566.8
270.302	565.2
270.688	572.4
271.074	572.4
271.46	579.6
271.846	602.2
272.232	576
272.618	557
273.004	569.2
273.391	583
273.777	578.8
274.164	571.2
274.55	580.6
274.937	578.2
275.324	573.2
275.71	569.6
276.097	582.4
276.484	566.4
276.871	573.6
277.258	568
277.645	562
278.032	571.8
278.419	562.2
278.807	571.8
279.194	565.6
279.581	564.6
279.969	576.4
280.356	574.4
280.744	574.8
281.131	594.6
281.519	581.4
281.907	556
282.295	570.8
282.682	585.8
283.07	563
283.458	579.8
283.846	575.2
284.235	579.6
284.623	572.4
285.011	561
285.399	578.8
285.788	566.8
286.176	555.2
286.565	580.6
286.953	564.2
287.342	571.6
287.731	558.6
288.119	560.6
288.508	571
288.897	567.6
289.286	557.6
289.675	561.6
290.064	573.6
290.453	565.4
290.821	572.8
291.21	586.4
291.599	572.4
291.989	577
292.378	578.6
292.768	585.2
293.157	579.4
293.547	575.2
293.936	563.2
294.326	560.2
294.716	570.4
295.106	556.6
295.496	563.6
295.886	575.4
296.276	564
296.666	560.6
297.056	566.2
297.446	559.4
297.836	583.2
298.227	564
298.617	560.6
299.008	579.8
299.398	562.2
299.789	559.4
300.179	565.4
300.57	582
300.961	558
301.352	561.2
301.742	573.8
302.133	559.8
302.524	563
302.915	569.4
303.307	556.4
303.698	575
304.089	583.4
304.48	563.2
304.872	577.6
305.263	568.4
305.655	563.8
306.046	574.4
306.438	571.6
306.829	561.2
307.221	577.4
307.613	572.8
308.005	575
308.397	590.2
308.789	586.2
309.181	594
309.573	582.8
309.965	576.2
310.357	561.8
310.749	568.2
311.142	556.8
311.534	567
311.926	572.2
312.319	565.8
312.711	565
313.104	586.8
313.497	563.8
313.889	610.6
314.282	583.2
314.675	598.4
315.068	576.6
315.461	578.2
315.854	592.8
316.247	573.6
316.64	571.6
317.033	566.2
317.405	568.6
317.798	579
318.192	572.8
318.585	563.6
318.979	575
319.372	567.2
319.766	561.2
320.16	580.8
320.553	584.8
320.947	593.6
321.341	561
321.735	568.6
322.129	566
322.523	588.2
322.917	557.2
323.311	574.6
323.705	563.8
324.099	572.6
324.494	583.8
324.888	567.6
325.282	561.2
325.677	573.4
326.071	572.2
326.466	578.2
326.861	576.8
327.255	583.4
327.65	583.2
328.045	586.4
328.44	576.6
328.835	563.8
329.23	560.8
329.625	589.4
330.02	570.4
330.415	579
330.81	575.4
331.206	574
331.601	560
331.996	573.2
332.37	595.8
332.766	566.4
333.161	598
333.557	564.4
333.953	572.8
334.348	854.6
334.744	566.2
335.14	566
335.536	563.6
335.932	576.4
336.328	570.2
336.724	586
337.12	567.4
337.516	573
337.913	573.2
338.309	583.8
338.705	568.4
339.102	589.8
339.498	563.8
339.895	592.4
340.291	562.4
340.688	579.6
341.085	560.6
341.481	569.6
341.878	563.6
342.275	593.8
342.672	566.8
343.069	570.4
343.466	553.8
343.842	582
344.239	560
344.636	574.4
345.033	566.8
345.431	557
345.828	568.8
346.225	565.2
346.623	599
347.02	571.8
347.418	566.8
347.816	579.2
348.213	563.4
348.611	567
349.009	565.4
349.407	578.8
349.805	552.8
350.203	556.8
350.601	579
350.999	558
351.397	621.4
351.795	561.4
352.193	577.4
352.57	567
352.969	578.8
353.367	565.2
353.766	564.2
354.164	561
354.563	573.8
354.961	562.8
355.36	560.6
355.759	558.8
356.158	555.2
356.557	559.2
356.956	552.6
357.355	557.2
357.754	562.8
358.153	567.8
358.552	583.4
358.951	560.4
359.35	574
359.75	560.2
360.149	544
360.527	552
360.926	552
361.326	565.8
361.726	560.8
362.125	555.2
362.525	575.6
362.925	557
363.325	555.2
363.724	564.6
364.124	559.6
364.524	558.6
364.924	572.6
365.324	582.4
365.725	556.4
366.125	567.6
366.525	567.6
366.904	558.6
367.304	548.6
367.705	580.2
368.105	575.8
368.506	568.6
368.906	561.6
369.307	562.2
369.708	570.6
370.108	548.2
370.509	571.2
370.91	557.8
371.311	568.8
371.712	563
372.113	557.6
372.514	555.2
372.894	572.6
373.295	556.8
373.696	573.6
374.097	568.2
374.499	588.6
374.9	562.4
375.301	558
375.703	562.4
376.105	550.6
376.506	568.2
376.908	571.2
377.309	565
377.711	560
378.113	561.2
378.493	559.2
378.895	558.6
379.297	571
379.699	549.4
380.102	562.8
380.504	560.2
380.906	558
381.308	581
381.71	556.6
382.113	574.6
382.515	549.4
382.918	557
383.299	559.2
383.701	569
384.104	560.2
384.507	541.4
384.909	558.4
385.312	548.4
385.715	541
386.118	553.4
386.521	551.6
386.924	565.4
387.327	554.2
387.709	543.2
388.112	547.2
388.515	553.2
388.918	563.2
389.322	572.8
389.725	549.8
390.129	579.2
390.532	565.6
390.936	558.4
391.339	555.4
391.743	561
392.125	551.2
392.529	564.2
392.933	569.4
393.337	559.8
393.74	558
394.144	565
394.548	554.6
394.953	551.4
395.357	566.8
395.761	551.8
396.144	565.4
396.548	555.2
396.952	555
397.357	565.6
397.761	550.4
398.166	556
398.57	553.6
398.975	543.8
399.379	561.4
399.763	598.4
400.168	559
400.572	550
400.977	553.8
401.382	575.4
401.787	566.8
402.192	571.6
402.597	565.6
403.002	552.2
403.386	574.4
403.791	576.4
404.197	562.4
404.602	556.2
405.007	554.8
405.413	560.6
405.818	562.8
406.224	551.4
406.608	552.2
407.014	554.4
407.42	577.4
407.825	556.6
408.231	564
408.637	557.4
409.043	582.8
409.449	562
409.834	554.4
410.24	551.6
410.646	572.2
411.052	574
411.458	557.8
411.865	571
412.271	567.2
412.677	564
413.062	559.2
413.469	550.2
413.875	580.4
414.282	576.2
414.689	564.8
415.095	565.8
415.502	555.4
415.888	555.2
416.294	551.6
416.701	597.2
417.108	555.2
417.515	567.6
417.923	555.8
418.33	575.8
418.715	563
419.123	553.6
419.53	554.6
419.937	565.8
420.345	569.2
420.752	554.4
421.16	571.2
421.546	560.4
421.953	571.4
422.361	549.4
422.769	557.6
423.177	559.2
423.585	574.8
423.992	581.8
424.379	571
424.787	572.2
425.195	579
425.603	569.4
426.011	572.8
426.419	575.4
426.806	573.4
427.214	559
427.623	565.8
428.031	576.4
428.44	563.6
428.848	570.6
429.235	577.4
429.644	565.4
430.053	559.6
430.461	572.6
430.87	588.6
431.279	571.6
431.666	560.2
432.075	566.8
432.484	570
432.893	559.6
433.302	572
433.711	590.8
434.099	567
434.508	553.8
434.918	550.4
435.327	567.4
435.737	565.4
436.125	562.8
436.534	560.6
436.944	564.2
437.353	562
437.763	578.6
438.173	553.4
438.561	575.4
438.971	541.6
439.381	556.2
439.791	563.8
440.201	543
440.589	561.8
440.999	570
441.409	558.6
441.819	553
442.23	568.8
442.619	565.6
443.029	563
443.439	564.2
443.85	566.2
444.26	571.8
444.649	567.4
445.06	564.2
445.471	560.6
445.881	553.4
446.292	578.4
446.682	576.6
447.092	547.8
447.503	603
447.914	567.6
448.325	552.8
448.715	557.6
449.126	547.6
449.537	559.8
449.948	557.6
450.338	559.4
450.75	563
451.161	560.6
451.572	563
451.984	550.2
452.374	539.4
452.786	553.2
453.197	565.2
453.609	560.8
453.999	546.2
454.411	549
454.823	573.2
455.235	563.2
455.647	557.8
456.037	560.8
456.449	545.8
456.862	562.6
457.274	566.2
457.665	548.2
458.077	568
458.489	584.2
458.902	557.4
459.293	549.4
459.705	561.6
460.118	555.6
460.53	558.6
460.921	557.8
461.334	566.6
461.747	559
462.16	563.4
462.551	563.6
462.964	561.4
463.377	545.4
463.79	556.2
464.182	563
464.595	554.4
465.008	559.8
465.421	559.6
465.813	556.2
466.226	570.4
466.64	544.4
467.053	592.6
467.445	567.4
467.859	566.6
468.272	557.6
468.686	568
469.078	557.8
469.492	543.6
469.906	562
470.298	564.6
470.712	551.8
471.126	574.2
471.54	546
471.933	549.4
472.347	550.2
472.761	551
473.175	546.2
473.568	550.8
473.982	550.4
474.397	549.6
474.79	555.6
475.204	557.8
475.619	549.8
476.033	555.8
476.426	557.2
476.841	544.8
477.256	571.8
477.649	549
478.064	548.6
478.479	551.6
478.872	545.6
479.287	538.8
479.702	542.4
480.118	549.2
480.511	560
480.927	557.4
481.342	553.2
481.736	557.4
482.151	549.8
482.566	555
482.96	549.2
483.376	560.4
483.792	551.4
484.186	554
484.602	553.6
485.017	557
485.412	552.8
485.827	559.4
486.243	547.2
486.638	569.4
487.054	563
487.47	571.4
487.865	550.8
488.281	548.6
488.697	548.2
489.092	550.6
489.508	538.8
489.925	561.4
490.32	550.2
490.736	555.2
491.153	552.6
491.548	552.6
491.964	562
492.381	535
492.776	556.2
493.193	552.8
493.61	555.4
494.006	542.8
494.422	550.2
494.84	545.4
495.235	549.8
495.652	543
496.069	551.2
496.465	545.8
496.883	548.8
497.3	567.6
497.696	547
498.113	547.6
498.509	541.6
498.927	539.8
499.344	533
499.741	538
500.158	554.4
500.576	555.8
500.973	551.8
501.39	547.8
501.787	546.6
502.205	557.4
502.623	544.2
503.02	545.6
503.438	546.6
503.856	542.6
504.253	557
504.671	560.4
505.068	546.4
505.486	548.2
505.905	566.6
506.302	554.6
506.72	566
507.118	546.8
507.536	550.4
507.955	551.2
508.352	557.6
508.771	553.4
509.169	556.6
509.587	541.8
510.006	548.4
510.404	546.4
510.823	545.6
511.221	551
511.64	537.4
512.038	555
512.457	544.2
512.877	543.4
513.275	542.4
513.694	536.4
514.092	546
514.512	555.2
514.91	554.8
515.33	549.4
515.749	541.2
516.148	553.4
516.568	551.8
516.966	549.2
517.386	537
517.785	548.4
518.205	548.4
518.603	541.2
519.024	540.2
519.444	551.6
519.843	557.8
520.263	551.4
520.662	550.8
521.082	542.6
521.481	548.2
521.902	557
522.301	554
522.722	540.2
523.121	545.6
523.542	550.6
523.963	551
524.362	545.4
524.783	557.4
525.183	546.8
525.604	553
526.003	537
526.425	547.2
526.824	557.4
527.246	552
527.646	552.2
528.067	543.4
528.467	552.6
528.888	549.6
529.289	549
529.71	547.4
530.11	546.4
530.532	548.6
530.932	537.6
531.354	541.8
531.755	577.6
532.176	552.6
532.577	542.8
532.999	547.4
533.4	538.6
533.822	552
534.223	558.2
534.645	552
535.046	544.6
535.468	547.2
535.869	558.6
536.292	545.4
536.693	579.2
537.115	552.6
537.516	543.4
537.939	541.8
538.34	555.4
538.742	554.8
539.165	555.8
539.566	550.2
539.989	539.4
540.391	546.4
540.814	544.8
541.216	548.8
541.639	544.8
542.041	553.4
542.464	540.4
542.866	543.6
543.268	542.8
543.691	550.4
544.093	551.6
544.517	563.8
544.919	539.2
545.343	566.4
545.745	542
546.147	555.2
546.571	540.2
546.974	538.6
547.398	548
547.8	558.2
548.224	539
548.627	538.8
549.03	553.4
549.454	546.6
549.857	542.4
550.281	539.8
550.684	539.8
551.087	552.4
551.512	542.4
551.915	545.4
552.34	539.2
552.743	542.2
553.146	555.6
553.571	548.6
553.975	562.2
554.399	538.4
554.803	591.4
555.207	542
555.632	538.6
556.036	544.4
556.461	543.4
556.865	548.6
557.268	544.6
557.694	545.8
558.098	556.2
558.502	542.8
558.927	546
559.332	543.8
559.736	551.4
560.162	551.8
560.566	546.6
560.992	549.8
561.396	550
561.801	543.8
562.227	548.6
562.631	554.2
563.036	538.6
563.462	560.8
563.867	538.8
564.272	536.2
564.698	548
565.103	535.8
565.508	556.4
565.935	540.6
566.34	546.6
566.745	555.8
567.172	541.6
567.577	566
567.982	560.2
568.409	553.8
568.815	535.4
569.22	547.2
569.626	547
570.053	533.6
570.459	547
570.865	548.6
571.292	554.4
571.698	555.6
572.104	541
572.531	546.2
572.937	552.8
573.343	543.6
573.75	537
574.177	551.6
574.583	557
574.99	538.4
575.396	549.6
575.824	549.8
576.231	553
576.637	545.2
577.065	568
577.472	544.8
577.879	539.2
578.286	556
578.714	547.4
579.121	545.2
579.528	545.4
579.935	557.2
580.364	544.4
580.771	538.4
581.178	532.2
581.585	548.8
582.014	548.6
582.421	533.2
582.829	540.8
583.236	559.2
583.644	540.4
584.073	550.6
584.481	544.2
584.889	540.6
585.296	545.4
585.726	550.6
586.134	540.6
586.542	539.4
586.95	556.8
587.358	535.6
587.787	541.2
588.196	552.6
588.604	542.4
589.012	552.4
589.421	532.6
589.851	532
590.259	542.2
590.668	540.2
591.076	574.2
591.485	534
591.894	538
592.324	553.8
592.733	557.6
593.142	532.8
593.551	541.4
593.96	563
594.369	528.4
594.8	540.6
595.209	545.8
595.618	522.6
596.028	541.2
596.437	526.2
596.847	541.6
597.256	542
597.687	553.6
598.097	543.2
598.507	533.2
598.917	546
599.327	540.8
599.736	547.4
600.146	564
600.556	548.2
600.988	563
601.398	540.6
601.808	549
602.219	526.2
602.629	539.8
603.039	544.6
603.45	564.2
603.86	542.8
604.271	563
604.703	542.8
605.114	539.8
605.525	533.2
605.935	544
606.346	565.4
606.757	549.8
607.168	545.4
607.579	544.2
607.99	552.2
608.402	541.8
608.813	546.6
609.224	543.6
609.636	537.2
610.047	543.6
610.48	542.6
610.892	547.8
611.303	541.8
611.715	535.4
612.127	538.2
612.539	542
612.95	547.2
613.362	536
613.774	531.8
614.186	529.2
614.599	536.6
615.011	553.6
615.423	535.4
615.835	538.4
616.248	534.4
616.66	547.4
617.073	531
617.485	541.2
617.898	548
618.311	540.8
618.723	537.4
619.136	571.4
619.549	564.4
619.962	564.2
620.375	539.6
620.788	546.4
621.201	543.8
621.614	549.8
622.028	540.8
622.441	547
622.854	555.2
623.268	543.6
623.681	546.2
624.095	548.6
624.509	552.8
624.922	548.8
625.336	529
625.728	549
626.142	557.2
626.556	558.4
626.97	546.8
627.384	538
627.799	547.2
628.213	554.6
628.627	536.2
629.041	537.6
629.456	537.6
629.87	543.4
630.285	556.6
630.699	545.6
631.093	534.2
631.507	552.8
631.922	550
632.337	552.8
632.752	539
633.167	537.8
633.582	539.2
633.997	541.2
634.412	538.6
634.806	546.6
635.221	535.8
635.637	554.2
636.052	531.6
636.468	557.8
636.883	558.8
637.299	531.4
637.715	537.4
638.109	546.4
638.525	530.8
638.941	547.8
639.357	548.8
639.773	552
640.189	536
640.584	547.4
641	542.6
641.416	533
641.832	543.6
642.249	536.6
642.665	540.4
643.06	540.2
643.477	555.8
643.894	529.2
644.31	534
644.727	542.4
645.123	532.2
645.54	535.4
645.957	538
646.374	551.4
646.77	547
647.187	575
647.604	541.2
648.021	525.6
648.439	541.2
648.835	547.8
649.252	542.6
649.67	540.2
650.088	537.2
650.484	545
650.902	551.4
651.32	551.8
651.738	536.4
652.134	544.4
652.552	549.4
652.971	549.6
653.389	550.8
653.786	558.8
654.204	560
654.622	531.8
655.019	539.2
655.438	545.6
655.857	541.8
656.275	540.4
656.673	535.6
657.091	556
657.51	531.8
657.908	544.2
658.327	555.8
658.746	532.8
659.144	541.6
659.563	550
659.982	542.4
660.38	537.8
660.8	542
661.219	553.2
661.617	544.6
662.037	545.6
662.457	553.2
662.855	528.8
663.275	571
663.695	544.6
664.094	544.2
664.514	541.4
664.934	536
665.333	548.2
665.753	543.4
666.152	539.4
666.572	539.6
666.993	543.4
667.392	536.4
667.812	533.6
668.212	537.6
668.632	550.8
669.053	540.6
669.453	541.6
669.874	540.6
670.273	543.8
670.694	534.6
671.116	559.6
671.515	546.8
671.937	537.2
672.337	539.6
672.758	542.8
673.158	546.4
673.58	531
673.98	545.2
674.402	544
674.824	540.4
675.224	538.2
675.646	534
676.047	533.2
676.469	539.2
676.869	552.8
677.292	537.4
677.693	529.8
678.115	530.8
678.516	544.4
678.939	543.4
679.34	534.8
679.762	550
680.164	541.8
680.586	529.2
680.988	546.6
681.411	558
681.812	538.4
682.236	535
682.637	536
683.061	531
683.462	548.8
683.864	524.8
684.288	552.8
684.69	531.8
685.114	553
685.516	545
685.94	529.4
686.342	537.6
686.766	530.4
687.168	529
687.571	552.6
687.995	531.4
688.398	525.4
688.822	534.6
689.225	546.8
689.628	550.6
690.052	539.6
690.456	543
690.88	543.2
691.284	531
691.687	541.4
692.112	522.4
692.515	532.8
692.919	538.4
693.344	541.8
693.747	530.8
694.173	531.8
694.577	541.8
694.98	539.2
695.406	535.8
695.81	538.6
696.214	546.6
696.64	544.4
697.044	542
697.448	546.4
697.874	543.4
698.279	543.8
698.684	539
699.11	534.2
699.514	548.2
699.919	529.8
700.324	531.8
700.75	548.6
701.156	535
701.561	552.8
701.987	542.4
702.393	547.8
702.798	551.2
703.203	547
703.63	538.8
704.036	532.4
704.442	546
704.847	531.2
705.274	535.6
705.68	536.6
706.086	546
706.492	529
706.92	535
707.326	540.4
707.732	540
708.139	523.8
708.545	520.2
708.973	536.8
709.38	536.8
709.786	524
710.193	553.8
710.6	529.4
711.028	523.8
711.435	534.8
711.842	543.8
712.249	534.8
712.656	538
713.064	543.2
713.492	531.4
713.9	542.4
714.307	545.6
714.715	531.2
715.123	549.6
715.53	540
715.938	541.2
716.367	540.8
716.775	538
717.184	533.4
717.592	535.6
718	541.8
718.408	566.2
718.816	578.6
719.225	540.4
719.633	533.8
720.042	535
720.472	535.6
720.881	559.4
721.29	541.2
721.699	526.4
722.108	544.6
722.517	541.4
722.926	526.4
723.335	544.2
723.744	540.4
724.154	535.8
724.563	539.8
724.973	536.4
725.382	535.8
725.792	535.8
726.202	527.4
726.612	553.6
727.022	537.2
727.432	530.4
779.813	527.2
780.223	580.8
780.634	537.8
781.044	533.2
781.454	538.4
781.865	546.2
782.276	524.4
782.686	548.2
783.097	537.4
783.508	532.6
783.919	545.4
784.33	545.2
784.741	541.6
785.152	529.6
785.563	520.4
785.974	523.6
786.386	550
786.776	537
787.188	536.8
787.599	525.6
788.011	535.6
788.423	537.6
788.835	529.6
789.247	524.4
789.659	533.8
790.071	529.8
790.483	572.4
790.874	526.8
791.286	533
791.699	532.2
792.111	532.4
792.524	540.2
792.937	533.8
793.349	525.4
793.741	527.4
794.154	529.6
794.567	550.4
794.98	530.2
795.393	523
795.785	548.4
796.198	534
796.612	528
797.026	536.2
797.439	521
797.831	537.4
798.245	528.4
798.659	530.2
799.073	541.8
799.487	521.2
799.88	539.2
800.294	534.8
800.708	536.6
801.123	536.8
801.516	547.6
801.93	532
802.345	529
802.76	538.4
803.153	544
803.568	541.4
803.983	533.4
804.377	538.4
804.792	526.2
805.207	515
805.601	536.8
806.016	565
806.432	523.8
806.826	561.8
807.242	546.2
807.658	535.6
808.052	532.2
808.468	537.4
808.884	525
809.279	533.8
809.695	547.4
810.111	554.2
810.506	541
810.922	549
811.339	533.4
811.734	549
812.151	536
812.546	532.2
812.963	533.8
813.38	536.4
813.776	529.6
814.193	555
814.589	531
815.006	531
815.402	536.4
815.82	529.8
816.237	541.2
816.633	537.4
817.051	526.4
817.448	537.6
817.866	524.2
818.262	551
818.68	528.8
819.077	534.4
819.495	543.4
819.892	566
820.311	537.6
820.708	529.6
821.127	538
821.524	539.2
821.943	540
822.34	553.8
822.759	533.6
823.157	527.6
823.576	549.4
823.974	538.2
824.393	558.8
824.791	528.8
825.189	530.2
825.609	533.2
826.007	530.4
826.427	520
826.826	530.4
827.246	539.6
827.644	521
828.043	547.6
828.463	533.2
828.862	536.6
829.261	540.6
829.682	535.8
830.081	538.6
830.502	526
830.901	535.6
831.301	543.8
831.722	531.8
832.121	533.6
832.521	525.2
832.943	535.6
833.342	528.2
833.742	525.2
834.164	534.4
834.564	528.6
834.965	536
835.386	530.2
835.787	524
836.188	534.2
836.588	527.4
837.01	530.6
837.411	513.4
837.812	532.2
838.213	527
838.636	527.8
839.037	606
839.438	533.6
839.84	534.8
840.263	534.8
840.664	537.2
841.066	524.6
841.468	535.8
841.891	526
842.293	540.4
842.695	546.8
843.098	544.8
843.5	532.8
843.902	534.6
844.326	532.4
844.729	537
845.131	542.4
845.534	537.6
845.937	551.4
846.34	544.4
846.764	523
847.167	537.8
847.571	529.6
847.974	527.2
848.377	531.6
848.781	573.6
849.184	545.4
849.588	527.8
849.992	536.8
850.396	535.8
850.821	537.8
851.225	535.8
851.63	525.4
852.034	555.2
852.438	529.2
852.843	602.8
853.247	524.4
853.652	522
854.057	549.4
854.462	532
854.867	542.2
855.272	561.8
855.677	541.8
856.082	523.2
856.487	526.4
856.893	536
857.298	530.6
857.704	527
858.11	535.6
858.516	542.8
858.922	533.6
859.328	536
859.734	532.6
860.14	536.6
860.525	530.2
860.931	517
861.338	526.8
861.745	527.4
862.151	539.2
862.558	532.2
862.965	530.6
863.372	524
863.779	524.8
864.186	550.8
864.572	540.2
864.98	552.2
865.387	558.4
865.795	521.8
866.203	536.8
866.61	522
867.018	536
867.405	530.8
867.813	530.2
868.221	539.8
868.63	522.4
869.038	543.2
869.425	564
869.834	535.2
870.243	525.8
870.652	524.6
871.039	534
871.448	524.6
871.857	530.8
872.266	526.6
872.654	531
873.064	529.6
873.473	543.2
873.883	527.6
874.271	524.2
874.681	540.2
875.091	523.8
875.48	536.4
875.89	548.6
876.3	526.6
876.689	520.6
877.1	531.8
877.51	535.6
877.9	548.2
878.31	526.8
878.721	556.4
879.111	663
879.522	537.4
879.933	522.6
880.323	526.4
880.734	525.8
881.125	530.2
881.536	529.6
881.948	522.8
882.338	527.2
882.75	527.6
883.141	524.2
883.553	533.4
883.944	545.6
884.356	543.8
884.769	528.6
885.16	528.4
885.573	531
885.964	518
886.377	524
886.768	522
887.181	531.2
887.573	529.8
887.987	536
888.378	540.8
888.792	531
889.184	581.4
889.598	531
889.99	543.4
890.383	526.2
890.797	526.6
891.19	531
891.604	525.6
891.997	531.6
892.411	530.4
892.805	527.8
893.198	528.8
893.613	523.4
894.006	533.8
894.421	530.6
894.815	535.2
895.209	530.2
895.624	570.2
896.018	547.8
896.412	530.6
896.828	526.4
897.222	541.6
897.617	527
898.033	546.8
898.427	532.8
898.822	534.4
899.239	523.6
899.634	525.6
900.029	549
900.424	525
900.841	528.4
901.236	535.2
901.632	533.2
902.027	577.6
902.445	526
902.841	529.2
903.237	537.8
903.633	547.2
904.05	538
904.447	540.4
904.843	543
905.24	522
905.636	521.6
906.033	532.8
906.451	538.4
906.848	525.6
907.246	528
907.643	532.4
908.04	533.6
908.438	545.4
908.835	538
909.254	524.8
909.652	533.6
910.05	529.6
910.448	524
910.846	536.8
911.244	524.8
911.643	527.4
912.041	528.8
912.44	548
912.839	527.8
913.237	519.8
913.636	524.4
914.035	540.2
914.434	522.4
914.834	541.2
915.233	540
915.633	530.2
916.032	524.8
916.432	522.8
916.832	538.8
917.232	530.8
917.632	513.6
918.032	534.8
918.432	530
918.833	516
919.233	535.6
919.634	526.6
920.035	537.2
920.436	522.8
920.837	527.4
921.238	523.8
921.639	529.4
922.019	531.8
922.42	536.2
922.822	528.6
923.224	534.4
923.625	530
924.027	528.2
924.429	545.8
924.81	527.4
925.212	538.2
925.615	525.4
926.017	526.4
926.42	535.8
926.801	524.8
927.204	526.8
927.607	534
928.01	537.4
928.413	535.4
928.795	514.4
929.199	526
929.602	533
930.006	523.8
930.388	519.8
930.792	533.4
931.196	521.8
931.579	555.2
931.983	521.8
932.388	567.2
932.771	524.6
933.176	523.2
933.58	527.4
933.964	537.4
934.369	517.6
934.774	523.8
935.158	522
935.563	527.8
935.947	530.2
936.353	535.6
936.759	531.2
937.143	534
937.549	520.8
937.934	538
938.34	543.8
938.746	516.2
939.131	520.6
939.538	526.6
939.923	530
940.33	525
940.716	528
941.123	540.8
941.508	534.4
941.916	546.8
942.302	530.4
942.709	520.4
943.096	527
943.503	531.6
943.89	524.8
944.298	532.2
944.685	553.4
945.072	526.6
945.48	541.4
945.867	525.8
946.276	518.4
946.663	558.6
947.051	538.2
947.46	531.2
947.848	530
948.257	523.2
948.645	531.2
949.033	526
949.443	512.2
949.831	560.2
950.22	523.4
950.63	539
951.018	554.6
951.407	528
951.796	513.2
952.207	530.4
952.596	537.8
952.985	511.8
953.375	571.4
953.786	524.8
954.176	519.4
954.566	537.6
954.956	528.4
955.367	519
955.758	540.8
956.148	522.6
956.539	534.2
956.929	521.8
957.341	518.2
957.732	527.6
958.123	544.4
958.515	526.4
958.906	524.8
959.297	532.4
959.689	536.4
960.102	521.2
960.494	530.4
960.886	528.6
961.278	521.8
961.67	549.4
962.062	565.8
962.455	526.8
962.847	521
963.24	527.4
963.633	525.2
964.026	510.4
964.419	525.6
964.812	528.8
965.206	526.8
965.599	533.2
965.993	529.8
966.386	530.2
966.78	537.8
967.174	541.4
967.569	524.4
967.963	513.4
968.357	512.6
968.752	526.8
969.146	518.8
969.541	518.6
969.936	526.8
970.331	528.8
970.705	528.2
971.1	520.6
971.496	530.4
971.892	529.8
972.287	530
972.683	527.4
973.079	524.8
973.454	534.4
973.85	529.8
974.247	532.8
974.643	550.8
975.04	529.2
975.415	527
975.812	517.8
976.209	535.6
976.607	522.4
976.982	531.4
977.38	540.8
977.778	522.4
978.175	514.2
978.552	528.2
978.95	532.2
979.348	526.4
979.725	564.6
980.123	521.2
980.522	525.8
980.899	526.8
981.298	521.2
981.697	521.2
982.075	525.2
982.474	518.2
982.852	524.2
983.251	532.6
983.651	526.4
984.029	537.8
984.429	530.2
984.808	513.6
985.208	524.4
985.609	520.4
985.987	513.4
986.388	527.6
986.768	534.4
987.168	520.8
987.548	530.8
987.949	544.8
988.329	531.6
988.731	519
989.111	528.8
989.491	518.6
989.893	525.2
990.273	531.4
990.676	523.6
991.057	515.2
991.459	518.6
991.84	518.6
992.221	521.4
992.624	543.2
993.006	534.4
993.388	528
993.791	527.2
994.173	534.2
994.576	553.4
994.959	514.6
995.341	527.6
995.724	527
996.128	521.2
996.511	526
996.894	523.2
997.298	529.4
997.681	533
998.065	520.8
998.448	518
998.854	538.4
999.237	520.6
999.621	537
1000.01	535.8
1000.39	528.2
1000.8	526.8
1001.18	533.6
1001.56	529.8
1001.95	529.2
1002.33	533.6
1002.72	530.8
1003.13	527.6
1003.51	521.8
1003.9	527.4
1004.28	541.8
1004.67	516
1005.06	526.6
1005.44	550.2
1005.83	521.8
1006.21	518.4
1006.6	518.8
1006.99	533
1007.37	534
1007.76	530.8
1060.12	525.2
1060.51	520.2
1060.89	530.8
1061.28	530.4
1061.67	536.2
1062.06	532.4
1062.45	528.4
1062.83	521
1063.22	530.4
1063.61	560.6
1064	531.6
1064.39	526
1064.78	520.2
1065.14	539.2
1065.53	524.4
1065.92	530.4
1066.31	522
1066.7	538.4
1067.09	539.4
1067.46	533.8
1067.85	530
1068.24	529.2
1068.63	532
1069.02	519
1069.39	528.2
1069.78	517.2
1070.17	522
1070.57	515.8
1070.93	527.8
1071.33	510
1071.72	518
1072.11	516.4
1072.48	513.4
1072.87	519.6
1073.26	524.4
1073.64	525.4
1074.03	517
1074.4	517.6
1074.79	513.4
1075.19	523.4
1075.56	524.6
1075.95	522
1076.34	521.8
1076.72	520.8
1077.11	520.6
1077.48	540.2
1077.88	527
1078.25	516.4
1078.64	531.4
1079.02	530
1079.41	532
1079.78	522.6
1080.18	520.6
1080.55	579.8
1080.95	513.6
1081.32	516.2
1081.72	527.4
1082.09	530
1082.49	519.2
1082.86	524.6
1083.24	518.4
1083.63	515.2
1084.01	524.2
1084.38	525.6
1084.78	517.6
1085.16	529.2
1085.55	531.6
1085.93	544
1086.31	526.2
1086.7	548.2
1087.08	525.6
1087.46	522.4
1087.83	507.4
1088.23	533.4
1088.61	523
1088.99	523.8
1089.36	518.2
1089.76	523.2
1090.14	520.2
1090.52	514.4
1090.9	511.4
1091.27	533.8
1091.67	541.2
1092.05	521.6
1092.43	522
1092.81	531.2
1093.19	531.2
1093.57	521
1093.95	518.4
1094.35	532.2
1094.73	529.6
1095.11	516
1095.49	523.2
1095.87	523
1096.25	524.6
1096.63	535
1097.01	526
1097.39	521.2
1097.77	524.4
1098.15	521.4
1098.53	515
1098.91	524.6
1099.29	523.4
1099.68	542
1100.06	533.8
1100.44	528.8
1100.82	524.8
1101.18	529.2
1101.56	518.8
1101.95	525.8
1102.33	522.8
1102.71	525
1103.1	517.6
1103.48	515.6
1103.86	518
1104.22	526.4
1104.61	525
1104.99	520.8
1105.38	515.8
1105.76	522.4
1106.12	522.8
1106.51	555.6
1106.89	526.8
1107.26	520.4
1107.64	530
1108.03	522.2
1108.41	517
1108.78	514.8
1109.16	521
1109.55	531.2
1109.91	509
1110.3	510.8
1110.69	534.4
1111.05	527.8
1111.44	519.2
1111.8	517.8
1112.19	522.6
1112.58	528
1112.94	519.2
1113.33	519.2
1113.7	516.6
1114.09	516.2
1114.45	524.8
1114.84	533.2
1115.21	535.6
1115.6	526.8
1115.96	530.6
1116.35	530.2
1116.72	524.6
1117.11	538
1117.48	514.6
1117.85	519.2
1118.24	536
1118.6	529.4
1118.99	524.8
1119.36	518.4
1119.73	522.2
1120.12	520
1120.49	509
1120.86	539.2
1121.25	511.4
1121.62	512
1121.99	518
1122.38	526.2
1122.76	517
1123.13	514
1123.5	525
1123.89	527.6
1124.26	511.2
1124.63	516.2
1125	519.4
1125.4	517.8
1125.77	519
1126.14	503
1126.51	525.4
1126.88	524.6
1127.26	523.6
1127.63	514.2
1128.02	522.8
1128.4	521
1128.77	519.4
1129.14	526.4
1129.52	530
1129.89	529.6
1130.26	515.8
1130.64	514.8
1131.01	518.4
