#lambda/nm	C1
208.295	469.8
208.67	433.4
209.045	395.2
209.419	399.4
209.794	566.4
210.169	554.6
210.544	664.6
210.919	573.6
211.295	558
211.67	573
212.045	561.4
212.421	572.2
212.796	603.8
213.172	560.4
213.547	565.2
213.923	566
214.299	560.4
214.675	574.4
215.051	566.6
215.427	559.6
215.803	585.2
216.179	575
216.555	559.4
216.932	575.8
217.308	573.8
217.684	569.6
218.061	571
218.438	574.6
218.814	570
219.191	563.2
219.568	554.6
219.945	567.8
220.322	575
220.699	567.2
221.076	569.2
221.453	564.2
221.83	566.4
222.208	556.4
222.585	561.6
222.962	567.2
223.34	577.4
223.717	555
224.095	561
224.473	561.6
224.851	565
225.229	560.8
225.607	580.6
225.985	550.4
226.363	566.2
226.741	565.6
227.119	573.8
227.497	581.8
227.876	554.4
228.254	575.6
228.633	573.2
229.011	569
229.39	569.6
229.769	572.6
230.148	576.4
230.527	590.2
230.905	574.8
231.284	582.2
231.664	561.6
232.043	581
232.422	580.4
232.801	565.2
233.181	574.6
233.56	564.6
233.94	564
234.319	554
234.699	562.2
235.079	602
235.458	599.8
235.838	584
236.218	556.2
236.598	557.8
236.978	563.8
237.358	559
237.738	561.4
238.119	571.2
238.499	557.6
238.88	557.8
239.26	586.4
239.641	554.6
240.021	561.4
240.402	565.2
240.783	559.4
241.163	566.4
241.544	570.4
241.925	561.8
242.306	577.6
242.687	569.8
243.069	566
243.45	568.6
243.831	558
244.212	551.8
244.594	601.6
244.975	573.6
245.357	569.6
245.739	565.2
246.12	568.8
246.502	580.6
246.884	565.2
247.266	568.8
247.648	566
248.03	579.4
248.412	577.4
248.794	572.8
249.176	564
249.559	572.2
249.941	556.6
250.323	567.2
250.706	564.6
251.089	568
251.471	571.6
251.854	565.2
252.237	574.8
252.62	570.8
253.002	566.6
253.385	567.4
253.769	583.8
254.152	562.4
254.535	572.6
254.918	556.2
255.301	561
255.685	562
256.068	569.8
256.452	588.8
256.835	578.8
257.219	574.4
257.603	575.8
257.986	553.6
258.37	569
258.754	554.6
259.138	577.8
259.522	585.2
259.906	561
260.29	567.4
260.675	564.6
261.059	565
261.443	551.2
261.828	566.8
262.212	572.4
262.597	562.2
262.981	570
263.366	568.8
263.751	566
264.136	561.4
264.521	569.6
264.906	556.6
265.291	576.2
265.676	571.8
266.061	565.4
266.446	580
266.831	564.6
267.217	582.4
267.602	564.4
267.987	568.6
268.373	562.8
268.759	576.6
269.144	576
269.53	570.4
269.916	557.8
270.302	565.4
270.688	564.6
271.074	573
271.46	578
271.846	589
272.232	567.8
272.618	564.2
273.004	558
273.391	577.8
273.777	573.4
274.164	564.8
274.55	583.4
274.937	563.2
275.324	562.4
275.71	569.6
276.097	570.4
276.484	555.8
276.871	566.4
277.258	566.8
277.645	555.2
278.032	569.8
278.419	571.4
278.807	574
279.194	561.6
279.581	565.2
279.969	575.2
280.356	571.4
280.744	564.2
281.131	589
281.519	575.4
281.907	568.2
282.295	561.8
282.682	569
283.07	567.8
283.458	570.6
283.846	573.6
284.235	577.2
284.623	574.4
285.011	562.2
285.399	579.4
285.788	564.2
286.176	556.4
286.565	577.2
286.953	572.6
287.342	569.6
287.731	561.8
288.119	558.8
288.508	562
288.897	569
289.286	564.2
289.675	567.4
290.064	576.4
290.453	568.2
290.821	577
291.21	577.6
291.599	571.8
291.989	565.2
292.378	570.6
292.768	585.8
293.157	569.6
293.547	569.8
293.936	569
294.326	555.8
294.716	572
295.106	570
295.496	577
295.886	575.8
296.276	562.8
296.666	566.2
297.056	563
297.446	565
297.836	577.8
298.227	558.8
298.617	570.4
299.008	581.4
299.398	570.2
299.789	565.2
300.179	575.6
300.57	568.4
300.961	561.2
301.352	564
301.742	573.6
302.133	571.2
302.524	567
302.915	576.2
303.307	560.6
303.698	579.4
304.089	579.4
304.48	572.6
304.872	570.4
305.263	567.4
305.655	563
306.046	571
306.438	568.8
306.829	560.2
307.221	578.4
307.613	564.8
308.005	573.4
308.397	585.2
308.789	586.2
309.181	590
309.573	585
309.965	579
310.357	563.8
310.749	565
311.142	560.6
311.534	569.4
311.926	569
312.319	566.4
312.711	561
313.104	578
313.497	567
313.889	612.6
314.282	591.2
314.675	595
315.068	565.2
315.461	574.4
315.854	597.8
316.247	579.6
316.64	571.6
317.033	576.2
317.405	574.6
317.798	564.8
318.192	570.4
318.585	562.8
318.979	569.6
319.372	560.2
319.766	564.4
320.16	576
320.553	579.6
320.947	584
321.341	562.6
321.735	568.2
322.129	552.6
322.523	587.6
322.917	563.2
323.311	580.4
323.705	572.4
324.099	572
324.494	578.4
324.888	579.2
325.282	563
325.677	575.4
326.071	576.2
326.466	580.4
326.861	572.8
327.255	578.6
327.65	580
328.045	583.2
328.44	579.4
328.835	566.6
329.23	563.4
329.625	594.8
330.02	561.8
330.415	586.2
330.81	570.4
331.206	571.2
331.601	562.4
331.996	576
332.37	585.8
332.766	557.6
333.161	585.6
333.557	566.4
333.953	569.4
334.348	849
334.744	573.8
335.14	559.8
335.536	567.8
335.932	575.2
336.328	571.6
336.724	572.8
337.12	561
337.516	573.6
337.913	563.2
338.309	574.2
338.705	568.4
339.102	580.2
339.498	566.6
339.895	579.8
340.291	570.8
340.688	585
341.085	560.2
341.481	569.8
341.878	559
342.275	595.4
342.672	559
343.069	559.2
343.466	556.8
343.842	575.6
344.239	560.8
344.636	566.6
345.033	560.8
345.431	563.2
345.828	575
346.225	560.6
346.623	598.6
347.02	566.6
347.418	571.8
347.816	584.6
348.213	565
348.611	574.6
349.009	562.4
349.407	576.8
349.805	566
350.203	566
350.601	580.8
350.999	565.2
351.397	612.6
351.795	567.8
352.193	578.4
352.57	566.4
352.969	572.6
353.367	563.4
353.766	560.4
354.164	567.2
354.563	576.4
354.961	567.6
355.36	559.4
355.759	565.6
356.158	557.2
356.557	558
356.956	551.2
357.355	551.8
357.754	564.6
358.153	569.8
358.552	589.8
358.951	557.8
359.35	569.2
359.75	562.6
360.149	559
360.527	554.4
360.926	545.6
361.326	559.8
361.726	566.6
362.125	558.2
362.525	567.4
362.925	558.6
363.325	559.8
363.724	572.4
364.124	554.4
364.524	562
364.924	551.2
365.324	564.6
365.725	554.4
366.125	559
366.525	567.4
366.904	551.2
367.304	546.8
367.705	574.6
368.105	568
368.506	563.2
368.906	553.6
369.307	559.4
369.708	561.4
370.108	545.4
370.509	568.8
370.91	548
371.311	569.8
371.712	566
372.113	558.8
372.514	554.4
372.894	557
373.295	563.6
373.696	571.8
374.097	567.4
374.499	595.4
374.9	558.4
375.301	556.6
375.703	566.8
376.105	552.6
376.506	568.2
376.908	561.6
377.309	564.2
377.711	563.6
378.113	563.8
378.493	566.8
378.895	557.4
379.297	572.2
379.699	548.2
380.102	561.8
380.504	563.6
380.906	556.2
381.308	593.8
381.71	559.8
382.113	565.4
382.515	561
382.918	565.2
383.299	561.4
383.701	572.6
384.104	565
384.507	543.8
384.909	559
385.312	547
385.715	558
386.118	566.8
386.521	551
386.924	570.8
387.327	554.4
387.709	545.4
388.112	550.6
388.515	560
388.918	553.2
389.322	560
389.725	558.4
390.129	585
390.532	559.4
390.936	563
391.339	557.2
391.743	556.6
392.125	553
392.529	575
392.933	572.6
393.337	561.4
393.74	559.2
394.144	558
394.548	553.6
394.953	553.4
395.357	560.2
395.761	553.6
396.144	564.2
396.548	557
396.952	561.6
397.357	567.6
397.761	554.4
398.166	558.4
398.57	553.6
398.975	553.6
399.379	563.8
399.763	609.4
400.168	554.4
400.572	556.4
400.977	566.4
401.382	577.6
401.787	563.2
402.192	571.2
402.597	572.6
403.002	550.4
403.386	568
403.791	583.4
404.197	552.4
404.602	550
405.007	561
405.413	558.4
405.818	560.8
406.224	556.4
406.608	562.6
407.014	554.2
407.42	574.6
407.825	556.2
408.231	572.4
408.637	563.2
409.043	576.4
409.449	560.8
409.834	554.2
410.24	559.8
410.646	575.2
411.052	571.6
411.458	562
411.865	566.4
412.271	578.4
412.677	561.4
413.062	570.8
413.469	559
413.875	586.8
414.282	573.8
414.689	569
415.095	562.4
415.502	550.4
415.888	567
416.294	548.8
416.701	594.2
417.108	558.6
417.515	567.8
417.923	558.2
418.33	578.2
418.715	564.6
419.123	553.6
419.53	553.2
419.937	559.4
420.345	567.4
420.752	557
421.16	573.8
421.546	557.6
421.953	567.8
422.361	560.2
422.769	560.2
423.177	560.2
423.585	576.4
423.992	581.6
424.379	574.4
424.787	572.6
425.195	579.4
425.603	562
426.011	570
426.419	575.8
426.806	563.8
427.214	570.2
427.623	582.2
428.031	578.4
428.44	563.2
428.848	570.8
429.235	579
429.644	568
430.053	563.4
430.461	577.8
430.87	582.2
431.279	569.2
431.666	543.4
432.075	560
432.484	568.2
432.893	556.4
433.302	578.8
433.711	595.8
434.099	566.2
434.508	559.2
434.918	558
435.327	568.6
435.737	564
436.125	563.4
436.534	566.8
436.944	556.6
437.353	564.2
437.763	583.6
438.173	547.4
438.561	567.4
438.971	551.2
439.381	563.4
439.791	564.4
440.201	543.6
440.589	564.6
440.999	569.8
441.409	562.4
441.819	555.8
442.23	561.2
442.619	561
443.029	557.4
443.439	568
443.85	562.2
444.26	572
444.649	575
445.06	562.2
445.471	567.2
445.881	563.2
446.292	579.2
446.682	577.2
447.092	550
447.503	615
447.914	569.4
448.325	556.4
448.715	555.6
449.126	554.4
449.537	550.8
449.948	564
450.338	559.4
450.75	572
451.161	558.8
451.572	571.8
451.984	546.8
452.374	546.4
452.786	557.8
453.197	557.4
453.609	560.6
453.999	546.4
454.411	549.6
454.823	563.8
455.235	555
455.647	552.4
456.037	557.4
456.449	539.6
456.862	554.2
457.274	558.6
457.665	546.4
458.077	559.2
458.489	587
458.902	546.8
459.293	562.6
459.705	559.6
460.118	544.2
460.53	549.8
460.921	558.8
461.334	550.6
461.747	547.2
462.16	571
462.551	569
462.964	560.8
463.377	543
463.79	548.2
464.182	566.2
464.595	544.2
465.008	561
465.421	558.8
465.813	547.8
466.226	562.4
466.64	547.6
467.053	591.4
467.445	572.8
467.859	572.2
468.272	557.2
468.686	569
469.078	557.8
469.492	547.4
469.906	559.6
470.298	564.2
470.712	550.2
471.126	573
471.54	542.4
471.933	543.2
472.347	547.2
472.761	547.4
473.175	538.2
473.568	552.6
473.982	541.6
474.397	551.8
474.79	549.8
475.204	564.6
475.619	553.8
476.033	548.8
476.426	556.2
476.841	549.6
477.256	577
477.649	548.2
478.064	546.2
478.479	546
478.872	546.8
479.287	541.4
479.702	551.4
480.118	548.2
480.511	549.8
480.927	553.8
481.342	548.8
481.736	550.2
482.151	544
482.566	564.8
482.96	553
483.376	559.8
483.792	540.8
484.186	551.8
484.602	549.6
485.017	553.4
485.412	551.8
485.827	557.2
486.243	558.4
486.638	576.8
487.054	561.4
487.47	572.6
487.865	550.2
488.281	554.8
488.697	553
489.092	547.4
489.508	549.8
489.925	557.2
490.32	548.2
490.736	556.4
491.153	554.4
491.548	557.8
491.964	561.8
492.381	542
492.776	556.8
493.193	557
493.61	559.8
494.006	548
494.422	563
494.84	545.4
495.235	558
495.652	556.2
496.069	552.8
496.465	549.2
496.883	543.6
497.3	581
497.696	545
498.113	559.8
498.509	537.2
498.927	537.4
499.344	542.8
499.741	541.4
500.158	556.8
500.576	557
500.973	554
501.39	541.6
501.787	546.4
502.205	557.2
502.623	545.8
503.02	538.6
503.438	536.2
503.856	544.6
504.253	553.4
504.671	550.2
505.068	546.4
505.486	537.2
505.905	562.6
506.302	559
506.72	561.8
507.118	545
507.536	551
507.955	549.2
508.352	550
508.771	556.6
509.169	558.8
509.587	545
510.006	551.8
510.404	532.8
510.823	541.8
511.221	545.4
511.64	543
512.038	555.2
512.457	550
512.877	553.2
513.275	543.8
513.694	547.8
514.092	539.6
514.512	548
514.91	553.8
515.33	544.8
515.749	548.8
516.148	546.2
516.568	554.2
516.966	544.4
517.386	543.6
517.785	540.2
518.205	536
518.603	550.8
519.024	533.2
519.444	553.6
519.843	558.4
520.263	557.6
520.662	551.2
521.082	546.4
521.481	550.6
521.902	542
522.301	549.2
522.722	551.4
523.121	554
523.542	543.4
523.963	542.4
524.362	545.8
524.783	550.2
525.183	547
525.604	553.8
526.003	547.8
526.425	543.2
526.824	550
527.246	552.6
527.646	560
528.067	546.2
528.467	544.6
528.888	555.2
529.289	542.8
529.71	545.8
530.11	554
530.532	545
530.932	541.4
531.354	533
531.755	578.8
532.176	550.8
532.577	542
532.999	549.8
533.4	542.4
533.822	555
534.223	563.8
534.645	536.8
535.046	545.8
535.468	552.8
535.869	570
536.292	540.2
536.693	575.2
537.115	551
537.516	549.6
537.939	536.4
538.34	558.2
538.742	559
539.165	547
539.566	549
539.989	544.2
540.391	541.2
540.814	547.8
541.216	548
541.639	545.4
542.041	550.2
542.464	543.8
542.866	541
543.268	535.6
543.691	559.8
544.093	551.4
544.517	570.8
544.919	537.2
545.343	561
545.745	542.2
546.147	554
546.571	539.8
546.974	545.6
547.398	554
547.8	557.2
548.224	542.8
548.627	550
549.03	548.4
549.454	541
549.857	535.6
550.281	536.2
550.684	545.2
551.087	556.2
551.512	545
551.915	552.2
552.34	547
552.743	544.2
553.146	551.4
553.571	540.6
553.975	561.8
554.399	535.6
554.803	594.8
555.207	545
555.632	535.4
556.036	556.4
556.461	544.8
556.865	540.8
557.268	541.4
557.694	540.2
558.098	554
558.502	543.6
558.927	544.4
559.332	550.2
559.736	543
560.162	553.4
560.566	544.8
560.992	547.4
561.396	538
561.801	533.8
562.227	544.2
562.631	542.6
563.036	542.4
563.462	552
563.867	542.4
564.272	532.2
564.698	547.4
565.103	539.4
565.508	553.4
565.935	548.6
566.34	541.6
566.745	564.2
567.172	551.2
567.577	563.4
567.982	553.6
568.409	550.2
568.815	547
569.22	545.2
569.626	557.4
570.053	541.4
570.459	548.4
570.865	559.4
571.292	555.6
571.698	546.2
572.104	537
572.531	543.4
572.937	561.8
573.343	546.4
573.75	540.4
574.177	543
574.583	556.2
574.99	540.6
575.396	546.4
575.824	550.2
576.231	556.6
576.637	540.6
577.065	565.4
577.472	546.2
577.879	542.2
578.286	554.2
578.714	530.2
579.121	539.8
579.528	546.6
579.935	549.4
580.364	548.6
580.771	528
581.178	544
581.585	543.4
582.014	552.2
582.421	542.2
582.829	549.4
583.236	547.6
583.644	538.4
584.073	540.8
584.481	554.8
584.889	546.8
585.296	557.8
585.726	542.6
586.134	534.2
586.542	540.4
586.95	563.2
587.358	539.8
587.787	544.2
588.196	550.2
588.604	542
589.012	545
589.421	539.2
589.851	535
590.259	551
590.668	535.2
591.076	575.2
591.485	539
591.894	543.2
592.324	557.6
592.733	556.4
593.142	538.2
593.551	550.2
593.96	576
594.369	536.4
594.8	531.6
595.209	543.2
595.618	536.2
596.028	530.4
596.437	535.4
596.847	543
597.256	545
597.687	538.8
598.097	536.6
598.507	531.2
598.917	549
599.327	544.8
599.736	547.6
600.146	556.8
600.556	549
600.988	555
601.398	539.6
601.808	553
602.219	533.4
602.629	537.6
603.039	549.2
603.45	568
603.86	548.4
604.271	557
604.703	550
605.114	545.6
605.525	552.2
605.935	549.8
606.346	565.6
606.757	551.2
607.168	540.8
607.579	533.4
607.99	550.4
608.402	537.4
608.813	550
609.224	541.6
609.636	530.8
610.047	537.6
610.48	541
610.892	544
611.303	546.4
611.715	541
612.127	529.8
612.539	536.6
612.95	543.4
613.362	525.8
613.774	537.8
614.186	535.6
614.599	535.4
615.011	544.6
615.423	540
615.835	543.4
616.248	541.2
616.66	541
617.073	529.2
617.485	540.8
617.898	553.6
618.311	541.4
618.723	536
619.136	557.8
619.549	554.8
619.962	565
620.375	544.2
620.788	546.6
621.201	538.6
621.614	552.4
622.028	550.6
622.441	549.8
622.854	554.6
623.268	535.8
623.681	543.6
624.095	543.4
624.509	546
624.922	543
625.336	535.6
625.728	537.2
626.142	553.6
626.556	557.4
626.97	543.6
627.384	536.6
627.799	538.8
628.213	554.8
628.627	541.4
629.041	533.6
629.456	539.4
629.87	544.6
630.285	558.8
630.699	551.4
631.093	539
631.507	546.6
631.922	546.4
632.337	555.8
632.752	527.6
633.167	547.8
633.582	545.2
633.997	541.4
634.412	536.2
634.806	537.4
635.221	538.8
635.637	548.4
636.052	532.8
636.468	550
636.883	556.4
637.299	536.6
637.715	530.4
638.109	545.6
638.525	533.4
638.941	558.2
639.357	548.4
639.773	548.2
640.189	542.4
640.584	534.6
641	542
641.416	531
641.832	541
642.249	536.6
642.665	549
643.06	544.6
643.477	560.4
643.894	529.6
644.31	540.4
644.727	538
645.123	543
645.54	539.2
645.957	548
646.374	551.6
646.77	535.8
647.187	567.2
647.604	537.8
648.021	528.8
648.439	536.2
648.835	545.2
649.252	537
649.67	531.6
650.088	546.4
650.484	541.4
650.902	550.8
651.32	544.8
651.738	542.2
652.134	544.4
652.552	561.8
652.971	550.4
653.389	541.2
653.786	553.4
654.204	559.6
654.622	538.8
655.019	540
655.438	540.6
655.857	542.4
656.275	532.2
656.673	540.4
657.091	550
657.51	535.4
657.908	548.6
658.327	545.2
658.746	537.8
659.144	545
659.563	553
659.982	541
660.38	531
660.8	541.6
661.219	542.6
661.617	554.4
662.037	538.6
662.457	547
662.855	529
663.275	571.6
663.695	540.8
664.094	540.4
664.514	535.6
664.934	533.4
665.333	544.6
665.753	534.2
666.152	531.6
666.572	538.2
666.993	546
667.392	535.2
667.812	539.6
668.212	545
668.632	551.8
669.053	537
669.453	538.4
669.874	544.8
670.273	535.4
670.694	532.4
671.116	552.2
671.515	549
671.937	537.6
672.337	541.4
672.758	532.4
673.158	544.4
673.58	530.8
673.98	539.8
674.402	551
674.824	534
675.224	536
675.646	531
676.047	535.6
676.469	540.6
676.869	546.4
677.292	539.6
677.693	533.4
678.115	535.6
678.516	542.4
678.939	541
679.34	534.6
679.762	549.8
680.164	543.6
680.586	536.4
680.988	538
681.411	559.8
681.812	539.8
682.236	538.2
682.637	537.4
683.061	531.8
683.462	538
683.864	533.6
684.288	544.8
684.69	532
685.114	543
685.516	552.2
685.94	537
686.342	546.4
686.766	537.2
687.168	537
687.571	554.6
687.995	536.2
688.398	531.4
688.822	542
689.225	562.4
689.628	555.8
690.052	538.4
690.456	547
690.88	537.6
691.284	525.8
691.687	539
692.112	524
692.515	526
692.919	540
693.344	533.4
693.747	537.8
694.173	532.6
694.577	550.2
694.98	536.8
695.406	541.6
695.81	539.8
696.214	535.8
696.64	538
697.044	544.4
697.448	542.4
697.874	540
698.279	536.6
698.684	530.6
699.11	530
699.514	530
699.919	530.4
700.324	527.2
700.75	539.2
701.156	537.6
701.561	546
701.987	541.4
702.393	547.8
702.798	544
703.203	546
703.63	532.2
704.036	531.4
704.442	540.8
704.847	531.2
705.274	531.4
705.68	532
706.086	546
706.492	525.8
706.92	533.2
707.326	551.2
707.732	529.8
708.139	531.8
708.545	525.8
708.973	529.2
709.38	535.4
709.786	527.2
710.193	553.2
710.6	538.2
711.028	534.6
711.435	542.2
711.842	530.6
712.249	533.4
712.656	536.8
713.064	549.4
713.492	540.6
713.9	539.6
714.307	532.6
714.715	540.8
715.123	545.6
715.53	548.8
715.938	542.6
716.367	547.2
716.775	532.4
717.184	531.6
717.592	534
718	541.2
718.408	569.2
718.816	566.4
719.225	547.4
719.633	535.2
720.042	525.8
720.472	534
720.881	558.8
721.29	539.4
721.699	529
722.108	538.4
722.517	536.2
722.926	527.4
723.335	547.2
723.744	535.8
724.154	541.4
724.563	540.2
724.973	541.8
725.382	537.4
725.792	531.2
726.202	531
726.612	558
727.022	535
727.432	539.8
779.813	532.6
780.223	582
780.634	541
781.044	524.8
781.454	533.8
781.865	550.6
782.276	531.4
782.686	544.4
783.097	530.8
783.508	532.8
783.919	543.4
784.33	546
784.741	545.4
785.152	533.4
785.563	520.8
785.974	537.8
786.386	541.6
786.776	532.6
787.188	538
787.599	532.8
788.011	543.6
788.423	536.4
788.835	531.8
789.247	524.8
789.659	530.8
790.071	528
790.483	573.4
790.874	525.2
791.286	540.8
791.699	526.8
792.111	533.4
792.524	529.4
792.937	534.8
793.349	523.8
793.741	531.4
794.154	529.2
794.567	549.8
794.98	526.6
795.393	524
795.785	538.4
796.198	527
796.612	536.8
797.026	527
797.439	517.2
797.831	534.6
798.245	520.2
798.659	530.4
799.073	527.4
799.487	535.2
799.88	526
800.294	531
800.708	547.2
801.123	543.2
801.516	540.8
801.93	523.8
802.345	518.4
802.76	529.6
803.153	548.2
803.568	541.2
803.983	544.8
804.377	539.6
804.792	528.2
805.207	527.4
805.601	530
806.016	570.2
806.432	533
806.826	565.2
807.242	552.8
807.658	537
808.052	527
808.468	529.4
808.884	535.2
809.279	537
809.695	549.2
810.111	548.4
810.506	544.2
810.922	553.8
811.339	531.2
811.734	544.4
812.151	537.8
812.546	532.6
812.963	526.8
813.38	535
813.776	534.8
814.193	557
814.589	529
815.006	533
815.402	529.2
815.82	527.4
816.237	535.2
816.633	542.6
817.051	532.6
817.448	542.6
817.866	530.6
818.262	552.2
818.68	531.8
819.077	534.6
819.495	539.6
819.892	570.8
820.311	527.8
820.708	533
821.127	521.8
821.524	539
821.943	538.4
822.34	544.2
822.759	534.8
823.157	533.6
823.576	545.8
823.974	541.2
824.393	555.4
824.791	535.6
825.189	523.6
825.609	533
826.007	532.8
826.427	521.4
826.826	529.6
827.246	534.8
827.644	529.2
828.043	546.4
828.463	538
828.862	541.2
829.261	543.4
829.682	523
830.081	540.6
830.502	525.8
830.901	534.2
831.301	548.2
831.722	528
832.121	531.2
832.521	523.8
832.943	529
833.342	528.2
833.742	524.6
834.164	536.2
834.564	527.4
834.965	534
835.386	525.4
835.787	529.6
836.188	525.2
836.588	532.4
837.01	534.4
837.411	525.2
837.812	542.2
838.213	540.4
838.636	530.2
839.037	592.4
839.438	531.2
839.84	537.8
840.263	539
840.664	539.8
841.066	531.4
841.468	533.2
841.891	524.6
842.293	539.2
842.695	542.8
843.098	545.6
843.5	532.4
843.902	530.8
844.326	538.4
844.729	535.4
845.131	541.6
845.534	533
845.937	543.4
846.34	546.4
846.764	527.2
847.167	539.8
847.571	523.2
847.974	541.2
848.377	525.4
848.781	580
849.184	541.8
849.588	529.6
849.992	530.2
850.396	529
850.821	551
851.225	537.6
851.63	525.6
852.034	549.4
852.438	529
852.843	609.6
853.247	528.4
853.652	531.4
854.057	545.4
854.462	530.8
854.867	532.6
855.272	552
855.677	533.4
856.082	527.6
856.487	516.2
856.893	538.2
857.298	524.4
857.704	528
858.11	529.6
858.516	536.6
858.922	536.2
859.328	533.4
859.734	529.2
860.14	537.8
860.525	528.8
860.931	519.8
861.338	521.8
861.745	538.4
862.151	539
862.558	530.8
862.965	528
863.372	529.4
863.779	523.2
864.186	550.2
864.572	537
864.98	549
865.387	566.8
865.795	534.4
866.203	536.4
866.61	518.8
867.018	534.8
867.405	536
867.813	531.4
868.221	533.4
868.63	521.4
869.038	532.8
869.425	559.4
869.834	531.6
870.243	529.6
870.652	521.6
871.039	531
871.448	535.2
871.857	538.2
872.266	535.6
872.654	534.8
873.064	535.2
873.473	543.2
873.883	529.2
874.271	521.8
874.681	547.2
875.091	518
875.48	536.8
875.89	549.4
876.3	527.6
876.689	523.4
877.1	529
877.51	530.6
877.9	555.6
878.31	529.4
878.721	559.2
879.111	653.4
879.522	531
879.933	525.8
880.323	523.8
880.734	536.4
881.125	536
881.536	522.6
881.948	520.2
882.338	527.6
882.75	535.4
883.141	527.2
883.553	539
883.944	553
884.356	534.6
884.769	528.2
885.16	533.2
885.573	535.8
885.964	523.6
886.377	527.8
886.768	516
887.181	533
887.573	518.6
887.987	533.2
888.378	541.4
888.792	537.2
889.184	566.2
889.598	524.4
889.99	528.6
890.383	525.8
890.797	522.2
891.19	533.8
891.604	526.8
891.997	527.8
892.411	527.6
892.805	518.8
893.198	527.4
893.613	523.2
894.006	527.6
894.421	524
894.815	532.6
895.209	527.8
895.624	562
896.018	548.8
896.412	527.8
896.828	529.8
897.222	543.2
897.617	517
898.033	548.6
898.427	530.4
898.822	523
899.239	521.8
899.634	515.4
900.029	544
900.424	513.8
900.841	517.8
901.236	540
901.632	538.2
902.027	576.8
902.445	543.6
902.841	531.6
903.237	531.2
903.633	544.2
904.05	535.6
904.447	532.4
904.843	534.4
905.24	530.4
905.636	522.6
906.033	527.8
906.451	543.8
906.848	527.2
907.246	516.8
907.643	529.8
908.04	537.8
908.438	539.8
908.835	534.2
909.254	532.8
909.652	533.6
910.05	529
910.448	523
910.846	528.4
911.244	520.2
911.643	537.8
912.041	524
912.44	538
912.839	529.4
913.237	529.8
913.636	520.6
914.035	540
914.434	527.4
914.834	536.8
915.233	535.2
915.633	526.2
916.032	525.4
916.432	525.6
916.832	539.4
917.232	529.2
917.632	517.2
918.032	528.2
918.432	533.6
918.833	530.8
919.233	527.6
919.634	525.2
920.035	531.6
920.436	526.6
920.837	534.8
921.238	530.8
921.639	524.6
922.019	526
922.42	529
922.822	530.2
923.224	534.8
923.625	531.2
924.027	525.2
924.429	552.2
924.81	539.4
925.212	540.6
925.615	531.4
926.017	535.2
926.42	539
926.801	535.8
927.204	527.6
927.607	534.8
928.01	529.2
928.413	526.4
928.795	518.4
929.199	521
929.602	528.8
930.006	525
930.388	517.8
930.792	536
931.196	534.6
931.579	559.8
931.983	525.8
932.388	571.8
932.771	518.8
933.176	518.4
933.58	533.8
933.964	538.4
934.369	517.2
934.774	531
935.158	532.4
935.563	526.4
935.947	534.8
936.353	525.2
936.759	531.6
937.143	531.8
937.549	521.6
937.934	540.6
938.34	539.8
938.746	514.2
939.131	526.8
939.538	524.2
939.923	536.2
940.33	520.6
940.716	530.6
941.123	528.4
941.508	537.4
941.916	541.8
942.302	538.6
942.709	519.4
943.096	518.8
943.503	531.8
943.89	524.4
944.298	524.4
944.685	552.6
945.072	527.2
945.48	546.8
945.867	523.2
946.276	523.4
946.663	545
947.051	536.6
947.46	542.6
947.848	531.2
948.257	523.2
948.645	525.4
949.033	523.4
949.443	517.4
949.831	557.2
950.22	516
950.63	533.8
951.018	552.6
951.407	529
951.796	506.8
952.207	529.4
952.596	525.8
952.985	521.4
953.375	575.4
953.786	533
954.176	514.8
954.566	533.2
954.956	524
955.367	524
955.758	537
956.148	514.8
956.539	530.2
956.929	515.2
957.341	517.4
957.732	522.4
958.123	527
958.515	531
958.906	536.2
959.297	522.4
959.689	531
960.102	523.4
960.494	523.2
960.886	521.8
961.278	527.8
961.67	538.8
962.062	560.2
962.455	537.2
962.847	517.6
963.24	518.6
963.633	524.6
964.026	516.4
964.419	519.6
964.812	537
965.206	519.8
965.599	525.2
965.993	524.4
966.386	524
966.78	541
967.174	537.8
967.569	516.2
967.963	522.8
968.357	519.8
968.752	521.4
969.146	527.4
969.541	520.4
969.936	519
970.331	524.6
970.705	532.8
971.1	524.6
971.496	530.2
971.892	521.6
972.287	527.2
972.683	527
973.079	529.8
973.454	540
973.85	533.4
974.247	534.8
974.643	545
975.04	528.4
975.415	524.8
975.812	519.8
976.209	528
976.607	516.4
976.982	540
977.38	544
977.778	523.8
978.175	520.8
978.552	525.6
978.95	530.6
979.348	533.6
979.725	570
980.123	525.8
980.522	524.4
980.899	522.8
981.298	525.8
981.697	515.4
982.075	518.6
982.474	530.8
982.852	523
983.251	532.2
983.651	528
984.029	532.8
984.429	529
984.808	515.6
985.208	521.6
985.609	517
985.987	510.4
986.388	513.4
986.768	528.6
987.168	521.8
987.548	528
987.949	525.4
988.329	530
988.731	522.4
989.111	530.2
989.491	520
989.893	519.8
990.273	525
990.676	522
991.057	516.2
991.459	529.8
991.84	524.6
992.221	515.2
992.624	541.8
993.006	531.2
993.388	527.6
993.791	534
994.173	532.8
994.576	553
994.959	521
995.341	523
995.724	526.2
996.128	528
996.511	530
996.894	519.6
997.298	526.2
997.681	533
998.065	533.8
998.448	520.8
998.854	537
999.237	516.8
999.621	530.8
1000.01	542.2
1000.39	527
1000.8	531.2
1001.18	530.8
1001.56	530.8
1001.95	530.6
1002.33	528.2
1002.72	525.6
1003.13	516.2
1003.51	521.6
1003.9	523.8
1004.28	542
1004.67	518
1005.06	525.4
1005.44	552.4
1005.83	517
1006.21	528
1006.6	529
1006.99	532.4
1007.37	539.6
1007.76	534.4
1060.12	529.4
1060.51	519.6
1060.89	525.8
1061.28	538.8
1061.67	537.4
1062.06	536.8
1062.45	526.2
1062.83	525
1063.22	535.6
1063.61	560.6
1064	546.8
1064.39	521.8
1064.78	520.6
1065.14	541.4
1065.53	529.8
1065.92	525
1066.31	518.6
1066.7	525.6
1067.09	533.8
1067.46	532.2
1067.85	525.6
1068.24	525.2
1068.63	532.8
1069.02	519.8
1069.39	527.4
1069.78	521
1070.17	531.4
1070.57	521.8
1070.93	525.8
1071.33	520
1071.72	529.2
1072.11	510.4
1072.48	517.4
1072.87	531.8
1073.26	523.4
1073.64	518.8
1074.03	515
1074.4	522
1074.79	521.2
1075.19	525.2
1075.56	520.4
1075.95	530.4
1076.34	519
1076.72	521.2
1077.11	528.8
1077.48	540.6
1077.88	510.4
1078.25	524.6
1078.64	527.6
1079.02	529.4
1079.41	524.4
1079.78	526
1080.18	521.6
1080.55	581.8
1080.95	516.6
1081.32	522.2
1081.72	522.2
1082.09	524.4
1082.49	522
1082.86	538
1083.24	514
1083.63	513.8
1084.01	522.8
1084.38	534.6
1084.78	524.6
1085.16	527.6
1085.55	537.2
1085.93	535.6
1086.31	522.8
1086.7	559.4
1087.08	528.8
1087.46	523
1087.83	524
1088.23	531.6
1088.61	526
1088.99	525.2
1089.36	527
1089.76	518.2
1090.14	521.8
1090.52	522.8
1090.9	521.2
1091.27	530.2
1091.67	550
1092.05	523.2
1092.43	521
1092.81	533.2
1093.19	524.8
1093.57	522.2
1093.95	518.2
1094.35	528.6
1094.73	531.8
1095.11	519
1095.49	512.6
1095.87	515
1096.25	534.4
1096.63	537.2
1097.01	523.6
1097.39	525.6
1097.77	521
1098.15	517.4
1098.53	523.6
1098.91	521
1099.29	522.2
1099.68	535.4
1100.06	530.8
1100.44	521.6
1100.82	529.2
1101.18	527.8
1101.56	525.4
1101.95	521.2
1102.33	520
1102.71	526.8
1103.1	517.4
1103.48	517.2
1103.86	512.2
1104.22	528
1104.61	527.2
1104.99	522.4
1105.38	513
1105.76	530.4
1106.12	520.4
1106.51	553.8
1106.89	526
1107.26	529.8
1107.64	534.8
1108.03	514.8
1108.41	520.2
1108.78	526.2
1109.16	523.2
1109.55	535
1109.91	515.6
1110.3	516.4
1110.69	531
1111.05	527.4
1111.44	528.6
1111.8	521
1112.19	524.8
1112.58	524.8
1112.94	525.8
1113.33	521.4
1113.7	513.6
1114.09	512
1114.45	516.2
1114.84	521.2
1115.21	526.8
1115.6	522
1115.96	519
1116.35	530.2
1116.72	524.8
1117.11	531.8
1117.48	516.8
1117.85	522.6
1118.24	531.8
1118.6	528.6
1118.99	516.8
1119.36	527.6
1119.73	520.8
1120.12	530.8
1120.49	519.6
1120.86	530.2
1121.25	519.8
1121.62	512.2
1121.99	518.6
1122.38	532.8
1122.76	521.8
1123.13	510
1123.5	525.2
1123.89	523.4
1124.26	512.4
1124.63	523.6
1125	520.4
1125.4	519.8
1125.77	517.4
1126.14	514.2
1126.51	517.6
1126.88	522
1127.26	510.6
1127.63	502.8
1128.02	524.8
1128.4	521.2
1128.77	520.2
1129.14	517.8
1129.52	524.2
1129.89	527.2
1130.26	518.2
1130.64	517.6
1131.01	522.4
